,med,med,med,med,med,med,med,med,med,med,med,med,med,params,params,params,params,params,params,params,game,game,med_freqs,med_freqs,med_freqs,med_freqs,med_freqs,med_freqs,med_freqs,med_freqs,med_freqs,med_freqs,med_freqs,med_freqs,med_freqs,agents,agents,agents,net,net,net,net,meta
,NO_MED,GOOD_MED,BAD_MED,RANDOM_MED,FAIR_MED,GOOD_MED_X,BAD_MED_X,RANDOM_MED_X,FAIR_MED_X,GOOD_MED_LOCAL,BAD_MED_LOCAL,RANDOM_MED_LOCAL,FAIR_MED_LOCAL,W1,W2,N,episode_n,beta,k,endOnStratConverge,t,s,NO_MED,GOOD_MED,BAD_MED,RANDOM_MED,FAIR_MED,GOOD_MED_X,BAD_MED_X,RANDOM_MED_X,FAIR_MED_X,GOOD_MED_LOCAL,BAD_MED_LOCAL,RANDOM_MED_LOCAL,FAIR_MED_LOCAL,coop_freq,payoff_mean,payoff_var,heterogeneity,k_max,rewire_n,stop_n,timestamp
0,0.0,0.0,0.0,0.0,1,0.0,0.0,0.0,0.0,0.0,0.0,0.0,0.0,0.5,0.0,500,400000,0.004999999888241291,30,True,0.0,-1.0,0.0,0.0,0.0,0.0,1.0,0.0,0.0,0.0,0.0,0.0,0.0,0.0,0.0,0.0,0.0,0.0,48.960000000000036,52,28140,115000,jul-17-2021_1434
1,0.0,0.0,0.0,0.0,1,0.0,0.0,0.0,0.0,0.0,0.0,0.0,0.0,0.5,0.0,500,400000,0.004999999888241291,30,True,0.0,-0.6666666865348816,0.0,0.0,0.0,0.0,1.0,0.0,0.0,0.0,0.0,0.0,0.0,0.0,0.0,1.0,30.0,13.076,13.076000000000022,40,3379,90000,jul-17-2021_1434
2,0.0,0.0,0.0,0.0,1,0.0,0.0,0.0,0.0,0.0,0.0,0.0,0.0,0.5,0.0,500,400000,0.004999999888241291,30,True,0.0,-0.3333333432674408,0.0,0.0,0.0,0.0,1.0,0.0,0.0,0.0,0.0,0.0,0.0,0.0,0.0,1.0,30.0,16.164,16.163999999999987,45,4135,90000,jul-17-2021_1434
3,0.0,0.0,0.0,0.0,1,0.0,0.0,0.0,0.0,0.0,0.0,0.0,0.0,0.5,0.0,500,400000,0.004999999888241291,30,True,0.0,0.0,0.0,0.0,0.0,0.0,1.0,0.0,0.0,0.0,0.0,0.0,0.0,0.0,0.0,1.0,30.0,15.708,15.70799999999997,43,4120,115000,jul-17-2021_1434
4,0.0,0.0,0.0,0.0,1,0.0,0.0,0.0,0.0,0.0,0.0,0.0,0.0,0.5,0.0,500,400000,0.004999999888241291,30,True,0.0,0.3333333432674408,0.0,0.0,0.0,0.0,1.0,0.0,0.0,0.0,0.0,0.0,0.0,0.0,0.0,1.0,30.0,9.456,9.456000000000017,39,2166,60000,jul-17-2021_1434
5,0.0,0.0,0.0,0.0,1,0.0,0.0,0.0,0.0,0.0,0.0,0.0,0.0,0.5,0.0,500,400000,0.004999999888241291,30,True,0.0,0.6666666865348816,0.0,0.0,0.0,0.0,1.0,0.0,0.0,0.0,0.0,0.0,0.0,0.0,0.0,1.0,30.0,9.944,9.94399999999996,41,2258,90000,jul-17-2021_1434
6,0.0,0.0,0.0,0.0,1,0.0,0.0,0.0,0.0,0.0,0.0,0.0,0.0,0.5,0.0,500,400000,0.004999999888241291,30,True,0.0,1.0,0.0,0.0,0.0,0.0,1.0,0.0,0.0,0.0,0.0,0.0,0.0,0.0,0.0,1.0,30.0,11.604,11.604000000000042,40,2642,70000,jul-17-2021_1434
7,0.0,0.0,0.0,0.0,1,0.0,0.0,0.0,0.0,0.0,0.0,0.0,0.0,0.5,0.0,500,400000,0.004999999888241291,30,True,0.3333333432674408,-1.0,0.0,0.0,0.0,0.0,1.0,0.0,0.0,0.0,0.0,0.0,0.0,0.0,0.0,0.0,0.0,0.0,56.567999999999984,58,56065,250000,jul-17-2021_1434
8,0.0,0.0,0.0,0.0,1,0.0,0.0,0.0,0.0,0.0,0.0,0.0,0.0,0.5,0.0,500,400000,0.004999999888241291,30,True,0.3333333432674408,-0.6666666865348816,0.0,0.0,0.0,0.0,1.0,0.0,0.0,0.0,0.0,0.0,0.0,0.0,0.0,1.0,30.0,11.824,11.823999999999955,39,2800,75000,jul-17-2021_1435
9,0.0,0.0,0.0,0.0,1,0.0,0.0,0.0,0.0,0.0,0.0,0.0,0.0,0.5,0.0,500,400000,0.004999999888241291,30,True,0.3333333432674408,-0.3333333432674408,0.0,0.0,0.0,0.0,1.0,0.0,0.0,0.0,0.0,0.0,0.0,0.0,0.0,1.0,30.0,40.072,40.072,52,16628,170000,jul-17-2021_1435
10,0.0,0.0,0.0,0.0,1,0.0,0.0,0.0,0.0,0.0,0.0,0.0,0.0,0.5,0.0,500,400000,0.004999999888241291,30,True,0.3333333432674408,0.0,0.0,0.0,0.0,0.0,1.0,0.0,0.0,0.0,0.0,0.0,0.0,0.0,0.0,1.0,30.0,28.744,28.744000000000028,46,9980,110000,jul-17-2021_1435
11,0.0,0.0,0.0,0.0,1,0.0,0.0,0.0,0.0,0.0,0.0,0.0,0.0,0.5,0.0,500,400000,0.004999999888241291,30,True,0.3333333432674408,0.3333333432674408,0.0,0.0,0.0,0.0,1.0,0.0,0.0,0.0,0.0,0.0,0.0,0.0,0.0,1.0,30.0,15.148,15.148000000000025,40,3668,95000,jul-17-2021_1435
12,0.0,0.0,0.0,0.0,1,0.0,0.0,0.0,0.0,0.0,0.0,0.0,0.0,0.5,0.0,500,400000,0.004999999888241291,30,True,0.3333333432674408,0.6666666865348816,0.0,0.0,0.0,0.0,1.0,0.0,0.0,0.0,0.0,0.0,0.0,0.0,0.0,1.0,30.0,17.412,17.412000000000035,42,4349,100000,jul-17-2021_1435
13,0.0,0.0,0.0,0.0,1,0.0,0.0,0.0,0.0,0.0,0.0,0.0,0.0,0.5,0.0,500,400000,0.004999999888241291,30,True,0.3333333432674408,1.0,0.0,0.0,0.0,0.0,1.0,0.0,0.0,0.0,0.0,0.0,0.0,0.0,0.0,1.0,30.0,13.5,13.5,42,3079,90000,jul-17-2021_1435
14,0.0,0.0,0.0,0.0,1,0.0,0.0,0.0,0.0,0.0,0.0,0.0,0.0,0.5,0.0,500,400000,0.004999999888241291,30,True,0.6666666865348816,-1.0,0.0,0.0,0.0,0.0,1.0,0.0,0.0,0.0,0.0,0.0,0.0,0.0,0.0,0.0,0.0,0.0,49.936000000000035,58,35161,185000,jul-17-2021_1435
15,0.0,0.0,0.0,0.0,1,0.0,0.0,0.0,0.0,0.0,0.0,0.0,0.0,0.5,0.0,500,400000,0.004999999888241291,30,True,0.6666666865348816,-0.6666666865348816,0.0,0.0,0.0,0.0,1.0,0.0,0.0,0.0,0.0,0.0,0.0,0.0,0.0,1.0,30.0,32.04,32.039999999999964,45,15653,255000,jul-17-2021_1435
16,0.0,0.0,0.0,0.0,1,0.0,0.0,0.0,0.0,0.0,0.0,0.0,0.0,0.5,0.0,500,400000,0.004999999888241291,30,True,0.6666666865348816,-0.3333333432674408,0.0,0.0,0.0,0.0,1.0,0.0,0.0,0.0,0.0,0.0,0.0,0.0,0.0,1.0,30.0,28.62,28.620000000000005,55,10941,330000,jul-17-2021_1435
17,0.0,0.0,0.0,0.0,1,0.0,0.0,0.0,0.0,0.0,0.0,0.0,0.0,0.5,0.0,500,400000,0.004999999888241291,30,True,0.6666666865348816,0.0,0.0,0.0,0.0,0.0,1.0,0.0,0.0,0.0,0.0,0.0,0.0,0.0,0.0,1.0,30.0,21.576,21.576000000000022,48,5757,110000,jul-17-2021_1435
18,0.0,0.0,0.0,0.0,1,0.0,0.0,0.0,0.0,0.0,0.0,0.0,0.0,0.5,0.0,500,400000,0.004999999888241291,30,True,0.6666666865348816,0.3333333432674408,0.0,0.0,0.0,0.0,1.0,0.0,0.0,0.0,0.0,0.0,0.0,0.0,0.0,1.0,30.0,14.58,14.580000000000041,40,3965,85000,jul-17-2021_1435
19,0.0,0.0,0.0,0.0,1,0.0,0.0,0.0,0.0,0.0,0.0,0.0,0.0,0.5,0.0,500,400000,0.004999999888241291,30,True,0.6666666865348816,0.6666666865348816,0.0,0.0,0.0,0.0,1.0,0.0,0.0,0.0,0.0,0.0,0.0,0.0,0.0,1.0,30.0,11.7,11.700000000000045,38,2847,70000,jul-17-2021_1435
20,0.0,0.0,0.0,0.0,1,0.0,0.0,0.0,0.0,0.0,0.0,0.0,0.0,0.5,0.0,500,400000,0.004999999888241291,30,True,0.6666666865348816,1.0,0.0,0.0,0.0,0.0,1.0,0.0,0.0,0.0,0.0,0.0,0.0,0.0,0.0,1.0,30.0,18.792,18.79200000000003,41,4579,115000,jul-17-2021_1435
21,0.0,0.0,0.0,0.0,1,0.0,0.0,0.0,0.0,0.0,0.0,0.0,0.0,0.5,0.0,500,400000,0.004999999888241291,30,True,1.0,-1.0,0.0,0.0,0.0,0.0,1.0,0.0,0.0,0.0,0.0,0.0,0.0,0.0,0.0,0.0,0.0,0.0,50.15999999999997,52,28578,130000,jul-17-2021_1435
22,0.0,0.0,0.0,0.0,1,0.0,0.0,0.0,0.0,0.0,0.0,0.0,0.0,0.5,0.0,500,400000,0.004999999888241291,30,True,1.0,-0.6666666865348816,0.0,0.0,0.0,0.0,1.0,0.0,0.0,0.0,0.0,0.0,0.0,0.0,0.0,1.0,30.0,44.208,44.20799999999997,51,23288,250000,jul-17-2021_1435
23,0.0,0.0,0.0,0.0,1,0.0,0.0,0.0,0.0,0.0,0.0,0.0,0.0,0.5,0.0,500,400000,0.004999999888241291,30,True,1.0,-0.3333333432674408,0.0,0.0,0.0,0.0,1.0,0.0,0.0,0.0,0.0,0.0,0.0,0.0,0.0,1.0,30.0,38.516,38.51599999999996,49,17284,360000,jul-17-2021_1435
24,0.0,0.0,0.0,0.0,1,0.0,0.0,0.0,0.0,0.0,0.0,0.0,0.0,0.5,0.0,500,400000,0.004999999888241291,30,True,1.0,0.0,0.0,0.0,0.0,0.0,1.0,0.0,0.0,0.0,0.0,0.0,0.0,0.0,0.0,1.0,30.0,28.448,28.44799999999998,45,9251,160000,jul-17-2021_1435
25,0.0,0.0,0.0,0.0,1,0.0,0.0,0.0,0.0,0.0,0.0,0.0,0.0,0.5,0.0,500,400000,0.004999999888241291,30,True,1.0,0.3333333432674408,0.0,0.0,0.0,0.0,1.0,0.0,0.0,0.0,0.0,0.0,0.0,0.0,0.0,1.0,30.0,25.724,25.724000000000046,44,8187,215000,jul-17-2021_1436
26,0.0,0.0,0.0,0.0,1,0.0,0.0,0.0,0.0,0.0,0.0,0.0,0.0,0.5,0.0,500,400000,0.004999999888241291,30,True,1.0,0.6666666865348816,0.0,0.0,0.0,0.0,1.0,0.0,0.0,0.0,0.0,0.0,0.0,0.0,0.0,1.0,30.0,30.964,30.964000000000055,49,11761,140000,jul-17-2021_1436
27,0.0,0.0,0.0,0.0,1,0.0,0.0,0.0,0.0,0.0,0.0,0.0,0.0,0.5,0.0,500,400000,0.004999999888241291,30,True,1.0,1.0,0.0,0.0,0.0,0.0,1.0,0.0,0.0,0.0,0.0,0.0,0.0,0.0,0.0,1.0,30.0,14.66,14.659999999999968,43,4043,105000,jul-17-2021_1436
28,0.0,0.0,0.0,0.0,1,0.0,0.0,0.0,0.0,0.0,0.0,0.0,0.0,0.5,0.0,500,400000,0.004999999888241291,30,True,1.3333333730697632,-1.0,0.0,0.0,0.0,0.0,1.0,0.0,0.0,0.0,0.0,0.0,0.0,0.0,0.0,0.0,0.0,0.0,41.16399999999999,47,18692,80000,jul-17-2021_1436
29,0.0,0.0,0.0,0.0,1,0.0,0.0,0.0,0.0,0.0,0.0,0.0,0.0,0.5,0.0,500,400000,0.004999999888241291,30,True,1.3333333730697632,-0.6666666865348816,0.0,0.0,0.0,0.0,1.0,0.0,0.0,0.0,0.0,0.0,0.0,0.0,0.0,0.0,0.0,0.0,49.84400000000005,50,22855,100000,jul-17-2021_1436
30,0.0,0.0,0.0,0.0,1,0.0,0.0,0.0,0.0,0.0,0.0,0.0,0.0,0.5,0.0,500,400000,0.004999999888241291,30,True,1.3333333730697632,-0.3333333432674408,0.0,0.0,0.0,0.0,1.0,0.0,0.0,0.0,0.0,0.0,0.0,0.0,0.0,0.22,6.702000151455402,25.857198120799033,46.96799999999996,49,55526,399999,jul-17-2021_1436
31,0.0,0.0,0.0,0.0,1,0.0,0.0,0.0,0.0,0.0,0.0,0.0,0.0,0.5,0.0,500,400000,0.004999999888241291,30,True,1.3333333730697632,0.0,0.0,0.0,0.0,0.0,1.0,0.0,0.0,0.0,0.0,0.0,0.0,0.0,0.0,1.0,30.0,42.292,42.29200000000003,56,35872,355000,jul-17-2021_1436
32,0.0,0.0,0.0,0.0,1,0.0,0.0,0.0,0.0,0.0,0.0,0.0,0.0,0.5,0.0,500,400000,0.004999999888241291,30,True,1.3333333730697632,0.3333333432674408,0.0,0.0,0.0,0.0,1.0,0.0,0.0,0.0,0.0,0.0,0.0,0.0,0.0,1.0,30.0,34.944,34.94399999999996,51,13771,200000,jul-17-2021_1436
33,0.0,0.0,0.0,0.0,1,0.0,0.0,0.0,0.0,0.0,0.0,0.0,0.0,0.5,0.0,500,400000,0.004999999888241291,30,True,1.3333333730697632,0.6666666865348816,0.0,0.0,0.0,0.0,1.0,0.0,0.0,0.0,0.0,0.0,0.0,0.0,0.0,1.0,30.0,25.42,25.41999999999996,45,8739,175000,jul-17-2021_1436
34,0.0,0.0,0.0,0.0,1,0.0,0.0,0.0,0.0,0.0,0.0,0.0,0.0,0.5,0.0,500,400000,0.004999999888241291,30,True,1.3333333730697632,1.0,0.0,0.0,0.0,0.0,1.0,0.0,0.0,0.0,0.0,0.0,0.0,0.0,0.0,1.0,30.0,24.408,24.408000000000015,44,7519,230000,jul-17-2021_1436
35,0.0,0.0,0.0,0.0,1,0.0,0.0,0.0,0.0,0.0,0.0,0.0,0.0,0.5,0.0,500,400000,0.004999999888241291,30,True,1.6666666269302368,-1.0,0.0,0.0,0.0,0.0,1.0,0.0,0.0,0.0,0.0,0.0,0.0,0.0,0.0,0.0,0.0,0.0,42.79200000000003,50,18391,75000,jul-17-2021_1436
36,0.0,0.0,0.0,0.0,1,0.0,0.0,0.0,0.0,0.0,0.0,0.0,0.0,0.5,0.0,500,400000,0.004999999888241291,30,True,1.6666666269302368,-0.6666666865348816,0.0,0.0,0.0,0.0,1.0,0.0,0.0,0.0,0.0,0.0,0.0,0.0,0.0,0.0,0.0,0.0,40.82000000000005,49,18150,70000,jul-17-2021_1436
37,0.0,0.0,0.0,0.0,1,0.0,0.0,0.0,0.0,0.0,0.0,0.0,0.0,0.5,0.0,500,400000,0.004999999888241291,30,True,1.6666666269302368,-0.3333333432674408,0.0,0.0,0.0,0.0,1.0,0.0,0.0,0.0,0.0,0.0,0.0,0.0,0.0,0.0,0.0,0.0,52.01599999999996,52,27636,125000,jul-17-2021_1436
38,0.0,0.0,0.0,0.0,1,0.0,0.0,0.0,0.0,0.0,0.0,0.0,0.0,0.5,0.0,500,400000,0.004999999888241291,30,True,1.6666666269302368,0.0,0.0,0.0,0.0,0.0,1.0,0.0,0.0,0.0,0.0,0.0,0.0,0.0,0.0,0.292,13.073999757528306,26.960522427037276,51.68399999999997,53,62570,399999,jul-17-2021_1437
39,0.0,0.0,0.0,0.0,1,0.0,0.0,0.0,0.0,0.0,0.0,0.0,0.0,0.5,0.0,500,400000,0.004999999888241291,30,True,1.6666666269302368,0.3333333432674408,0.0,0.0,0.0,0.0,1.0,0.0,0.0,0.0,0.0,0.0,0.0,0.0,0.0,0.612,25.18799979454279,55.01931885431832,48.511999999999944,50,55623,399999,jul-17-2021_1437
40,0.0,0.0,0.0,0.0,1,0.0,0.0,0.0,0.0,0.0,0.0,0.0,0.0,0.5,0.0,500,400000,0.004999999888241291,30,True,1.6666666269302368,0.6666666865348816,0.0,0.0,0.0,0.0,1.0,0.0,0.0,0.0,0.0,0.0,0.0,0.0,0.0,0.532,25.52733319103718,40.272363209699364,42.587999999999965,49,27597,399999,jul-17-2021_1437
41,0.0,0.0,0.0,0.0,1,0.0,0.0,0.0,0.0,0.0,0.0,0.0,0.0,0.5,0.0,500,400000,0.004999999888241291,30,True,1.6666666269302368,1.0,0.0,0.0,0.0,0.0,1.0,0.0,0.0,0.0,0.0,0.0,0.0,0.0,0.0,1.0,30.0,24.412,24.412000000000035,44,7786,160000,jul-17-2021_1437
42,0.0,0.0,0.0,0.0,1,0.0,0.0,0.0,0.0,0.0,0.0,0.0,0.0,0.5,0.0,500,400000,0.004999999888241291,30,True,2.0,-1.0,0.0,0.0,0.0,0.0,1.0,0.0,0.0,0.0,0.0,0.0,0.0,0.0,0.0,0.0,0.0,0.0,49.059999999999945,48,28752,105000,jul-17-2021_1437
43,0.0,0.0,0.0,0.0,1,0.0,0.0,0.0,0.0,0.0,0.0,0.0,0.0,0.5,0.0,500,400000,0.004999999888241291,30,True,2.0,-0.6666666865348816,0.0,0.0,0.0,0.0,1.0,0.0,0.0,0.0,0.0,0.0,0.0,0.0,0.0,0.0,0.0,0.0,43.98000000000002,50,35829,150000,jul-17-2021_1437
44,0.0,0.0,0.0,0.0,1,0.0,0.0,0.0,0.0,0.0,0.0,0.0,0.0,0.5,0.0,500,400000,0.004999999888241291,30,True,2.0,-0.3333333432674408,0.0,0.0,0.0,0.0,1.0,0.0,0.0,0.0,0.0,0.0,0.0,0.0,0.0,0.0,0.0,0.0,46.65599999999995,56,22651,85000,jul-17-2021_1437
45,0.0,0.0,0.0,0.0,1,0.0,0.0,0.0,0.0,0.0,0.0,0.0,0.0,0.5,0.0,500,400000,0.004999999888241291,30,True,2.0,0.0,0.0,0.0,0.0,0.0,1.0,0.0,0.0,0.0,0.0,0.0,0.0,0.0,0.0,0.014,0.828,1.5384160000000002,48.70399999999995,59,78207,399999,jul-17-2021_1437
46,0.0,0.0,0.0,0.0,1,0.0,0.0,0.0,0.0,0.0,0.0,0.0,0.0,0.5,0.0,500,400000,0.004999999888241291,30,True,2.0,0.3333333432674408,0.0,0.0,0.0,0.0,1.0,0.0,0.0,0.0,0.0,0.0,0.0,0.0,0.0,0.076,5.058000020563602,13.347525201984277,55.083999999999946,54,65694,399999,jul-17-2021_1438
47,0.0,0.0,0.0,0.0,1,0.0,0.0,0.0,0.0,0.0,0.0,0.0,0.0,0.5,0.0,500,400000,0.004999999888241291,30,True,2.0,0.6666666865348816,0.0,0.0,0.0,0.0,1.0,0.0,0.0,0.0,0.0,0.0,0.0,0.0,0.0,0.662,30.76533345913887,72.04893097412852,43.16399999999999,50,40811,399999,jul-17-2021_1438
48,0.0,0.0,0.0,0.0,1,0.0,0.0,0.0,0.0,0.0,0.0,0.0,0.0,0.5,0.0,500,400000,0.004999999888241291,30,True,2.0,1.0,0.0,0.0,0.0,0.0,1.0,0.0,0.0,0.0,0.0,0.0,0.0,0.0,0.0,0.724,33.258,85.43143599999999,47.524,52,34486,399999,jul-17-2021_1438
49,0.0,0.0,0.0,0.0,1,0.0,0.0,0.0,0.0,0.0,0.0,0.0,0.0,0.5,0.0,500,400000,0.004999999888241291,30,True,0.0,-1.0,0.0,0.0,0.0,0.0,1.0,0.0,0.0,0.0,0.0,0.0,0.0,0.0,0.0,1.0,30.0,12.832,12.831999999999994,43,2893,70000,jul-17-2021_1438
50,0.0,0.0,0.0,0.0,1,0.0,0.0,0.0,0.0,0.0,0.0,0.0,0.0,0.5,0.0,500,400000,0.004999999888241291,30,True,0.0,-0.6666666865348816,0.0,0.0,0.0,0.0,1.0,0.0,0.0,0.0,0.0,0.0,0.0,0.0,0.0,1.0,30.0,19.432,19.432000000000016,45,4849,95000,jul-17-2021_1438
51,0.0,0.0,0.0,0.0,1,0.0,0.0,0.0,0.0,0.0,0.0,0.0,0.0,0.5,0.0,500,400000,0.004999999888241291,30,True,0.0,-0.3333333432674408,0.0,0.0,0.0,0.0,1.0,0.0,0.0,0.0,0.0,0.0,0.0,0.0,0.0,1.0,30.0,12.028,12.02800000000002,39,2496,105000,jul-17-2021_1438
52,0.0,0.0,0.0,0.0,1,0.0,0.0,0.0,0.0,0.0,0.0,0.0,0.0,0.5,0.0,500,400000,0.004999999888241291,30,True,0.0,0.0,0.0,0.0,0.0,0.0,1.0,0.0,0.0,0.0,0.0,0.0,0.0,0.0,0.0,1.0,30.0,12.116,12.115999999999985,39,2688,80000,jul-17-2021_1438
53,0.0,0.0,0.0,0.0,1,0.0,0.0,0.0,0.0,0.0,0.0,0.0,0.0,0.5,0.0,500,400000,0.004999999888241291,30,True,0.0,0.3333333432674408,0.0,0.0,0.0,0.0,1.0,0.0,0.0,0.0,0.0,0.0,0.0,0.0,0.0,1.0,30.0,8.696,8.696000000000026,39,2083,75000,jul-17-2021_1438
54,0.0,0.0,0.0,0.0,1,0.0,0.0,0.0,0.0,0.0,0.0,0.0,0.0,0.5,0.0,500,400000,0.004999999888241291,30,True,0.0,0.6666666865348816,0.0,0.0,0.0,0.0,1.0,0.0,0.0,0.0,0.0,0.0,0.0,0.0,0.0,1.0,30.0,11.1,11.100000000000023,41,2919,70000,jul-17-2021_1438
55,0.0,0.0,0.0,0.0,1,0.0,0.0,0.0,0.0,0.0,0.0,0.0,0.0,0.5,0.0,500,400000,0.004999999888241291,30,True,0.0,1.0,0.0,0.0,0.0,0.0,1.0,0.0,0.0,0.0,0.0,0.0,0.0,0.0,0.0,1.0,30.0,9.32,9.32000000000005,38,2102,60000,jul-17-2021_1438
56,0.0,0.0,0.0,0.0,1,0.0,0.0,0.0,0.0,0.0,0.0,0.0,0.0,0.5,0.0,500,400000,0.004999999888241291,30,True,0.3333333432674408,-1.0,0.0,0.0,0.0,0.0,1.0,0.0,0.0,0.0,0.0,0.0,0.0,0.0,0.0,1.0,30.0,19.396,19.395999999999958,42,4975,135000,jul-17-2021_1438
57,0.0,0.0,0.0,0.0,1,0.0,0.0,0.0,0.0,0.0,0.0,0.0,0.0,0.5,0.0,500,400000,0.004999999888241291,30,True,0.3333333432674408,-0.6666666865348816,0.0,0.0,0.0,0.0,1.0,0.0,0.0,0.0,0.0,0.0,0.0,0.0,0.0,1.0,30.0,16.6,16.600000000000023,47,4323,120000,jul-17-2021_1438
58,0.0,0.0,0.0,0.0,1,0.0,0.0,0.0,0.0,0.0,0.0,0.0,0.0,0.5,0.0,500,400000,0.004999999888241291,30,True,0.3333333432674408,-0.3333333432674408,0.0,0.0,0.0,0.0,1.0,0.0,0.0,0.0,0.0,0.0,0.0,0.0,0.0,1.0,30.0,13.752,13.751999999999953,40,3355,70000,jul-17-2021_1438
59,0.0,0.0,0.0,0.0,1,0.0,0.0,0.0,0.0,0.0,0.0,0.0,0.0,0.5,0.0,500,400000,0.004999999888241291,30,True,0.3333333432674408,0.0,0.0,0.0,0.0,0.0,1.0,0.0,0.0,0.0,0.0,0.0,0.0,0.0,0.0,1.0,30.0,23.976,23.976,47,7734,175000,jul-17-2021_1438
60,0.0,0.0,0.0,0.0,1,0.0,0.0,0.0,0.0,0.0,0.0,0.0,0.0,0.5,0.0,500,400000,0.004999999888241291,30,True,0.3333333432674408,0.3333333432674408,0.0,0.0,0.0,0.0,1.0,0.0,0.0,0.0,0.0,0.0,0.0,0.0,0.0,1.0,30.0,16.536,16.535999999999945,42,4571,120000,jul-17-2021_1438
61,0.0,0.0,0.0,0.0,1,0.0,0.0,0.0,0.0,0.0,0.0,0.0,0.0,0.5,0.0,500,400000,0.004999999888241291,30,True,0.3333333432674408,0.6666666865348816,0.0,0.0,0.0,0.0,1.0,0.0,0.0,0.0,0.0,0.0,0.0,0.0,0.0,1.0,30.0,14.284,14.283999999999992,40,3245,160000,jul-17-2021_1438
62,0.0,0.0,0.0,0.0,1,0.0,0.0,0.0,0.0,0.0,0.0,0.0,0.0,0.5,0.0,500,400000,0.004999999888241291,30,True,0.3333333432674408,1.0,0.0,0.0,0.0,0.0,1.0,0.0,0.0,0.0,0.0,0.0,0.0,0.0,0.0,1.0,30.0,14.184,14.183999999999969,39,3555,80000,jul-17-2021_1438
63,0.0,0.0,0.0,0.0,1,0.0,0.0,0.0,0.0,0.0,0.0,0.0,0.0,0.5,0.0,500,400000,0.004999999888241291,30,True,0.6666666865348816,-1.0,0.0,0.0,0.0,0.0,1.0,0.0,0.0,0.0,0.0,0.0,0.0,0.0,0.0,0.0,0.0,0.0,53.908000000000015,60,37475,170000,jul-17-2021_1438
64,0.0,0.0,0.0,0.0,1,0.0,0.0,0.0,0.0,0.0,0.0,0.0,0.0,0.5,0.0,500,400000,0.004999999888241291,30,True,0.6666666865348816,-0.6666666865348816,0.0,0.0,0.0,0.0,1.0,0.0,0.0,0.0,0.0,0.0,0.0,0.0,0.0,0.0,0.0,0.0,46.49199999999996,50,32696,120000,jul-17-2021_1439
65,0.0,0.0,0.0,0.0,1,0.0,0.0,0.0,0.0,0.0,0.0,0.0,0.0,0.5,0.0,500,400000,0.004999999888241291,30,True,0.6666666865348816,-0.3333333432674408,0.0,0.0,0.0,0.0,1.0,0.0,0.0,0.0,0.0,0.0,0.0,0.0,0.0,1.0,30.0,25.888,25.888000000000034,45,8025,205000,jul-17-2021_1439
66,0.0,0.0,0.0,0.0,1,0.0,0.0,0.0,0.0,0.0,0.0,0.0,0.0,0.5,0.0,500,400000,0.004999999888241291,30,True,0.6666666865348816,0.0,0.0,0.0,0.0,0.0,1.0,0.0,0.0,0.0,0.0,0.0,0.0,0.0,0.0,1.0,30.0,15.18,15.17999999999995,43,3729,125000,jul-17-2021_1439
67,0.0,0.0,0.0,0.0,1,0.0,0.0,0.0,0.0,0.0,0.0,0.0,0.0,0.5,0.0,500,400000,0.004999999888241291,30,True,0.6666666865348816,0.3333333432674408,0.0,0.0,0.0,0.0,1.0,0.0,0.0,0.0,0.0,0.0,0.0,0.0,0.0,1.0,30.0,26.14,26.139999999999986,50,7224,165000,jul-17-2021_1439
68,0.0,0.0,0.0,0.0,1,0.0,0.0,0.0,0.0,0.0,0.0,0.0,0.0,0.5,0.0,500,400000,0.004999999888241291,30,True,0.6666666865348816,0.6666666865348816,0.0,0.0,0.0,0.0,1.0,0.0,0.0,0.0,0.0,0.0,0.0,0.0,0.0,1.0,30.0,13.384,13.384000000000015,43,3516,95000,jul-17-2021_1439
69,0.0,0.0,0.0,0.0,1,0.0,0.0,0.0,0.0,0.0,0.0,0.0,0.0,0.5,0.0,500,400000,0.004999999888241291,30,True,0.6666666865348816,1.0,0.0,0.0,0.0,0.0,1.0,0.0,0.0,0.0,0.0,0.0,0.0,0.0,0.0,1.0,30.0,21.544,21.543999999999983,43,4903,185000,jul-17-2021_1439
70,0.0,0.0,0.0,0.0,1,0.0,0.0,0.0,0.0,0.0,0.0,0.0,0.0,0.5,0.0,500,400000,0.004999999888241291,30,True,1.0,-1.0,0.0,0.0,0.0,0.0,1.0,0.0,0.0,0.0,0.0,0.0,0.0,0.0,0.0,0.0,0.0,0.0,52.60000000000002,59,38127,255000,jul-17-2021_1439
71,0.0,0.0,0.0,0.0,1,0.0,0.0,0.0,0.0,0.0,0.0,0.0,0.0,0.5,0.0,500,400000,0.004999999888241291,30,True,1.0,-0.6666666865348816,0.0,0.0,0.0,0.0,1.0,0.0,0.0,0.0,0.0,0.0,0.0,0.0,0.0,0.788,20.704666572928428,29.807222826140247,39.01599999999996,48,20271,399999,jul-17-2021_1439
72,0.0,0.0,0.0,0.0,1,0.0,0.0,0.0,0.0,0.0,0.0,0.0,0.0,0.5,0.0,500,400000,0.004999999888241291,30,True,1.0,-0.3333333432674408,0.0,0.0,0.0,0.0,1.0,0.0,0.0,0.0,0.0,0.0,0.0,0.0,0.0,1.0,30.0,41.248,41.24800000000005,50,17799,220000,jul-17-2021_1439
73,0.0,0.0,0.0,0.0,1,0.0,0.0,0.0,0.0,0.0,0.0,0.0,0.0,0.5,0.0,500,400000,0.004999999888241291,30,True,1.0,0.0,0.0,0.0,0.0,0.0,1.0,0.0,0.0,0.0,0.0,0.0,0.0,0.0,0.0,1.0,30.0,15.624,15.624000000000024,42,4068,65000,jul-17-2021_1439
74,0.0,0.0,0.0,0.0,1,0.0,0.0,0.0,0.0,0.0,0.0,0.0,0.0,0.5,0.0,500,400000,0.004999999888241291,30,True,1.0,0.3333333432674408,0.0,0.0,0.0,0.0,1.0,0.0,0.0,0.0,0.0,0.0,0.0,0.0,0.0,1.0,30.0,28.764,28.76400000000001,46,9090,120000,jul-17-2021_1439
75,0.0,0.0,0.0,0.0,1,0.0,0.0,0.0,0.0,0.0,0.0,0.0,0.0,0.5,0.0,500,400000,0.004999999888241291,30,True,1.0,0.6666666865348816,0.0,0.0,0.0,0.0,1.0,0.0,0.0,0.0,0.0,0.0,0.0,0.0,0.0,1.0,30.0,22.048,22.048000000000002,45,6453,200000,jul-17-2021_1439
76,0.0,0.0,0.0,0.0,1,0.0,0.0,0.0,0.0,0.0,0.0,0.0,0.0,0.5,0.0,500,400000,0.004999999888241291,30,True,1.0,1.0,0.0,0.0,0.0,0.0,1.0,0.0,0.0,0.0,0.0,0.0,0.0,0.0,0.0,1.0,30.0,30.244,30.244000000000028,48,8997,210000,jul-17-2021_1439
77,0.0,0.0,0.0,0.0,1,0.0,0.0,0.0,0.0,0.0,0.0,0.0,0.0,0.5,0.0,500,400000,0.004999999888241291,30,True,1.3333333730697632,-1.0,0.0,0.0,0.0,0.0,1.0,0.0,0.0,0.0,0.0,0.0,0.0,0.0,0.0,0.0,0.0,0.0,52.39999999999998,55,23650,100000,jul-17-2021_1439
78,0.0,0.0,0.0,0.0,1,0.0,0.0,0.0,0.0,0.0,0.0,0.0,0.0,0.5,0.0,500,400000,0.004999999888241291,30,True,1.3333333730697632,-0.6666666865348816,0.0,0.0,0.0,0.0,1.0,0.0,0.0,0.0,0.0,0.0,0.0,0.0,0.0,0.0,0.0,0.0,51.412000000000035,52,83927,370000,jul-17-2021_1440
79,0.0,0.0,0.0,0.0,1,0.0,0.0,0.0,0.0,0.0,0.0,0.0,0.0,0.5,0.0,500,400000,0.004999999888241291,30,True,1.3333333730697632,-0.3333333432674408,0.0,0.0,0.0,0.0,1.0,0.0,0.0,0.0,0.0,0.0,0.0,0.0,0.0,0.0,0.0,0.0,55.27200000000005,56,72009,310000,jul-17-2021_1440
80,0.0,0.0,0.0,0.0,1,0.0,0.0,0.0,0.0,0.0,0.0,0.0,0.0,0.5,0.0,500,400000,0.004999999888241291,30,True,1.3333333730697632,0.0,0.0,0.0,0.0,0.0,1.0,0.0,0.0,0.0,0.0,0.0,0.0,0.0,0.0,0.8,25.556000183343887,40.80464440117299,40.676000000000045,51,26027,399999,jul-17-2021_1440
81,0.0,0.0,0.0,0.0,1,0.0,0.0,0.0,0.0,0.0,0.0,0.0,0.0,0.5,0.0,500,400000,0.004999999888241291,30,True,1.3333333730697632,0.3333333432674408,0.0,0.0,0.0,0.0,1.0,0.0,0.0,0.0,0.0,0.0,0.0,0.0,0.0,1.0,30.0,39.868,39.86800000000005,49,19002,290000,jul-17-2021_1440
82,0.0,0.0,0.0,0.0,1,0.0,0.0,0.0,0.0,0.0,0.0,0.0,0.0,0.5,0.0,500,400000,0.004999999888241291,30,True,1.3333333730697632,0.6666666865348816,0.0,0.0,0.0,0.0,1.0,0.0,0.0,0.0,0.0,0.0,0.0,0.0,0.0,1.0,30.0,24.94,24.940000000000055,47,6882,140000,jul-17-2021_1440
83,0.0,0.0,0.0,0.0,1,0.0,0.0,0.0,0.0,0.0,0.0,0.0,0.0,0.5,0.0,500,400000,0.004999999888241291,30,True,1.3333333730697632,1.0,0.0,0.0,0.0,0.0,1.0,0.0,0.0,0.0,0.0,0.0,0.0,0.0,0.0,1.0,30.0,42.36,42.360000000000014,52,27577,315000,jul-17-2021_1440
84,0.0,0.0,0.0,0.0,1,0.0,0.0,0.0,0.0,0.0,0.0,0.0,0.0,0.5,0.0,500,400000,0.004999999888241291,30,True,1.6666666269302368,-1.0,0.0,0.0,0.0,0.0,1.0,0.0,0.0,0.0,0.0,0.0,0.0,0.0,0.0,0.0,0.0,0.0,46.89999999999998,53,33151,140000,jul-17-2021_1440
85,0.0,0.0,0.0,0.0,1,0.0,0.0,0.0,0.0,0.0,0.0,0.0,0.0,0.5,0.0,500,400000,0.004999999888241291,30,True,1.6666666269302368,-0.6666666865348816,0.0,0.0,0.0,0.0,1.0,0.0,0.0,0.0,0.0,0.0,0.0,0.0,0.0,0.0,0.0,0.0,60.13199999999995,55,83134,325000,jul-17-2021_1441
86,0.0,0.0,0.0,0.0,1,0.0,0.0,0.0,0.0,0.0,0.0,0.0,0.0,0.5,0.0,500,400000,0.004999999888241291,30,True,1.6666666269302368,-0.3333333432674408,0.0,0.0,0.0,0.0,1.0,0.0,0.0,0.0,0.0,0.0,0.0,0.0,0.0,0.072,2.95199990016222,11.127029351564413,51.488000000000056,53,76542,399999,jul-17-2021_1441
87,0.0,0.0,0.0,0.0,1,0.0,0.0,0.0,0.0,0.0,0.0,0.0,0.0,0.5,0.0,500,400000,0.004999999888241291,30,True,1.6666666269302368,0.0,0.0,0.0,0.0,0.0,1.0,0.0,0.0,0.0,0.0,0.0,0.0,0.0,0.0,0.384,16.119999734401702,34.27715346802187,47.79200000000003,52,87367,399999,jul-17-2021_1441
88,0.0,0.0,0.0,0.0,1,0.0,0.0,0.0,0.0,0.0,0.0,0.0,0.0,0.5,0.0,500,400000,0.004999999888241291,30,True,1.6666666269302368,0.3333333432674408,0.0,0.0,0.0,0.0,1.0,0.0,0.0,0.0,0.0,0.0,0.0,0.0,0.0,0.848,29.2039998922348,65.68638039978009,46.912000000000035,50,45024,399999,jul-17-2021_1441
89,0.0,0.0,0.0,0.0,1,0.0,0.0,0.0,0.0,0.0,0.0,0.0,0.0,0.5,0.0,500,400000,0.004999999888241291,30,True,1.6666666269302368,0.6666666865348816,0.0,0.0,0.0,0.0,1.0,0.0,0.0,0.0,0.0,0.0,0.0,0.0,0.0,0.58,26.7846665276289,45.99696339317401,46.26800000000003,52,39761,399999,jul-17-2021_1441
90,0.0,0.0,0.0,0.0,1,0.0,0.0,0.0,0.0,0.0,0.0,0.0,0.0,0.5,0.0,500,400000,0.004999999888241291,30,True,1.6666666269302368,1.0,0.0,0.0,0.0,0.0,1.0,0.0,0.0,0.0,0.0,0.0,0.0,0.0,0.0,0.836,31.782666505813598,67.82387372125767,44.49599999999998,53,32819,399999,jul-17-2021_1441
91,0.0,0.0,0.0,0.0,1,0.0,0.0,0.0,0.0,0.0,0.0,0.0,0.0,0.5,0.0,500,400000,0.004999999888241291,30,True,2.0,-1.0,0.0,0.0,0.0,0.0,1.0,0.0,0.0,0.0,0.0,0.0,0.0,0.0,0.0,0.0,0.0,0.0,42.059999999999945,51,19728,90000,jul-17-2021_1442
92,0.0,0.0,0.0,0.0,1,0.0,0.0,0.0,0.0,0.0,0.0,0.0,0.0,0.5,0.0,500,400000,0.004999999888241291,30,True,2.0,-0.6666666865348816,0.0,0.0,0.0,0.0,1.0,0.0,0.0,0.0,0.0,0.0,0.0,0.0,0.0,0.0,0.0,0.0,51.37199999999996,52,38325,170000,jul-17-2021_1442
93,0.0,0.0,0.0,0.0,1,0.0,0.0,0.0,0.0,0.0,0.0,0.0,0.0,0.5,0.0,500,400000,0.004999999888241291,30,True,2.0,-0.3333333432674408,0.0,0.0,0.0,0.0,1.0,0.0,0.0,0.0,0.0,0.0,0.0,0.0,0.0,0.0,0.0,0.0,50.05200000000002,53,29975,125000,jul-17-2021_1442
94,0.0,0.0,0.0,0.0,1,0.0,0.0,0.0,0.0,0.0,0.0,0.0,0.0,0.5,0.0,500,400000,0.004999999888241291,30,True,2.0,0.0,0.0,0.0,0.0,0.0,1.0,0.0,0.0,0.0,0.0,0.0,0.0,0.0,0.0,0.0,0.0,0.0,48.0,55,21767,80000,jul-17-2021_1442
95,0.0,0.0,0.0,0.0,1,0.0,0.0,0.0,0.0,0.0,0.0,0.0,0.0,0.5,0.0,500,400000,0.004999999888241291,30,True,2.0,0.3333333432674408,0.0,0.0,0.0,0.0,1.0,0.0,0.0,0.0,0.0,0.0,0.0,0.0,0.0,0.616,27.553333399653436,88.2360439819246,51.25999999999999,50,50757,399999,jul-17-2021_1442
96,0.0,0.0,0.0,0.0,1,0.0,0.0,0.0,0.0,0.0,0.0,0.0,0.0,0.5,0.0,500,400000,0.004999999888241291,30,True,2.0,0.6666666865348816,0.0,0.0,0.0,0.0,1.0,0.0,0.0,0.0,0.0,0.0,0.0,0.0,0.0,0.418,24.3973334710598,48.72034901406695,47.82000000000005,58,54211,399999,jul-17-2021_1442
97,0.0,0.0,0.0,0.0,1,0.0,0.0,0.0,0.0,0.0,0.0,0.0,0.0,0.5,0.0,500,400000,0.004999999888241291,30,True,2.0,1.0,0.0,0.0,0.0,0.0,1.0,0.0,0.0,0.0,0.0,0.0,0.0,0.0,0.0,0.922,31.936,99.923904,45.33600000000001,51,36259,399999,jul-17-2021_1442
98,0.0,0.0,0.0,0.0,1,0.0,0.0,0.0,0.0,0.0,0.0,0.0,0.0,0.5,0.0,500,400000,0.004999999888241291,30,True,0.0,-1.0,0.0,0.0,0.0,0.0,1.0,0.0,0.0,0.0,0.0,0.0,0.0,0.0,0.0,1.0,30.0,26.712,26.71199999999999,49,7872,105000,jul-17-2021_1442
99,0.0,0.0,0.0,0.0,1,0.0,0.0,0.0,0.0,0.0,0.0,0.0,0.0,0.5,0.0,500,400000,0.004999999888241291,30,True,0.0,-0.6666666865348816,0.0,0.0,0.0,0.0,1.0,0.0,0.0,0.0,0.0,0.0,0.0,0.0,0.0,1.0,30.0,23.468,23.46799999999996,46,6621,105000,jul-17-2021_1442
100,0.0,0.0,0.0,0.0,1,0.0,0.0,0.0,0.0,0.0,0.0,0.0,0.0,0.5,0.0,500,400000,0.004999999888241291,30,True,0.0,-0.3333333432674408,0.0,0.0,0.0,0.0,1.0,0.0,0.0,0.0,0.0,0.0,0.0,0.0,0.0,1.0,30.0,14.84,14.840000000000032,40,3616,100000,jul-17-2021_1442
101,0.0,0.0,0.0,0.0,1,0.0,0.0,0.0,0.0,0.0,0.0,0.0,0.0,0.5,0.0,500,400000,0.004999999888241291,30,True,0.0,0.0,0.0,0.0,0.0,0.0,1.0,0.0,0.0,0.0,0.0,0.0,0.0,0.0,0.0,1.0,30.0,12.204,12.20399999999995,39,3072,70000,jul-17-2021_1442
102,0.0,0.0,0.0,0.0,1,0.0,0.0,0.0,0.0,0.0,0.0,0.0,0.0,0.5,0.0,500,400000,0.004999999888241291,30,True,0.0,0.3333333432674408,0.0,0.0,0.0,0.0,1.0,0.0,0.0,0.0,0.0,0.0,0.0,0.0,0.0,1.0,30.0,11.04,11.039999999999964,43,2383,95000,jul-17-2021_1442
103,0.0,0.0,0.0,0.0,1,0.0,0.0,0.0,0.0,0.0,0.0,0.0,0.0,0.5,0.0,500,400000,0.004999999888241291,30,True,0.0,0.6666666865348816,0.0,0.0,0.0,0.0,1.0,0.0,0.0,0.0,0.0,0.0,0.0,0.0,0.0,1.0,30.0,7.74,7.740000000000009,38,1782,60000,jul-17-2021_1442
104,0.0,0.0,0.0,0.0,1,0.0,0.0,0.0,0.0,0.0,0.0,0.0,0.0,0.5,0.0,500,400000,0.004999999888241291,30,True,0.0,1.0,0.0,0.0,0.0,0.0,1.0,0.0,0.0,0.0,0.0,0.0,0.0,0.0,0.0,1.0,30.0,11.028,11.02800000000002,39,2730,60000,jul-17-2021_1442
105,0.0,0.0,0.0,0.0,1,0.0,0.0,0.0,0.0,0.0,0.0,0.0,0.0,0.5,0.0,500,400000,0.004999999888241291,30,True,0.3333333432674408,-1.0,0.0,0.0,0.0,0.0,1.0,0.0,0.0,0.0,0.0,0.0,0.0,0.0,0.0,1.0,30.0,39.804,39.803999999999974,52,19448,195000,jul-17-2021_1443
106,0.0,0.0,0.0,0.0,1,0.0,0.0,0.0,0.0,0.0,0.0,0.0,0.0,0.5,0.0,500,400000,0.004999999888241291,30,True,0.3333333432674408,-0.6666666865348816,0.0,0.0,0.0,0.0,1.0,0.0,0.0,0.0,0.0,0.0,0.0,0.0,0.0,0.0,0.0,0.0,49.81200000000001,60,34874,135000,jul-17-2021_1443
107,0.0,0.0,0.0,0.0,1,0.0,0.0,0.0,0.0,0.0,0.0,0.0,0.0,0.5,0.0,500,400000,0.004999999888241291,30,True,0.3333333432674408,-0.3333333432674408,0.0,0.0,0.0,0.0,1.0,0.0,0.0,0.0,0.0,0.0,0.0,0.0,0.0,1.0,30.0,8.708,8.70799999999997,38,1944,45000,jul-17-2021_1443
108,0.0,0.0,0.0,0.0,1,0.0,0.0,0.0,0.0,0.0,0.0,0.0,0.0,0.5,0.0,500,400000,0.004999999888241291,30,True,0.3333333432674408,0.0,0.0,0.0,0.0,0.0,1.0,0.0,0.0,0.0,0.0,0.0,0.0,0.0,0.0,1.0,30.0,19.508,19.508000000000038,43,5028,150000,jul-17-2021_1443
109,0.0,0.0,0.0,0.0,1,0.0,0.0,0.0,0.0,0.0,0.0,0.0,0.0,0.5,0.0,500,400000,0.004999999888241291,30,True,0.3333333432674408,0.3333333432674408,0.0,0.0,0.0,0.0,1.0,0.0,0.0,0.0,0.0,0.0,0.0,0.0,0.0,1.0,30.0,15.048,15.048000000000002,41,4625,95000,jul-17-2021_1443
110,0.0,0.0,0.0,0.0,1,0.0,0.0,0.0,0.0,0.0,0.0,0.0,0.0,0.5,0.0,500,400000,0.004999999888241291,30,True,0.3333333432674408,0.6666666865348816,0.0,0.0,0.0,0.0,1.0,0.0,0.0,0.0,0.0,0.0,0.0,0.0,0.0,1.0,30.0,10.548,10.548000000000002,38,2492,55000,jul-17-2021_1443
111,0.0,0.0,0.0,0.0,1,0.0,0.0,0.0,0.0,0.0,0.0,0.0,0.0,0.5,0.0,500,400000,0.004999999888241291,30,True,0.3333333432674408,1.0,0.0,0.0,0.0,0.0,1.0,0.0,0.0,0.0,0.0,0.0,0.0,0.0,0.0,1.0,30.0,11.332,11.331999999999994,41,2657,130000,jul-17-2021_1443
112,0.0,0.0,0.0,0.0,1,0.0,0.0,0.0,0.0,0.0,0.0,0.0,0.0,0.5,0.0,500,400000,0.004999999888241291,30,True,0.6666666865348816,-1.0,0.0,0.0,0.0,0.0,1.0,0.0,0.0,0.0,0.0,0.0,0.0,0.0,0.0,1.0,30.0,37.868,37.86800000000005,47,14673,215000,jul-17-2021_1443
113,0.0,0.0,0.0,0.0,1,0.0,0.0,0.0,0.0,0.0,0.0,0.0,0.0,0.5,0.0,500,400000,0.004999999888241291,30,True,0.6666666865348816,-0.6666666865348816,0.0,0.0,0.0,0.0,1.0,0.0,0.0,0.0,0.0,0.0,0.0,0.0,0.0,1.0,30.0,40.996,40.99599999999998,51,21321,290000,jul-17-2021_1443
114,0.0,0.0,0.0,0.0,1,0.0,0.0,0.0,0.0,0.0,0.0,0.0,0.0,0.5,0.0,500,400000,0.004999999888241291,30,True,0.6666666865348816,-0.3333333432674408,0.0,0.0,0.0,0.0,1.0,0.0,0.0,0.0,0.0,0.0,0.0,0.0,0.0,1.0,30.0,31.104,31.104000000000042,48,11220,210000,jul-17-2021_1443
115,0.0,0.0,0.0,0.0,1,0.0,0.0,0.0,0.0,0.0,0.0,0.0,0.0,0.5,0.0,500,400000,0.004999999888241291,30,True,0.6666666865348816,0.0,0.0,0.0,0.0,0.0,1.0,0.0,0.0,0.0,0.0,0.0,0.0,0.0,0.0,1.0,30.0,25.636,25.635999999999967,49,7527,160000,jul-17-2021_1443
116,0.0,0.0,0.0,0.0,1,0.0,0.0,0.0,0.0,0.0,0.0,0.0,0.0,0.5,0.0,500,400000,0.004999999888241291,30,True,0.6666666865348816,0.3333333432674408,0.0,0.0,0.0,0.0,1.0,0.0,0.0,0.0,0.0,0.0,0.0,0.0,0.0,1.0,30.0,12.192,12.192000000000007,39,2461,65000,jul-17-2021_1443
117,0.0,0.0,0.0,0.0,1,0.0,0.0,0.0,0.0,0.0,0.0,0.0,0.0,0.5,0.0,500,400000,0.004999999888241291,30,True,0.6666666865348816,0.6666666865348816,0.0,0.0,0.0,0.0,1.0,0.0,0.0,0.0,0.0,0.0,0.0,0.0,0.0,1.0,30.0,18.456,18.456000000000017,45,4532,140000,jul-17-2021_1443
118,0.0,0.0,0.0,0.0,1,0.0,0.0,0.0,0.0,0.0,0.0,0.0,0.0,0.5,0.0,500,400000,0.004999999888241291,30,True,0.6666666865348816,1.0,0.0,0.0,0.0,0.0,1.0,0.0,0.0,0.0,0.0,0.0,0.0,0.0,0.0,1.0,30.0,16.316,16.31600000000003,41,4246,115000,jul-17-2021_1443
119,0.0,0.0,0.0,0.0,1,0.0,0.0,0.0,0.0,0.0,0.0,0.0,0.0,0.5,0.0,500,400000,0.004999999888241291,30,True,1.0,-1.0,0.0,0.0,0.0,0.0,1.0,0.0,0.0,0.0,0.0,0.0,0.0,0.0,0.0,0.0,0.0,0.0,46.48000000000002,51,23400,100000,jul-17-2021_1443
120,0.0,0.0,0.0,0.0,1,0.0,0.0,0.0,0.0,0.0,0.0,0.0,0.0,0.5,0.0,500,400000,0.004999999888241291,30,True,1.0,-0.6666666865348816,0.0,0.0,0.0,0.0,1.0,0.0,0.0,0.0,0.0,0.0,0.0,0.0,0.0,0.0,0.0,0.0,55.01999999999998,59,37049,150000,jul-17-2021_1443
121,0.0,0.0,0.0,0.0,1,0.0,0.0,0.0,0.0,0.0,0.0,0.0,0.0,0.5,0.0,500,400000,0.004999999888241291,30,True,1.0,-0.3333333432674408,0.0,0.0,0.0,0.0,1.0,0.0,0.0,0.0,0.0,0.0,0.0,0.0,0.0,0.0,0.0,0.0,50.29600000000005,60,75775,305000,jul-17-2021_1444
122,0.0,0.0,0.0,0.0,1,0.0,0.0,0.0,0.0,0.0,0.0,0.0,0.0,0.5,0.0,500,400000,0.004999999888241291,30,True,1.0,0.0,0.0,0.0,0.0,0.0,1.0,0.0,0.0,0.0,0.0,0.0,0.0,0.0,0.0,1.0,30.0,25.096,25.096000000000004,43,8367,225000,jul-17-2021_1444
123,0.0,0.0,0.0,0.0,1,0.0,0.0,0.0,0.0,0.0,0.0,0.0,0.0,0.5,0.0,500,400000,0.004999999888241291,30,True,1.0,0.3333333432674408,0.0,0.0,0.0,0.0,1.0,0.0,0.0,0.0,0.0,0.0,0.0,0.0,0.0,1.0,30.0,21.2,21.200000000000045,44,5026,110000,jul-17-2021_1444
124,0.0,0.0,0.0,0.0,1,0.0,0.0,0.0,0.0,0.0,0.0,0.0,0.0,0.5,0.0,500,400000,0.004999999888241291,30,True,1.0,0.6666666865348816,0.0,0.0,0.0,0.0,1.0,0.0,0.0,0.0,0.0,0.0,0.0,0.0,0.0,1.0,30.0,23.02,23.019999999999982,47,6589,215000,jul-17-2021_1444
125,0.0,0.0,0.0,0.0,1,0.0,0.0,0.0,0.0,0.0,0.0,0.0,0.0,0.5,0.0,500,400000,0.004999999888241291,30,True,1.0,1.0,0.0,0.0,0.0,0.0,1.0,0.0,0.0,0.0,0.0,0.0,0.0,0.0,0.0,1.0,30.0,29.588,29.587999999999965,46,8363,160000,jul-17-2021_1444
126,0.0,0.0,0.0,0.0,1,0.0,0.0,0.0,0.0,0.0,0.0,0.0,0.0,0.5,0.0,500,400000,0.004999999888241291,30,True,1.3333333730697632,-1.0,0.0,0.0,0.0,0.0,1.0,0.0,0.0,0.0,0.0,0.0,0.0,0.0,0.0,0.0,0.0,0.0,46.124000000000024,57,38171,155000,jul-17-2021_1444
127,0.0,0.0,0.0,0.0,1,0.0,0.0,0.0,0.0,0.0,0.0,0.0,0.0,0.5,0.0,500,400000,0.004999999888241291,30,True,1.3333333730697632,-0.6666666865348816,0.0,0.0,0.0,0.0,1.0,0.0,0.0,0.0,0.0,0.0,0.0,0.0,0.0,0.0,0.0,0.0,51.696000000000026,52,52199,270000,jul-17-2021_1444
128,0.0,0.0,0.0,0.0,1,0.0,0.0,0.0,0.0,0.0,0.0,0.0,0.0,0.5,0.0,500,400000,0.004999999888241291,30,True,1.3333333730697632,-0.3333333432674408,0.0,0.0,0.0,0.0,1.0,0.0,0.0,0.0,0.0,0.0,0.0,0.0,0.0,0.0,0.0,0.0,54.80799999999999,55,76792,315000,jul-17-2021_1444
129,0.0,0.0,0.0,0.0,1,0.0,0.0,0.0,0.0,0.0,0.0,0.0,0.0,0.5,0.0,500,400000,0.004999999888241291,30,True,1.3333333730697632,0.0,0.0,0.0,0.0,0.0,1.0,0.0,0.0,0.0,0.0,0.0,0.0,0.0,0.0,0.618,20.833333600759506,39.62022460065961,52.587999999999965,51,52991,399999,jul-17-2021_1444
130,0.0,0.0,0.0,0.0,1,0.0,0.0,0.0,0.0,0.0,0.0,0.0,0.0,0.5,0.0,500,400000,0.004999999888241291,30,True,1.3333333730697632,0.3333333432674408,0.0,0.0,0.0,0.0,1.0,0.0,0.0,0.0,0.0,0.0,0.0,0.0,0.0,1.0,30.0,17.812,17.812000000000012,41,4721,105000,jul-17-2021_1444
131,0.0,0.0,0.0,0.0,1,0.0,0.0,0.0,0.0,0.0,0.0,0.0,0.0,0.5,0.0,500,400000,0.004999999888241291,30,True,1.3333333730697632,0.6666666865348816,0.0,0.0,0.0,0.0,1.0,0.0,0.0,0.0,0.0,0.0,0.0,0.0,0.0,1.0,30.0,27.76,27.75999999999999,46,8964,260000,jul-17-2021_1444
132,0.0,0.0,0.0,0.0,1,0.0,0.0,0.0,0.0,0.0,0.0,0.0,0.0,0.5,0.0,500,400000,0.004999999888241291,30,True,1.3333333730697632,1.0,0.0,0.0,0.0,0.0,1.0,0.0,0.0,0.0,0.0,0.0,0.0,0.0,0.0,0.664,28.456000257968903,43.81117457872108,40.47199999999998,49,23151,399999,jul-17-2021_1445
133,0.0,0.0,0.0,0.0,1,0.0,0.0,0.0,0.0,0.0,0.0,0.0,0.0,0.5,0.0,500,400000,0.004999999888241291,30,True,1.6666666269302368,-1.0,0.0,0.0,0.0,0.0,1.0,0.0,0.0,0.0,0.0,0.0,0.0,0.0,0.0,0.0,0.0,0.0,51.960000000000036,47,40825,185000,jul-17-2021_1445
134,0.0,0.0,0.0,0.0,1,0.0,0.0,0.0,0.0,0.0,0.0,0.0,0.0,0.5,0.0,500,400000,0.004999999888241291,30,True,1.6666666269302368,-0.6666666865348816,0.0,0.0,0.0,0.0,1.0,0.0,0.0,0.0,0.0,0.0,0.0,0.0,0.0,0.0,0.0,0.0,49.75999999999999,50,36632,160000,jul-17-2021_1445
135,0.0,0.0,0.0,0.0,1,0.0,0.0,0.0,0.0,0.0,0.0,0.0,0.0,0.5,0.0,500,400000,0.004999999888241291,30,True,1.6666666269302368,-0.3333333432674408,0.0,0.0,0.0,0.0,1.0,0.0,0.0,0.0,0.0,0.0,0.0,0.0,0.0,0.0,0.0,0.0,53.460000000000036,54,66732,255000,jul-17-2021_1445
136,0.0,0.0,0.0,0.0,1,0.0,0.0,0.0,0.0,0.0,0.0,0.0,0.0,0.5,0.0,500,400000,0.004999999888241291,30,True,1.6666666269302368,0.0,0.0,0.0,0.0,0.0,1.0,0.0,0.0,0.0,0.0,0.0,0.0,0.0,0.0,0.014,0.6886666510105133,1.1192937275510366,53.36800000000005,56,84648,399999,jul-17-2021_1445
137,0.0,0.0,0.0,0.0,1,0.0,0.0,0.0,0.0,0.0,0.0,0.0,0.0,0.5,0.0,500,400000,0.004999999888241291,30,True,1.6666666269302368,0.3333333432674408,0.0,0.0,0.0,0.0,1.0,0.0,0.0,0.0,0.0,0.0,0.0,0.0,0.0,0.812,28.81999986976385,66.66759561163201,41.432000000000016,53,36415,399999,jul-17-2021_1445
138,0.0,0.0,0.0,0.0,1,0.0,0.0,0.0,0.0,0.0,0.0,0.0,0.0,0.5,0.0,500,400000,0.004999999888241291,30,True,1.6666666269302368,0.6666666865348816,0.0,0.0,0.0,0.0,1.0,0.0,0.0,0.0,0.0,0.0,0.0,0.0,0.0,0.69,29.115999876976012,55.45720728629961,43.831999999999994,48,35150,399999,jul-17-2021_1446
139,0.0,0.0,0.0,0.0,1,0.0,0.0,0.0,0.0,0.0,0.0,0.0,0.0,0.5,0.0,500,400000,0.004999999888241291,30,True,1.6666666269302368,1.0,0.0,0.0,0.0,0.0,1.0,0.0,0.0,0.0,0.0,0.0,0.0,0.0,0.0,1.0,30.0,12.476,12.475999999999999,40,3112,70000,jul-17-2021_1446
140,0.0,0.0,0.0,0.0,1,0.0,0.0,0.0,0.0,0.0,0.0,0.0,0.0,0.5,0.0,500,400000,0.004999999888241291,30,True,2.0,-1.0,0.0,0.0,0.0,0.0,1.0,0.0,0.0,0.0,0.0,0.0,0.0,0.0,0.0,0.0,0.0,0.0,47.18799999999999,53,24170,95000,jul-17-2021_1446
141,0.0,0.0,0.0,0.0,1,0.0,0.0,0.0,0.0,0.0,0.0,0.0,0.0,0.5,0.0,500,400000,0.004999999888241291,30,True,2.0,-0.6666666865348816,0.0,0.0,0.0,0.0,1.0,0.0,0.0,0.0,0.0,0.0,0.0,0.0,0.0,0.0,0.0,0.0,51.91999999999996,48,44441,240000,jul-17-2021_1446
142,0.0,0.0,0.0,0.0,1,0.0,0.0,0.0,0.0,0.0,0.0,0.0,0.0,0.5,0.0,500,400000,0.004999999888241291,30,True,2.0,-0.3333333432674408,0.0,0.0,0.0,0.0,1.0,0.0,0.0,0.0,0.0,0.0,0.0,0.0,0.0,0.0,0.0,0.0,48.360000000000014,50,42647,195000,jul-17-2021_1446
143,0.0,0.0,0.0,0.0,1,0.0,0.0,0.0,0.0,0.0,0.0,0.0,0.0,0.5,0.0,500,400000,0.004999999888241291,30,True,2.0,0.0,0.0,0.0,0.0,0.0,1.0,0.0,0.0,0.0,0.0,0.0,0.0,0.0,0.0,0.0,0.0,0.0,52.78399999999999,52,74323,340000,jul-17-2021_1446
144,0.0,0.0,0.0,0.0,1,0.0,0.0,0.0,0.0,0.0,0.0,0.0,0.0,0.5,0.0,500,400000,0.004999999888241291,30,True,2.0,0.3333333432674408,0.0,0.0,0.0,0.0,1.0,0.0,0.0,0.0,0.0,0.0,0.0,0.0,0.0,0.482,23.839333403885366,66.42374134921485,52.08000000000004,58,79427,399999,jul-17-2021_1446
145,0.0,0.0,0.0,0.0,1,0.0,0.0,0.0,0.0,0.0,0.0,0.0,0.0,0.5,0.0,500,400000,0.004999999888241291,30,True,2.0,0.6666666865348816,0.0,0.0,0.0,0.0,1.0,0.0,0.0,0.0,0.0,0.0,0.0,0.0,0.0,0.474,26.061333472847938,55.20823836405418,47.87199999999996,49,41081,399999,jul-17-2021_1446
146,0.0,0.0,0.0,0.0,1,0.0,0.0,0.0,0.0,0.0,0.0,0.0,0.0,0.5,0.0,500,400000,0.004999999888241291,30,True,2.0,1.0,0.0,0.0,0.0,0.0,1.0,0.0,0.0,0.0,0.0,0.0,0.0,0.0,0.0,0.694,33.182,81.08087599999999,44.36800000000005,51,21049,399999,jul-17-2021_1447
147,0.0,0.0,0.0,0.0,1,0.0,0.0,0.0,0.0,0.0,0.0,0.0,0.0,0.5,0.0,500,400000,0.004999999888241291,30,True,0.0,-1.0,0.0,0.0,0.0,0.0,1.0,0.0,0.0,0.0,0.0,0.0,0.0,0.0,0.0,1.0,30.0,44.488,44.488000000000056,49,22943,265000,jul-17-2021_1447
148,0.0,0.0,0.0,0.0,1,0.0,0.0,0.0,0.0,0.0,0.0,0.0,0.0,0.5,0.0,500,400000,0.004999999888241291,30,True,0.0,-0.6666666865348816,0.0,0.0,0.0,0.0,1.0,0.0,0.0,0.0,0.0,0.0,0.0,0.0,0.0,1.0,30.0,15.824,15.823999999999955,42,4365,115000,jul-17-2021_1447
149,0.0,0.0,0.0,0.0,1,0.0,0.0,0.0,0.0,0.0,0.0,0.0,0.0,0.5,0.0,500,400000,0.004999999888241291,30,True,0.0,-0.3333333432674408,0.0,0.0,0.0,0.0,1.0,0.0,0.0,0.0,0.0,0.0,0.0,0.0,0.0,1.0,30.0,17.968,17.96799999999996,42,4907,110000,jul-17-2021_1447
150,0.0,0.0,0.0,0.0,1,0.0,0.0,0.0,0.0,0.0,0.0,0.0,0.0,0.5,0.0,500,400000,0.004999999888241291,30,True,0.0,0.0,0.0,0.0,0.0,0.0,1.0,0.0,0.0,0.0,0.0,0.0,0.0,0.0,0.0,1.0,30.0,11.704,11.70399999999995,40,2673,90000,jul-17-2021_1447
151,0.0,0.0,0.0,0.0,1,0.0,0.0,0.0,0.0,0.0,0.0,0.0,0.0,0.5,0.0,500,400000,0.004999999888241291,30,True,0.0,0.3333333432674408,0.0,0.0,0.0,0.0,1.0,0.0,0.0,0.0,0.0,0.0,0.0,0.0,0.0,1.0,30.0,9.752,9.751999999999953,38,1973,60000,jul-17-2021_1447
152,0.0,0.0,0.0,0.0,1,0.0,0.0,0.0,0.0,0.0,0.0,0.0,0.0,0.5,0.0,500,400000,0.004999999888241291,30,True,0.0,0.6666666865348816,0.0,0.0,0.0,0.0,1.0,0.0,0.0,0.0,0.0,0.0,0.0,0.0,0.0,1.0,30.0,15.476,15.475999999999999,42,4002,90000,jul-17-2021_1447
153,0.0,0.0,0.0,0.0,1,0.0,0.0,0.0,0.0,0.0,0.0,0.0,0.0,0.5,0.0,500,400000,0.004999999888241291,30,True,0.0,1.0,0.0,0.0,0.0,0.0,1.0,0.0,0.0,0.0,0.0,0.0,0.0,0.0,0.0,1.0,30.0,7.648,7.648000000000025,36,1744,40000,jul-17-2021_1447
154,0.0,0.0,0.0,0.0,1,0.0,0.0,0.0,0.0,0.0,0.0,0.0,0.0,0.5,0.0,500,400000,0.004999999888241291,30,True,0.3333333432674408,-1.0,0.0,0.0,0.0,0.0,1.0,0.0,0.0,0.0,0.0,0.0,0.0,0.0,0.0,1.0,30.0,22.044,22.043999999999983,43,6062,195000,jul-17-2021_1447
155,0.0,0.0,0.0,0.0,1,0.0,0.0,0.0,0.0,0.0,0.0,0.0,0.0,0.5,0.0,500,400000,0.004999999888241291,30,True,0.3333333432674408,-0.6666666865348816,0.0,0.0,0.0,0.0,1.0,0.0,0.0,0.0,0.0,0.0,0.0,0.0,0.0,1.0,30.0,21.74,21.74000000000001,45,5919,115000,jul-17-2021_1447
156,0.0,0.0,0.0,0.0,1,0.0,0.0,0.0,0.0,0.0,0.0,0.0,0.0,0.5,0.0,500,400000,0.004999999888241291,30,True,0.3333333432674408,-0.3333333432674408,0.0,0.0,0.0,0.0,1.0,0.0,0.0,0.0,0.0,0.0,0.0,0.0,0.0,1.0,30.0,9.844,9.844000000000051,39,2341,70000,jul-17-2021_1447
157,0.0,0.0,0.0,0.0,1,0.0,0.0,0.0,0.0,0.0,0.0,0.0,0.0,0.5,0.0,500,400000,0.004999999888241291,30,True,0.3333333432674408,0.0,0.0,0.0,0.0,0.0,1.0,0.0,0.0,0.0,0.0,0.0,0.0,0.0,0.0,1.0,30.0,14.464,14.464000000000055,40,2933,80000,jul-17-2021_1447
158,0.0,0.0,0.0,0.0,1,0.0,0.0,0.0,0.0,0.0,0.0,0.0,0.0,0.5,0.0,500,400000,0.004999999888241291,30,True,0.3333333432674408,0.3333333432674408,0.0,0.0,0.0,0.0,1.0,0.0,0.0,0.0,0.0,0.0,0.0,0.0,0.0,1.0,30.0,17.452,17.451999999999998,41,5014,95000,jul-17-2021_1447
159,0.0,0.0,0.0,0.0,1,0.0,0.0,0.0,0.0,0.0,0.0,0.0,0.0,0.5,0.0,500,400000,0.004999999888241291,30,True,0.3333333432674408,0.6666666865348816,0.0,0.0,0.0,0.0,1.0,0.0,0.0,0.0,0.0,0.0,0.0,0.0,0.0,1.0,30.0,22.348,22.347999999999956,44,6296,95000,jul-17-2021_1447
160,0.0,0.0,0.0,0.0,1,0.0,0.0,0.0,0.0,0.0,0.0,0.0,0.0,0.5,0.0,500,400000,0.004999999888241291,30,True,0.3333333432674408,1.0,0.0,0.0,0.0,0.0,1.0,0.0,0.0,0.0,0.0,0.0,0.0,0.0,0.0,1.0,30.0,13.344,13.344000000000051,41,2778,55000,jul-17-2021_1447
161,0.0,0.0,0.0,0.0,1,0.0,0.0,0.0,0.0,0.0,0.0,0.0,0.0,0.5,0.0,500,400000,0.004999999888241291,30,True,0.6666666865348816,-1.0,0.0,0.0,0.0,0.0,1.0,0.0,0.0,0.0,0.0,0.0,0.0,0.0,0.0,1.0,30.0,28.076,28.076000000000022,46,7337,215000,jul-17-2021_1447
162,0.0,0.0,0.0,0.0,1,0.0,0.0,0.0,0.0,0.0,0.0,0.0,0.0,0.5,0.0,500,400000,0.004999999888241291,30,True,0.6666666865348816,-0.6666666865348816,0.0,0.0,0.0,0.0,1.0,0.0,0.0,0.0,0.0,0.0,0.0,0.0,0.0,1.0,30.0,18.996,18.99599999999998,40,5248,115000,jul-17-2021_1447
163,0.0,0.0,0.0,0.0,1,0.0,0.0,0.0,0.0,0.0,0.0,0.0,0.0,0.5,0.0,500,400000,0.004999999888241291,30,True,0.6666666865348816,-0.3333333432674408,0.0,0.0,0.0,0.0,1.0,0.0,0.0,0.0,0.0,0.0,0.0,0.0,0.0,1.0,30.0,33.74,33.74000000000001,46,10895,155000,jul-17-2021_1447
164,0.0,0.0,0.0,0.0,1,0.0,0.0,0.0,0.0,0.0,0.0,0.0,0.0,0.5,0.0,500,400000,0.004999999888241291,30,True,0.6666666865348816,0.0,0.0,0.0,0.0,0.0,1.0,0.0,0.0,0.0,0.0,0.0,0.0,0.0,0.0,1.0,30.0,28.416,28.416000000000054,50,9276,210000,jul-17-2021_1447
165,0.0,0.0,0.0,0.0,1,0.0,0.0,0.0,0.0,0.0,0.0,0.0,0.0,0.5,0.0,500,400000,0.004999999888241291,30,True,0.6666666865348816,0.3333333432674408,0.0,0.0,0.0,0.0,1.0,0.0,0.0,0.0,0.0,0.0,0.0,0.0,0.0,1.0,30.0,16.388,16.388000000000034,41,4095,130000,jul-17-2021_1447
166,0.0,0.0,0.0,0.0,1,0.0,0.0,0.0,0.0,0.0,0.0,0.0,0.0,0.5,0.0,500,400000,0.004999999888241291,30,True,0.6666666865348816,0.6666666865348816,0.0,0.0,0.0,0.0,1.0,0.0,0.0,0.0,0.0,0.0,0.0,0.0,0.0,1.0,30.0,19.988,19.988000000000056,42,4995,115000,jul-17-2021_1447
167,0.0,0.0,0.0,0.0,1,0.0,0.0,0.0,0.0,0.0,0.0,0.0,0.0,0.5,0.0,500,400000,0.004999999888241291,30,True,0.6666666865348816,1.0,0.0,0.0,0.0,0.0,1.0,0.0,0.0,0.0,0.0,0.0,0.0,0.0,0.0,1.0,30.0,10.364,10.364000000000033,39,2649,80000,jul-17-2021_1447
168,0.0,0.0,0.0,0.0,1,0.0,0.0,0.0,0.0,0.0,0.0,0.0,0.0,0.5,0.0,500,400000,0.004999999888241291,30,True,1.0,-1.0,0.0,0.0,0.0,0.0,1.0,0.0,0.0,0.0,0.0,0.0,0.0,0.0,0.0,0.0,0.0,0.0,34.20799999999997,48,12613,50000,jul-17-2021_1447
169,0.0,0.0,0.0,0.0,1,0.0,0.0,0.0,0.0,0.0,0.0,0.0,0.0,0.5,0.0,500,400000,0.004999999888241291,30,True,1.0,-0.6666666865348816,0.0,0.0,0.0,0.0,1.0,0.0,0.0,0.0,0.0,0.0,0.0,0.0,0.0,0.232,3.5926665629148484,46.07474865182303,52.587999999999965,54,46229,399999,jul-17-2021_1448
170,0.0,0.0,0.0,0.0,1,0.0,0.0,0.0,0.0,0.0,0.0,0.0,0.0,0.5,0.0,500,400000,0.004999999888241291,30,True,1.0,-0.3333333432674408,0.0,0.0,0.0,0.0,1.0,0.0,0.0,0.0,0.0,0.0,0.0,0.0,0.0,0.362,8.8693332670331,16.58070441463503,45.124000000000024,49,30087,399999,jul-17-2021_1448
171,0.0,0.0,0.0,0.0,1,0.0,0.0,0.0,0.0,0.0,0.0,0.0,0.0,0.5,0.0,500,400000,0.004999999888241291,30,True,1.0,0.0,0.0,0.0,0.0,0.0,1.0,0.0,0.0,0.0,0.0,0.0,0.0,0.0,0.0,1.0,30.0,35.34,35.34000000000003,53,16664,210000,jul-17-2021_1448
172,0.0,0.0,0.0,0.0,1,0.0,0.0,0.0,0.0,0.0,0.0,0.0,0.0,0.5,0.0,500,400000,0.004999999888241291,30,True,1.0,0.3333333432674408,0.0,0.0,0.0,0.0,1.0,0.0,0.0,0.0,0.0,0.0,0.0,0.0,0.0,1.0,30.0,28.904,28.903999999999996,49,9279,220000,jul-17-2021_1448
173,0.0,0.0,0.0,0.0,1,0.0,0.0,0.0,0.0,0.0,0.0,0.0,0.0,0.5,0.0,500,400000,0.004999999888241291,30,True,1.0,0.6666666865348816,0.0,0.0,0.0,0.0,1.0,0.0,0.0,0.0,0.0,0.0,0.0,0.0,0.0,1.0,30.0,39.036,39.035999999999945,54,15364,265000,jul-17-2021_1448
174,0.0,0.0,0.0,0.0,1,0.0,0.0,0.0,0.0,0.0,0.0,0.0,0.0,0.5,0.0,500,400000,0.004999999888241291,30,True,1.0,1.0,0.0,0.0,0.0,0.0,1.0,0.0,0.0,0.0,0.0,0.0,0.0,0.0,0.0,1.0,30.0,15.132,15.131999999999948,40,3427,85000,jul-17-2021_1448
175,0.0,0.0,0.0,0.0,1,0.0,0.0,0.0,0.0,0.0,0.0,0.0,0.0,0.5,0.0,500,400000,0.004999999888241291,30,True,1.3333333730697632,-1.0,0.0,0.0,0.0,0.0,1.0,0.0,0.0,0.0,0.0,0.0,0.0,0.0,0.0,0.0,0.0,0.0,43.84000000000003,55,32499,130000,jul-17-2021_1448
176,0.0,0.0,0.0,0.0,1,0.0,0.0,0.0,0.0,0.0,0.0,0.0,0.0,0.5,0.0,500,400000,0.004999999888241291,30,True,1.3333333730697632,-0.6666666865348816,0.0,0.0,0.0,0.0,1.0,0.0,0.0,0.0,0.0,0.0,0.0,0.0,0.0,0.0,0.0,0.0,50.059999999999945,50,51382,245000,jul-17-2021_1448
177,0.0,0.0,0.0,0.0,1,0.0,0.0,0.0,0.0,0.0,0.0,0.0,0.0,0.5,0.0,500,400000,0.004999999888241291,30,True,1.3333333730697632,-0.3333333432674408,0.0,0.0,0.0,0.0,1.0,0.0,0.0,0.0,0.0,0.0,0.0,0.0,0.0,1.0,30.0,37.5,37.5,49,16577,215000,jul-17-2021_1448
178,0.0,0.0,0.0,0.0,1,0.0,0.0,0.0,0.0,0.0,0.0,0.0,0.0,0.5,0.0,500,400000,0.004999999888241291,30,True,1.3333333730697632,0.0,0.0,0.0,0.0,0.0,1.0,0.0,0.0,0.0,0.0,0.0,0.0,0.0,0.0,1.0,30.0,31.24,31.24000000000001,49,9910,155000,jul-17-2021_1448
179,0.0,0.0,0.0,0.0,1,0.0,0.0,0.0,0.0,0.0,0.0,0.0,0.0,0.5,0.0,500,400000,0.004999999888241291,30,True,1.3333333730697632,0.3333333432674408,0.0,0.0,0.0,0.0,1.0,0.0,0.0,0.0,0.0,0.0,0.0,0.0,0.0,1.0,30.0,42.28,42.27999999999997,50,20145,399999,jul-17-2021_1448
180,0.0,0.0,0.0,0.0,1,0.0,0.0,0.0,0.0,0.0,0.0,0.0,0.0,0.5,0.0,500,400000,0.004999999888241291,30,True,1.3333333730697632,0.6666666865348816,0.0,0.0,0.0,0.0,1.0,0.0,0.0,0.0,0.0,0.0,0.0,0.0,0.0,0.736,27.656000335216522,38.86744312494755,40.10799999999995,48,20672,399999,jul-17-2021_1449
181,0.0,0.0,0.0,0.0,1,0.0,0.0,0.0,0.0,0.0,0.0,0.0,0.0,0.5,0.0,500,400000,0.004999999888241291,30,True,1.3333333730697632,1.0,0.0,0.0,0.0,0.0,1.0,0.0,0.0,0.0,0.0,0.0,0.0,0.0,0.0,1.0,30.0,14.764,14.76400000000001,43,3149,80000,jul-17-2021_1449
182,0.0,0.0,0.0,0.0,1,0.0,0.0,0.0,0.0,0.0,0.0,0.0,0.0,0.5,0.0,500,400000,0.004999999888241291,30,True,1.6666666269302368,-1.0,0.0,0.0,0.0,0.0,1.0,0.0,0.0,0.0,0.0,0.0,0.0,0.0,0.0,0.0,0.0,0.0,50.676000000000045,56,31013,145000,jul-17-2021_1449
183,0.0,0.0,0.0,0.0,1,0.0,0.0,0.0,0.0,0.0,0.0,0.0,0.0,0.5,0.0,500,400000,0.004999999888241291,30,True,1.6666666269302368,-0.6666666865348816,0.0,0.0,0.0,0.0,1.0,0.0,0.0,0.0,0.0,0.0,0.0,0.0,0.0,0.0,0.0,0.0,51.82000000000005,55,34404,140000,jul-17-2021_1449
184,0.0,0.0,0.0,0.0,1,0.0,0.0,0.0,0.0,0.0,0.0,0.0,0.0,0.5,0.0,500,400000,0.004999999888241291,30,True,1.6666666269302368,-0.3333333432674408,0.0,0.0,0.0,0.0,1.0,0.0,0.0,0.0,0.0,0.0,0.0,0.0,0.0,0.0,0.0,0.0,53.827999999999975,52,65079,250000,jul-17-2021_1449
185,0.0,0.0,0.0,0.0,1,0.0,0.0,0.0,0.0,0.0,0.0,0.0,0.0,0.5,0.0,500,400000,0.004999999888241291,30,True,1.6666666269302368,0.0,0.0,0.0,0.0,0.0,1.0,0.0,0.0,0.0,0.0,0.0,0.0,0.0,0.0,0.116,5.713999876260758,8.267759152633143,52.05200000000002,51,70876,399999,jul-17-2021_1449
186,0.0,0.0,0.0,0.0,1,0.0,0.0,0.0,0.0,0.0,0.0,0.0,0.0,0.5,0.0,500,400000,0.004999999888241291,30,True,1.6666666269302368,0.3333333432674408,0.0,0.0,0.0,0.0,1.0,0.0,0.0,0.0,0.0,0.0,0.0,0.0,0.0,0.276,14.559999822556973,27.24773311650601,50.936000000000035,50,77278,399999,jul-17-2021_1449
187,0.0,0.0,0.0,0.0,1,0.0,0.0,0.0,0.0,0.0,0.0,0.0,0.0,0.5,0.0,500,400000,0.004999999888241291,30,True,1.6666666269302368,0.6666666865348816,0.0,0.0,0.0,0.0,1.0,0.0,0.0,0.0,0.0,0.0,0.0,0.0,0.0,0.9,30.4866666162014,65.7058192847518,45.388000000000034,51,27987,399999,jul-17-2021_1450
188,0.0,0.0,0.0,0.0,1,0.0,0.0,0.0,0.0,0.0,0.0,0.0,0.0,0.5,0.0,500,400000,0.004999999888241291,30,True,1.6666666269302368,1.0,0.0,0.0,0.0,0.0,1.0,0.0,0.0,0.0,0.0,0.0,0.0,0.0,0.0,1.0,30.0,38.924,38.92399999999998,49,15128,200000,jul-17-2021_1450
189,0.0,0.0,0.0,0.0,1,0.0,0.0,0.0,0.0,0.0,0.0,0.0,0.0,0.5,0.0,500,400000,0.004999999888241291,30,True,2.0,-1.0,0.0,0.0,0.0,0.0,1.0,0.0,0.0,0.0,0.0,0.0,0.0,0.0,0.0,0.0,0.0,0.0,47.648000000000025,51,24790,95000,jul-17-2021_1450
190,0.0,0.0,0.0,0.0,1,0.0,0.0,0.0,0.0,0.0,0.0,0.0,0.0,0.5,0.0,500,400000,0.004999999888241291,30,True,2.0,-0.6666666865348816,0.0,0.0,0.0,0.0,1.0,0.0,0.0,0.0,0.0,0.0,0.0,0.0,0.0,0.0,0.0,0.0,32.50400000000002,49,13296,50000,jul-17-2021_1450
191,0.0,0.0,0.0,0.0,1,0.0,0.0,0.0,0.0,0.0,0.0,0.0,0.0,0.5,0.0,500,400000,0.004999999888241291,30,True,2.0,-0.3333333432674408,0.0,0.0,0.0,0.0,1.0,0.0,0.0,0.0,0.0,0.0,0.0,0.0,0.0,0.0,0.0,0.0,50.49599999999998,54,56156,240000,jul-17-2021_1450
192,0.0,0.0,0.0,0.0,1,0.0,0.0,0.0,0.0,0.0,0.0,0.0,0.0,0.5,0.0,500,400000,0.004999999888241291,30,True,2.0,0.0,0.0,0.0,0.0,0.0,1.0,0.0,0.0,0.0,0.0,0.0,0.0,0.0,0.0,0.0,0.0,0.0,47.98000000000002,47,34498,145000,jul-17-2021_1450
193,0.0,0.0,0.0,0.0,1,0.0,0.0,0.0,0.0,0.0,0.0,0.0,0.0,0.5,0.0,500,400000,0.004999999888241291,30,True,2.0,0.3333333432674408,0.0,0.0,0.0,0.0,1.0,0.0,0.0,0.0,0.0,0.0,0.0,0.0,0.0,0.454,23.31933340471983,56.05824803746269,48.072,51,39916,399999,jul-17-2021_1450
194,0.0,0.0,0.0,0.0,1,0.0,0.0,0.0,0.0,0.0,0.0,0.0,0.0,0.5,0.0,500,400000,0.004999999888241291,30,True,2.0,0.6666666865348816,0.0,0.0,0.0,0.0,1.0,0.0,0.0,0.0,0.0,0.0,0.0,0.0,0.0,0.512,27.66933347606659,64.80221502141976,53.172000000000025,51,42307,399999,jul-17-2021_1450
195,0.0,0.0,0.0,0.0,1,0.0,0.0,0.0,0.0,0.0,0.0,0.0,0.0,0.5,0.0,500,400000,0.004999999888241291,30,True,2.0,1.0,0.0,0.0,0.0,0.0,1.0,0.0,0.0,0.0,0.0,0.0,0.0,0.0,0.0,0.546,30.776,63.49382400000001,46.29600000000005,49,40800,399999,jul-17-2021_1450
196,0.0,0.0,0.0,0.0,1,0.0,0.0,0.0,0.0,0.0,0.0,0.0,0.0,0.5,0.0,500,400000,0.004999999888241291,30,True,0.0,-1.0,0.0,0.0,0.0,0.0,1.0,0.0,0.0,0.0,0.0,0.0,0.0,0.0,0.0,1.0,30.0,32.412,32.412000000000035,46,12577,180000,jul-17-2021_1451
197,0.0,0.0,0.0,0.0,1,0.0,0.0,0.0,0.0,0.0,0.0,0.0,0.0,0.5,0.0,500,400000,0.004999999888241291,30,True,0.0,-0.6666666865348816,0.0,0.0,0.0,0.0,1.0,0.0,0.0,0.0,0.0,0.0,0.0,0.0,0.0,1.0,30.0,28.348,28.347999999999956,45,7977,120000,jul-17-2021_1451
198,0.0,0.0,0.0,0.0,1,0.0,0.0,0.0,0.0,0.0,0.0,0.0,0.0,0.5,0.0,500,400000,0.004999999888241291,30,True,0.0,-0.3333333432674408,0.0,0.0,0.0,0.0,1.0,0.0,0.0,0.0,0.0,0.0,0.0,0.0,0.0,1.0,30.0,15.304,15.303999999999974,41,4009,85000,jul-17-2021_1451
199,0.0,0.0,0.0,0.0,1,0.0,0.0,0.0,0.0,0.0,0.0,0.0,0.0,0.5,0.0,500,400000,0.004999999888241291,30,True,0.0,0.0,0.0,0.0,0.0,0.0,1.0,0.0,0.0,0.0,0.0,0.0,0.0,0.0,0.0,1.0,30.0,12.356,12.355999999999995,41,2998,90000,jul-17-2021_1451
200,0.0,0.0,0.0,0.0,1,0.0,0.0,0.0,0.0,0.0,0.0,0.0,0.0,0.5,0.0,500,400000,0.004999999888241291,30,True,0.0,0.3333333432674408,0.0,0.0,0.0,0.0,1.0,0.0,0.0,0.0,0.0,0.0,0.0,0.0,0.0,1.0,30.0,6.992,6.991999999999962,37,1616,45000,jul-17-2021_1451
201,0.0,0.0,0.0,0.0,1,0.0,0.0,0.0,0.0,0.0,0.0,0.0,0.0,0.5,0.0,500,400000,0.004999999888241291,30,True,0.0,0.6666666865348816,0.0,0.0,0.0,0.0,1.0,0.0,0.0,0.0,0.0,0.0,0.0,0.0,0.0,1.0,30.0,9.656,9.655999999999949,38,2272,60000,jul-17-2021_1451
202,0.0,0.0,0.0,0.0,1,0.0,0.0,0.0,0.0,0.0,0.0,0.0,0.0,0.5,0.0,500,400000,0.004999999888241291,30,True,0.0,1.0,0.0,0.0,0.0,0.0,1.0,0.0,0.0,0.0,0.0,0.0,0.0,0.0,0.0,1.0,30.0,10.7,10.700000000000045,39,2625,75000,jul-17-2021_1451
203,0.0,0.0,0.0,0.0,1,0.0,0.0,0.0,0.0,0.0,0.0,0.0,0.0,0.5,0.0,500,400000,0.004999999888241291,30,True,0.3333333432674408,-1.0,0.0,0.0,0.0,0.0,1.0,0.0,0.0,0.0,0.0,0.0,0.0,0.0,0.0,1.0,30.0,23.968,23.96799999999996,43,6382,155000,jul-17-2021_1451
204,0.0,0.0,0.0,0.0,1,0.0,0.0,0.0,0.0,0.0,0.0,0.0,0.0,0.5,0.0,500,400000,0.004999999888241291,30,True,0.3333333432674408,-0.6666666865348816,0.0,0.0,0.0,0.0,1.0,0.0,0.0,0.0,0.0,0.0,0.0,0.0,0.0,1.0,30.0,9.212,9.211999999999989,38,2199,50000,jul-17-2021_1451
205,0.0,0.0,0.0,0.0,1,0.0,0.0,0.0,0.0,0.0,0.0,0.0,0.0,0.5,0.0,500,400000,0.004999999888241291,30,True,0.3333333432674408,-0.3333333432674408,0.0,0.0,0.0,0.0,1.0,0.0,0.0,0.0,0.0,0.0,0.0,0.0,0.0,1.0,30.0,15.7,15.700000000000045,40,3887,90000,jul-17-2021_1451
206,0.0,0.0,0.0,0.0,1,0.0,0.0,0.0,0.0,0.0,0.0,0.0,0.0,0.5,0.0,500,400000,0.004999999888241291,30,True,0.3333333432674408,0.0,0.0,0.0,0.0,0.0,1.0,0.0,0.0,0.0,0.0,0.0,0.0,0.0,0.0,1.0,30.0,8.196,8.196000000000026,38,1925,80000,jul-17-2021_1451
207,0.0,0.0,0.0,0.0,1,0.0,0.0,0.0,0.0,0.0,0.0,0.0,0.0,0.5,0.0,500,400000,0.004999999888241291,30,True,0.3333333432674408,0.3333333432674408,0.0,0.0,0.0,0.0,1.0,0.0,0.0,0.0,0.0,0.0,0.0,0.0,0.0,1.0,30.0,17.248,17.248000000000047,41,4181,90000,jul-17-2021_1451
208,0.0,0.0,0.0,0.0,1,0.0,0.0,0.0,0.0,0.0,0.0,0.0,0.0,0.5,0.0,500,400000,0.004999999888241291,30,True,0.3333333432674408,0.6666666865348816,0.0,0.0,0.0,0.0,1.0,0.0,0.0,0.0,0.0,0.0,0.0,0.0,0.0,1.0,30.0,11.148,11.148000000000025,39,2346,105000,jul-17-2021_1451
209,0.0,0.0,0.0,0.0,1,0.0,0.0,0.0,0.0,0.0,0.0,0.0,0.0,0.5,0.0,500,400000,0.004999999888241291,30,True,0.3333333432674408,1.0,0.0,0.0,0.0,0.0,1.0,0.0,0.0,0.0,0.0,0.0,0.0,0.0,0.0,1.0,30.0,13.796,13.79600000000005,42,3480,105000,jul-17-2021_1451
210,0.0,0.0,0.0,0.0,1,0.0,0.0,0.0,0.0,0.0,0.0,0.0,0.0,0.5,0.0,500,400000,0.004999999888241291,30,True,0.6666666865348816,-1.0,0.0,0.0,0.0,0.0,1.0,0.0,0.0,0.0,0.0,0.0,0.0,0.0,0.0,0.0,0.0,0.0,45.99599999999998,54,32767,145000,jul-17-2021_1451
211,0.0,0.0,0.0,0.0,1,0.0,0.0,0.0,0.0,0.0,0.0,0.0,0.0,0.5,0.0,500,400000,0.004999999888241291,30,True,0.6666666865348816,-0.6666666865348816,0.0,0.0,0.0,0.0,1.0,0.0,0.0,0.0,0.0,0.0,0.0,0.0,0.0,1.0,30.0,23.192,23.192000000000007,43,5783,205000,jul-17-2021_1451
212,0.0,0.0,0.0,0.0,1,0.0,0.0,0.0,0.0,0.0,0.0,0.0,0.0,0.5,0.0,500,400000,0.004999999888241291,30,True,0.6666666865348816,-0.3333333432674408,0.0,0.0,0.0,0.0,1.0,0.0,0.0,0.0,0.0,0.0,0.0,0.0,0.0,0.0,0.0,0.0,59.49199999999996,52,83549,300000,jul-17-2021_1451
213,0.0,0.0,0.0,0.0,1,0.0,0.0,0.0,0.0,0.0,0.0,0.0,0.0,0.5,0.0,500,400000,0.004999999888241291,30,True,0.6666666865348816,0.0,0.0,0.0,0.0,0.0,1.0,0.0,0.0,0.0,0.0,0.0,0.0,0.0,0.0,1.0,30.0,26.98,26.980000000000018,47,8485,180000,jul-17-2021_1451
214,0.0,0.0,0.0,0.0,1,0.0,0.0,0.0,0.0,0.0,0.0,0.0,0.0,0.5,0.0,500,400000,0.004999999888241291,30,True,0.6666666865348816,0.3333333432674408,0.0,0.0,0.0,0.0,1.0,0.0,0.0,0.0,0.0,0.0,0.0,0.0,0.0,1.0,30.0,15.588,15.587999999999965,41,4258,120000,jul-17-2021_1451
215,0.0,0.0,0.0,0.0,1,0.0,0.0,0.0,0.0,0.0,0.0,0.0,0.0,0.5,0.0,500,400000,0.004999999888241291,30,True,0.6666666865348816,0.6666666865348816,0.0,0.0,0.0,0.0,1.0,0.0,0.0,0.0,0.0,0.0,0.0,0.0,0.0,1.0,30.0,12.708,12.70799999999997,40,3234,175000,jul-17-2021_1451
216,0.0,0.0,0.0,0.0,1,0.0,0.0,0.0,0.0,0.0,0.0,0.0,0.0,0.5,0.0,500,400000,0.004999999888241291,30,True,0.6666666865348816,1.0,0.0,0.0,0.0,0.0,1.0,0.0,0.0,0.0,0.0,0.0,0.0,0.0,0.0,1.0,30.0,21.928,21.927999999999997,43,5417,135000,jul-17-2021_1451
217,0.0,0.0,0.0,0.0,1,0.0,0.0,0.0,0.0,0.0,0.0,0.0,0.0,0.5,0.0,500,400000,0.004999999888241291,30,True,1.0,-1.0,0.0,0.0,0.0,0.0,1.0,0.0,0.0,0.0,0.0,0.0,0.0,0.0,0.0,0.0,0.0,0.0,53.66399999999999,50,37102,140000,jul-17-2021_1452
218,0.0,0.0,0.0,0.0,1,0.0,0.0,0.0,0.0,0.0,0.0,0.0,0.0,0.5,0.0,500,400000,0.004999999888241291,30,True,1.0,-0.6666666865348816,0.0,0.0,0.0,0.0,1.0,0.0,0.0,0.0,0.0,0.0,0.0,0.0,0.0,0.0,0.0,0.0,49.676000000000045,61,43209,215000,jul-17-2021_1452
219,0.0,0.0,0.0,0.0,1,0.0,0.0,0.0,0.0,0.0,0.0,0.0,0.0,0.5,0.0,500,400000,0.004999999888241291,30,True,1.0,-0.3333333432674408,0.0,0.0,0.0,0.0,1.0,0.0,0.0,0.0,0.0,0.0,0.0,0.0,0.0,1.0,30.0,37.788,37.78800000000001,48,19122,370000,jul-17-2021_1452
220,0.0,0.0,0.0,0.0,1,0.0,0.0,0.0,0.0,0.0,0.0,0.0,0.0,0.5,0.0,500,400000,0.004999999888241291,30,True,1.0,0.0,0.0,0.0,0.0,0.0,1.0,0.0,0.0,0.0,0.0,0.0,0.0,0.0,0.0,1.0,30.0,34.108,34.10799999999995,47,15498,250000,jul-17-2021_1452
221,0.0,0.0,0.0,0.0,1,0.0,0.0,0.0,0.0,0.0,0.0,0.0,0.0,0.5,0.0,500,400000,0.004999999888241291,30,True,1.0,0.3333333432674408,0.0,0.0,0.0,0.0,1.0,0.0,0.0,0.0,0.0,0.0,0.0,0.0,0.0,1.0,30.0,25.348,25.347999999999956,45,8377,210000,jul-17-2021_1452
222,0.0,0.0,0.0,0.0,1,0.0,0.0,0.0,0.0,0.0,0.0,0.0,0.0,0.5,0.0,500,400000,0.004999999888241291,30,True,1.0,0.6666666865348816,0.0,0.0,0.0,0.0,1.0,0.0,0.0,0.0,0.0,0.0,0.0,0.0,0.0,1.0,30.0,28.256,28.255999999999972,51,7464,200000,jul-17-2021_1452
223,0.0,0.0,0.0,0.0,1,0.0,0.0,0.0,0.0,0.0,0.0,0.0,0.0,0.5,0.0,500,400000,0.004999999888241291,30,True,1.0,1.0,0.0,0.0,0.0,0.0,1.0,0.0,0.0,0.0,0.0,0.0,0.0,0.0,0.0,1.0,30.0,17.992,17.991999999999962,44,4102,245000,jul-17-2021_1452
224,0.0,0.0,0.0,0.0,1,0.0,0.0,0.0,0.0,0.0,0.0,0.0,0.0,0.5,0.0,500,400000,0.004999999888241291,30,True,1.3333333730697632,-1.0,0.0,0.0,0.0,0.0,1.0,0.0,0.0,0.0,0.0,0.0,0.0,0.0,0.0,0.0,0.0,0.0,50.323999999999955,52,34348,135000,jul-17-2021_1452
225,0.0,0.0,0.0,0.0,1,0.0,0.0,0.0,0.0,0.0,0.0,0.0,0.0,0.5,0.0,500,400000,0.004999999888241291,30,True,1.3333333730697632,-0.6666666865348816,0.0,0.0,0.0,0.0,1.0,0.0,0.0,0.0,0.0,0.0,0.0,0.0,0.0,0.0,0.0,0.0,53.24400000000003,51,44611,170000,jul-17-2021_1452
226,0.0,0.0,0.0,0.0,1,0.0,0.0,0.0,0.0,0.0,0.0,0.0,0.0,0.5,0.0,500,400000,0.004999999888241291,30,True,1.3333333730697632,-0.3333333432674408,0.0,0.0,0.0,0.0,1.0,0.0,0.0,0.0,0.0,0.0,0.0,0.0,0.0,0.0,0.0,0.0,49.115999999999985,52,46989,280000,jul-17-2021_1452
227,0.0,0.0,0.0,0.0,1,0.0,0.0,0.0,0.0,0.0,0.0,0.0,0.0,0.5,0.0,500,400000,0.004999999888241291,30,True,1.3333333730697632,0.0,0.0,0.0,0.0,0.0,1.0,0.0,0.0,0.0,0.0,0.0,0.0,0.0,0.0,1.0,30.0,32.688,32.68799999999999,50,12365,145000,jul-17-2021_1452
228,0.0,0.0,0.0,0.0,1,0.0,0.0,0.0,0.0,0.0,0.0,0.0,0.0,0.5,0.0,500,400000,0.004999999888241291,30,True,1.3333333730697632,0.3333333432674408,0.0,0.0,0.0,0.0,1.0,0.0,0.0,0.0,0.0,0.0,0.0,0.0,0.0,0.62,23.137333675265314,30.96025216465706,39.39999999999998,51,20400,399999,jul-17-2021_1453
229,0.0,0.0,0.0,0.0,1,0.0,0.0,0.0,0.0,0.0,0.0,0.0,0.0,0.5,0.0,500,400000,0.004999999888241291,30,True,1.3333333730697632,0.6666666865348816,0.0,0.0,0.0,0.0,1.0,0.0,0.0,0.0,0.0,0.0,0.0,0.0,0.0,1.0,30.0,35.972,35.97199999999998,50,11425,270000,jul-17-2021_1453
230,0.0,0.0,0.0,0.0,1,0.0,0.0,0.0,0.0,0.0,0.0,0.0,0.0,0.5,0.0,500,400000,0.004999999888241291,30,True,1.3333333730697632,1.0,0.0,0.0,0.0,0.0,1.0,0.0,0.0,0.0,0.0,0.0,0.0,0.0,0.0,1.0,30.0,27.3,27.299999999999955,46,9015,185000,jul-17-2021_1453
231,0.0,0.0,0.0,0.0,1,0.0,0.0,0.0,0.0,0.0,0.0,0.0,0.0,0.5,0.0,500,400000,0.004999999888241291,30,True,1.6666666269302368,-1.0,0.0,0.0,0.0,0.0,1.0,0.0,0.0,0.0,0.0,0.0,0.0,0.0,0.0,0.0,0.0,0.0,39.05600000000004,51,16372,70000,jul-17-2021_1453
232,0.0,0.0,0.0,0.0,1,0.0,0.0,0.0,0.0,0.0,0.0,0.0,0.0,0.5,0.0,500,400000,0.004999999888241291,30,True,1.6666666269302368,-0.6666666865348816,0.0,0.0,0.0,0.0,1.0,0.0,0.0,0.0,0.0,0.0,0.0,0.0,0.0,0.0,0.0,0.0,40.94399999999996,52,18222,75000,jul-17-2021_1453
233,0.0,0.0,0.0,0.0,1,0.0,0.0,0.0,0.0,0.0,0.0,0.0,0.0,0.5,0.0,500,400000,0.004999999888241291,30,True,1.6666666269302368,-0.3333333432674408,0.0,0.0,0.0,0.0,1.0,0.0,0.0,0.0,0.0,0.0,0.0,0.0,0.0,0.03,1.1253332934975624,4.354513797154323,50.23199999999997,52,75387,399999,jul-17-2021_1453
234,0.0,0.0,0.0,0.0,1,0.0,0.0,0.0,0.0,0.0,0.0,0.0,0.0,0.5,0.0,500,400000,0.004999999888241291,30,True,1.6666666269302368,0.0,0.0,0.0,0.0,0.0,1.0,0.0,0.0,0.0,0.0,0.0,0.0,0.0,0.0,0.0,0.0,0.0,49.200000000000045,53,54738,200000,jul-17-2021_1453
235,0.0,0.0,0.0,0.0,1,0.0,0.0,0.0,0.0,0.0,0.0,0.0,0.0,0.5,0.0,500,400000,0.004999999888241291,30,True,1.6666666269302368,0.3333333432674408,0.0,0.0,0.0,0.0,1.0,0.0,0.0,0.0,0.0,0.0,0.0,0.0,0.0,0.394,18.831999793589116,31.32910817615488,48.855999999999995,50,70797,399999,jul-17-2021_1453
236,0.0,0.0,0.0,0.0,1,0.0,0.0,0.0,0.0,0.0,0.0,0.0,0.0,0.5,0.0,500,400000,0.004999999888241291,30,True,1.6666666269302368,0.6666666865348816,0.0,0.0,0.0,0.0,1.0,0.0,0.0,0.0,0.0,0.0,0.0,0.0,0.0,1.0,30.0,45.56,45.559999999999945,51,23609,365000,jul-17-2021_1453
237,0.0,0.0,0.0,0.0,1,0.0,0.0,0.0,0.0,0.0,0.0,0.0,0.0,0.5,0.0,500,400000,0.004999999888241291,30,True,1.6666666269302368,1.0,0.0,0.0,0.0,0.0,1.0,0.0,0.0,0.0,0.0,0.0,0.0,0.0,0.0,1.0,30.0,32.696,32.696000000000026,49,11165,225000,jul-17-2021_1454
238,0.0,0.0,0.0,0.0,1,0.0,0.0,0.0,0.0,0.0,0.0,0.0,0.0,0.5,0.0,500,400000,0.004999999888241291,30,True,2.0,-1.0,0.0,0.0,0.0,0.0,1.0,0.0,0.0,0.0,0.0,0.0,0.0,0.0,0.0,0.0,0.0,0.0,47.28800000000001,47,23696,85000,jul-17-2021_1454
239,0.0,0.0,0.0,0.0,1,0.0,0.0,0.0,0.0,0.0,0.0,0.0,0.0,0.5,0.0,500,400000,0.004999999888241291,30,True,2.0,-0.6666666865348816,0.0,0.0,0.0,0.0,1.0,0.0,0.0,0.0,0.0,0.0,0.0,0.0,0.0,0.0,0.0,0.0,49.63199999999995,47,40608,185000,jul-17-2021_1454
240,0.0,0.0,0.0,0.0,1,0.0,0.0,0.0,0.0,0.0,0.0,0.0,0.0,0.5,0.0,500,400000,0.004999999888241291,30,True,2.0,-0.3333333432674408,0.0,0.0,0.0,0.0,1.0,0.0,0.0,0.0,0.0,0.0,0.0,0.0,0.0,0.0,0.0,0.0,48.583999999999946,53,58309,235000,jul-17-2021_1454
241,0.0,0.0,0.0,0.0,1,0.0,0.0,0.0,0.0,0.0,0.0,0.0,0.0,0.5,0.0,500,400000,0.004999999888241291,30,True,2.0,0.0,0.0,0.0,0.0,0.0,1.0,0.0,0.0,0.0,0.0,0.0,0.0,0.0,0.0,0.0,0.0,0.0,54.960000000000036,58,64084,285000,jul-17-2021_1454
242,0.0,0.0,0.0,0.0,1,0.0,0.0,0.0,0.0,0.0,0.0,0.0,0.0,0.5,0.0,500,400000,0.004999999888241291,30,True,2.0,0.3333333432674408,0.0,0.0,0.0,0.0,1.0,0.0,0.0,0.0,0.0,0.0,0.0,0.0,0.0,0.356,20.063333400666714,41.54643318587264,48.34000000000003,56,58180,399999,jul-17-2021_1454
243,0.0,0.0,0.0,0.0,1,0.0,0.0,0.0,0.0,0.0,0.0,0.0,0.0,0.5,0.0,500,400000,0.004999999888241291,30,True,2.0,0.6666666865348816,0.0,0.0,0.0,0.0,1.0,0.0,0.0,0.0,0.0,0.0,0.0,0.0,0.0,0.592,29.59466680395603,68.78770435200417,46.24400000000003,52,47571,399999,jul-17-2021_1454
244,0.0,0.0,0.0,0.0,1,0.0,0.0,0.0,0.0,0.0,0.0,0.0,0.0,0.5,0.0,500,400000,0.004999999888241291,30,True,2.0,1.0,0.0,0.0,0.0,0.0,1.0,0.0,0.0,0.0,0.0,0.0,0.0,0.0,0.0,0.632,32.574,71.32452400000001,43.624000000000024,49,40786,399999,jul-17-2021_1455
245,0.0,0.0,0.0,0.0,1,0.0,0.0,0.0,0.0,0.0,0.0,0.0,0.0,0.5,0.0,500,400000,0.004999999888241291,30,True,0.0,-1.0,0.0,0.0,0.0,0.0,1.0,0.0,0.0,0.0,0.0,0.0,0.0,0.0,0.0,0.0,0.0,0.0,45.488000000000056,51,25492,95000,jul-17-2021_1455
246,0.0,0.0,0.0,0.0,1,0.0,0.0,0.0,0.0,0.0,0.0,0.0,0.0,0.5,0.0,500,400000,0.004999999888241291,30,True,0.0,-0.6666666865348816,0.0,0.0,0.0,0.0,1.0,0.0,0.0,0.0,0.0,0.0,0.0,0.0,0.0,1.0,30.0,12.024,12.024000000000001,40,3030,130000,jul-17-2021_1455
247,0.0,0.0,0.0,0.0,1,0.0,0.0,0.0,0.0,0.0,0.0,0.0,0.0,0.5,0.0,500,400000,0.004999999888241291,30,True,0.0,-0.3333333432674408,0.0,0.0,0.0,0.0,1.0,0.0,0.0,0.0,0.0,0.0,0.0,0.0,0.0,1.0,30.0,17.496,17.49599999999998,41,4282,80000,jul-17-2021_1455
248,0.0,0.0,0.0,0.0,1,0.0,0.0,0.0,0.0,0.0,0.0,0.0,0.0,0.5,0.0,500,400000,0.004999999888241291,30,True,0.0,0.0,0.0,0.0,0.0,0.0,1.0,0.0,0.0,0.0,0.0,0.0,0.0,0.0,0.0,1.0,30.0,18.024,18.024,43,4378,75000,jul-17-2021_1455
249,0.0,0.0,0.0,0.0,1,0.0,0.0,0.0,0.0,0.0,0.0,0.0,0.0,0.5,0.0,500,400000,0.004999999888241291,30,True,0.0,0.3333333432674408,0.0,0.0,0.0,0.0,1.0,0.0,0.0,0.0,0.0,0.0,0.0,0.0,0.0,1.0,30.0,11.424,11.423999999999978,38,2406,60000,jul-17-2021_1455
250,0.0,0.0,0.0,0.0,1,0.0,0.0,0.0,0.0,0.0,0.0,0.0,0.0,0.5,0.0,500,400000,0.004999999888241291,30,True,0.0,0.6666666865348816,0.0,0.0,0.0,0.0,1.0,0.0,0.0,0.0,0.0,0.0,0.0,0.0,0.0,1.0,30.0,10.68,10.67999999999995,39,2583,80000,jul-17-2021_1455
251,0.0,0.0,0.0,0.0,1,0.0,0.0,0.0,0.0,0.0,0.0,0.0,0.0,0.5,0.0,500,400000,0.004999999888241291,30,True,0.0,1.0,0.0,0.0,0.0,0.0,1.0,0.0,0.0,0.0,0.0,0.0,0.0,0.0,0.0,1.0,30.0,12.34,12.340000000000032,40,2833,70000,jul-17-2021_1455
252,0.0,0.0,0.0,0.0,1,0.0,0.0,0.0,0.0,0.0,0.0,0.0,0.0,0.5,0.0,500,400000,0.004999999888241291,30,True,0.3333333432674408,-1.0,0.0,0.0,0.0,0.0,1.0,0.0,0.0,0.0,0.0,0.0,0.0,0.0,0.0,0.0,0.0,0.0,52.84000000000003,54,28142,135000,jul-17-2021_1455
253,0.0,0.0,0.0,0.0,1,0.0,0.0,0.0,0.0,0.0,0.0,0.0,0.0,0.5,0.0,500,400000,0.004999999888241291,30,True,0.3333333432674408,-0.6666666865348816,0.0,0.0,0.0,0.0,1.0,0.0,0.0,0.0,0.0,0.0,0.0,0.0,0.0,0.36,1.6839999341964722,12.753478645565723,50.903999999999996,50,93748,399999,jul-17-2021_1455
254,0.0,0.0,0.0,0.0,1,0.0,0.0,0.0,0.0,0.0,0.0,0.0,0.0,0.5,0.0,500,400000,0.004999999888241291,30,True,0.3333333432674408,-0.3333333432674408,0.0,0.0,0.0,0.0,1.0,0.0,0.0,0.0,0.0,0.0,0.0,0.0,0.0,1.0,30.0,14.68,14.67999999999995,40,4011,100000,jul-17-2021_1455
255,0.0,0.0,0.0,0.0,1,0.0,0.0,0.0,0.0,0.0,0.0,0.0,0.0,0.5,0.0,500,400000,0.004999999888241291,30,True,0.3333333432674408,0.0,0.0,0.0,0.0,0.0,1.0,0.0,0.0,0.0,0.0,0.0,0.0,0.0,0.0,1.0,30.0,20.684,20.68399999999997,42,6205,140000,jul-17-2021_1455
256,0.0,0.0,0.0,0.0,1,0.0,0.0,0.0,0.0,0.0,0.0,0.0,0.0,0.5,0.0,500,400000,0.004999999888241291,30,True,0.3333333432674408,0.3333333432674408,0.0,0.0,0.0,0.0,1.0,0.0,0.0,0.0,0.0,0.0,0.0,0.0,0.0,1.0,30.0,20.352,20.351999999999975,45,5613,115000,jul-17-2021_1455
257,0.0,0.0,0.0,0.0,1,0.0,0.0,0.0,0.0,0.0,0.0,0.0,0.0,0.5,0.0,500,400000,0.004999999888241291,30,True,0.3333333432674408,0.6666666865348816,0.0,0.0,0.0,0.0,1.0,0.0,0.0,0.0,0.0,0.0,0.0,0.0,0.0,1.0,30.0,11.668,11.668000000000006,39,2732,70000,jul-17-2021_1455
258,0.0,0.0,0.0,0.0,1,0.0,0.0,0.0,0.0,0.0,0.0,0.0,0.0,0.5,0.0,500,400000,0.004999999888241291,30,True,0.3333333432674408,1.0,0.0,0.0,0.0,0.0,1.0,0.0,0.0,0.0,0.0,0.0,0.0,0.0,0.0,1.0,30.0,10.984,10.984000000000037,40,2505,115000,jul-17-2021_1455
259,0.0,0.0,0.0,0.0,1,0.0,0.0,0.0,0.0,0.0,0.0,0.0,0.0,0.5,0.0,500,400000,0.004999999888241291,30,True,0.6666666865348816,-1.0,0.0,0.0,0.0,0.0,1.0,0.0,0.0,0.0,0.0,0.0,0.0,0.0,0.0,0.0,0.0,0.0,45.71199999999999,49,50292,250000,jul-17-2021_1455
260,0.0,0.0,0.0,0.0,1,0.0,0.0,0.0,0.0,0.0,0.0,0.0,0.0,0.5,0.0,500,400000,0.004999999888241291,30,True,0.6666666865348816,-0.6666666865348816,0.0,0.0,0.0,0.0,1.0,0.0,0.0,0.0,0.0,0.0,0.0,0.0,0.0,0.0,0.0,0.0,47.66399999999999,55,33366,135000,jul-17-2021_1456
261,0.0,0.0,0.0,0.0,1,0.0,0.0,0.0,0.0,0.0,0.0,0.0,0.0,0.5,0.0,500,400000,0.004999999888241291,30,True,0.6666666865348816,-0.3333333432674408,0.0,0.0,0.0,0.0,1.0,0.0,0.0,0.0,0.0,0.0,0.0,0.0,0.0,1.0,30.0,41.72,41.72000000000003,49,24077,215000,jul-17-2021_1456
262,0.0,0.0,0.0,0.0,1,0.0,0.0,0.0,0.0,0.0,0.0,0.0,0.0,0.5,0.0,500,400000,0.004999999888241291,30,True,0.6666666865348816,0.0,0.0,0.0,0.0,0.0,1.0,0.0,0.0,0.0,0.0,0.0,0.0,0.0,0.0,1.0,30.0,29.104,29.104000000000042,48,9344,230000,jul-17-2021_1456
263,0.0,0.0,0.0,0.0,1,0.0,0.0,0.0,0.0,0.0,0.0,0.0,0.0,0.5,0.0,500,400000,0.004999999888241291,30,True,0.6666666865348816,0.3333333432674408,0.0,0.0,0.0,0.0,1.0,0.0,0.0,0.0,0.0,0.0,0.0,0.0,0.0,1.0,30.0,24.276,24.275999999999954,48,6320,190000,jul-17-2021_1456
264,0.0,0.0,0.0,0.0,1,0.0,0.0,0.0,0.0,0.0,0.0,0.0,0.0,0.5,0.0,500,400000,0.004999999888241291,30,True,0.6666666865348816,0.6666666865348816,0.0,0.0,0.0,0.0,1.0,0.0,0.0,0.0,0.0,0.0,0.0,0.0,0.0,1.0,30.0,20.192,20.192000000000007,45,5811,170000,jul-17-2021_1456
265,0.0,0.0,0.0,0.0,1,0.0,0.0,0.0,0.0,0.0,0.0,0.0,0.0,0.5,0.0,500,400000,0.004999999888241291,30,True,0.6666666865348816,1.0,0.0,0.0,0.0,0.0,1.0,0.0,0.0,0.0,0.0,0.0,0.0,0.0,0.0,1.0,30.0,23.084,23.083999999999946,45,7077,165000,jul-17-2021_1456
266,0.0,0.0,0.0,0.0,1,0.0,0.0,0.0,0.0,0.0,0.0,0.0,0.0,0.5,0.0,500,400000,0.004999999888241291,30,True,1.0,-1.0,0.0,0.0,0.0,0.0,1.0,0.0,0.0,0.0,0.0,0.0,0.0,0.0,0.0,0.0,0.0,0.0,48.559999999999945,51,30789,135000,jul-17-2021_1456
267,0.0,0.0,0.0,0.0,1,0.0,0.0,0.0,0.0,0.0,0.0,0.0,0.0,0.5,0.0,500,400000,0.004999999888241291,30,True,1.0,-0.6666666865348816,0.0,0.0,0.0,0.0,1.0,0.0,0.0,0.0,0.0,0.0,0.0,0.0,0.0,1.0,30.0,31.444,31.44399999999996,49,10939,185000,jul-17-2021_1456
268,0.0,0.0,0.0,0.0,1,0.0,0.0,0.0,0.0,0.0,0.0,0.0,0.0,0.5,0.0,500,400000,0.004999999888241291,30,True,1.0,-0.3333333432674408,0.0,0.0,0.0,0.0,1.0,0.0,0.0,0.0,0.0,0.0,0.0,0.0,0.0,1.0,30.0,29.196,29.196000000000026,47,8696,185000,jul-17-2021_1456
269,0.0,0.0,0.0,0.0,1,0.0,0.0,0.0,0.0,0.0,0.0,0.0,0.0,0.5,0.0,500,400000,0.004999999888241291,30,True,1.0,0.0,0.0,0.0,0.0,0.0,1.0,0.0,0.0,0.0,0.0,0.0,0.0,0.0,0.0,1.0,30.0,30.82,30.82000000000005,47,12255,235000,jul-17-2021_1456
270,0.0,0.0,0.0,0.0,1,0.0,0.0,0.0,0.0,0.0,0.0,0.0,0.0,0.5,0.0,500,400000,0.004999999888241291,30,True,1.0,0.3333333432674408,0.0,0.0,0.0,0.0,1.0,0.0,0.0,0.0,0.0,0.0,0.0,0.0,0.0,1.0,30.0,33.532,33.53200000000004,48,14011,230000,jul-17-2021_1456
271,0.0,0.0,0.0,0.0,1,0.0,0.0,0.0,0.0,0.0,0.0,0.0,0.0,0.5,0.0,500,400000,0.004999999888241291,30,True,1.0,0.6666666865348816,0.0,0.0,0.0,0.0,1.0,0.0,0.0,0.0,0.0,0.0,0.0,0.0,0.0,1.0,30.0,32.168,32.168000000000006,50,11907,190000,jul-17-2021_1456
272,0.0,0.0,0.0,0.0,1,0.0,0.0,0.0,0.0,0.0,0.0,0.0,0.0,0.5,0.0,500,400000,0.004999999888241291,30,True,1.0,1.0,0.0,0.0,0.0,0.0,1.0,0.0,0.0,0.0,0.0,0.0,0.0,0.0,0.0,1.0,30.0,27.656,27.65599999999995,43,8241,315000,jul-17-2021_1456
273,0.0,0.0,0.0,0.0,1,0.0,0.0,0.0,0.0,0.0,0.0,0.0,0.0,0.5,0.0,500,400000,0.004999999888241291,30,True,1.3333333730697632,-1.0,0.0,0.0,0.0,0.0,1.0,0.0,0.0,0.0,0.0,0.0,0.0,0.0,0.0,0.0,0.0,0.0,45.76800000000003,50,29094,115000,jul-17-2021_1456
274,0.0,0.0,0.0,0.0,1,0.0,0.0,0.0,0.0,0.0,0.0,0.0,0.0,0.5,0.0,500,400000,0.004999999888241291,30,True,1.3333333730697632,-0.6666666865348816,0.0,0.0,0.0,0.0,1.0,0.0,0.0,0.0,0.0,0.0,0.0,0.0,0.0,0.0,0.0,0.0,55.77200000000005,51,42972,180000,jul-17-2021_1457
275,0.0,0.0,0.0,0.0,1,0.0,0.0,0.0,0.0,0.0,0.0,0.0,0.0,0.5,0.0,500,400000,0.004999999888241291,30,True,1.3333333730697632,-0.3333333432674408,0.0,0.0,0.0,0.0,1.0,0.0,0.0,0.0,0.0,0.0,0.0,0.0,0.0,0.862,25.752000104904173,52.06827676906113,44.68399999999997,51,40564,399999,jul-17-2021_1457
276,0.0,0.0,0.0,0.0,1,0.0,0.0,0.0,0.0,0.0,0.0,0.0,0.0,0.5,0.0,500,400000,0.004999999888241291,30,True,1.3333333730697632,0.0,0.0,0.0,0.0,0.0,1.0,0.0,0.0,0.0,0.0,0.0,0.0,0.0,0.0,0.044,1.7560000495910644,2.3337974656168643,48.73199999999997,51,72266,399999,jul-17-2021_1457
277,0.0,0.0,0.0,0.0,1,0.0,0.0,0.0,0.0,0.0,0.0,0.0,0.0,0.5,0.0,500,400000,0.004999999888241291,30,True,1.3333333730697632,0.3333333432674408,0.0,0.0,0.0,0.0,1.0,0.0,0.0,0.0,0.0,0.0,0.0,0.0,0.0,0.686,24.542666980981828,36.64818139058453,45.932000000000016,48,41928,399999,jul-17-2021_1457
278,0.0,0.0,0.0,0.0,1,0.0,0.0,0.0,0.0,0.0,0.0,0.0,0.0,0.5,0.0,500,400000,0.004999999888241291,30,True,1.3333333730697632,0.6666666865348816,0.0,0.0,0.0,0.0,1.0,0.0,0.0,0.0,0.0,0.0,0.0,0.0,0.0,0.942,29.836000091195107,43.02643826112976,41.384000000000015,48,28082,399999,jul-17-2021_1457
279,0.0,0.0,0.0,0.0,1,0.0,0.0,0.0,0.0,0.0,0.0,0.0,0.0,0.5,0.0,500,400000,0.004999999888241291,30,True,1.3333333730697632,1.0,0.0,0.0,0.0,0.0,1.0,0.0,0.0,0.0,0.0,0.0,0.0,0.0,0.0,1.0,30.0,26.892,26.892000000000053,46,7786,115000,jul-17-2021_1457
280,0.0,0.0,0.0,0.0,1,0.0,0.0,0.0,0.0,0.0,0.0,0.0,0.0,0.5,0.0,500,400000,0.004999999888241291,30,True,1.6666666269302368,-1.0,0.0,0.0,0.0,0.0,1.0,0.0,0.0,0.0,0.0,0.0,0.0,0.0,0.0,0.0,0.0,0.0,54.587999999999965,49,62247,245000,jul-17-2021_1457
281,0.0,0.0,0.0,0.0,1,0.0,0.0,0.0,0.0,0.0,0.0,0.0,0.0,0.5,0.0,500,400000,0.004999999888241291,30,True,1.6666666269302368,-0.6666666865348816,0.0,0.0,0.0,0.0,1.0,0.0,0.0,0.0,0.0,0.0,0.0,0.0,0.0,0.0,0.0,0.0,46.087999999999965,51,27883,120000,jul-17-2021_1457
282,0.0,0.0,0.0,0.0,1,0.0,0.0,0.0,0.0,0.0,0.0,0.0,0.0,0.5,0.0,500,400000,0.004999999888241291,30,True,1.6666666269302368,-0.3333333432674408,0.0,0.0,0.0,0.0,1.0,0.0,0.0,0.0,0.0,0.0,0.0,0.0,0.0,0.0,0.0,0.0,53.96799999999996,56,88857,395000,jul-17-2021_1458
283,0.0,0.0,0.0,0.0,1,0.0,0.0,0.0,0.0,0.0,0.0,0.0,0.0,0.5,0.0,500,400000,0.004999999888241291,30,True,1.6666666269302368,0.0,0.0,0.0,0.0,0.0,1.0,0.0,0.0,0.0,0.0,0.0,0.0,0.0,0.0,0.104,4.917333226680755,8.03672140145705,56.988000000000056,54,70064,399999,jul-17-2021_1458
284,0.0,0.0,0.0,0.0,1,0.0,0.0,0.0,0.0,0.0,0.0,0.0,0.0,0.5,0.0,500,400000,0.004999999888241291,30,True,1.6666666269302368,0.3333333432674408,0.0,0.0,0.0,0.0,1.0,0.0,0.0,0.0,0.0,0.0,0.0,0.0,0.0,0.41,19.395999790668487,33.695182508026555,44.200000000000045,52,22205,399999,jul-17-2021_1458
285,0.0,0.0,0.0,0.0,1,0.0,0.0,0.0,0.0,0.0,0.0,0.0,0.0,0.5,0.0,500,400000,0.004999999888241291,30,True,1.6666666269302368,0.6666666865348816,0.0,0.0,0.0,0.0,1.0,0.0,0.0,0.0,0.0,0.0,0.0,0.0,0.0,1.0,30.0,32.792,32.79200000000003,47,11406,275000,jul-17-2021_1458
286,0.0,0.0,0.0,0.0,1,0.0,0.0,0.0,0.0,0.0,0.0,0.0,0.0,0.5,0.0,500,400000,0.004999999888241291,30,True,1.6666666269302368,1.0,0.0,0.0,0.0,0.0,1.0,0.0,0.0,0.0,0.0,0.0,0.0,0.0,0.0,0.644,30.493333072662352,56.761954070705976,46.42399999999998,55,32689,399999,jul-17-2021_1458
287,0.0,0.0,0.0,0.0,1,0.0,0.0,0.0,0.0,0.0,0.0,0.0,0.0,0.5,0.0,500,400000,0.004999999888241291,30,True,2.0,-1.0,0.0,0.0,0.0,0.0,1.0,0.0,0.0,0.0,0.0,0.0,0.0,0.0,0.0,0.0,0.0,0.0,48.024,47,25893,105000,jul-17-2021_1458
288,0.0,0.0,0.0,0.0,1,0.0,0.0,0.0,0.0,0.0,0.0,0.0,0.0,0.5,0.0,500,400000,0.004999999888241291,30,True,2.0,-0.6666666865348816,0.0,0.0,0.0,0.0,1.0,0.0,0.0,0.0,0.0,0.0,0.0,0.0,0.0,0.0,0.0,0.0,43.05200000000002,49,25525,105000,jul-17-2021_1458
289,0.0,0.0,0.0,0.0,1,0.0,0.0,0.0,0.0,0.0,0.0,0.0,0.0,0.5,0.0,500,400000,0.004999999888241291,30,True,2.0,-0.3333333432674408,0.0,0.0,0.0,0.0,1.0,0.0,0.0,0.0,0.0,0.0,0.0,0.0,0.0,0.0,0.0,0.0,52.05600000000004,49,26982,110000,jul-17-2021_1458
290,0.0,0.0,0.0,0.0,1,0.0,0.0,0.0,0.0,0.0,0.0,0.0,0.0,0.5,0.0,500,400000,0.004999999888241291,30,True,2.0,0.0,0.0,0.0,0.0,0.0,1.0,0.0,0.0,0.0,0.0,0.0,0.0,0.0,0.0,0.246,13.036,33.650704000000005,49.375999999999976,59,63447,399999,jul-17-2021_1459
291,0.0,0.0,0.0,0.0,1,0.0,0.0,0.0,0.0,0.0,0.0,0.0,0.0,0.5,0.0,500,400000,0.004999999888241291,30,True,2.0,0.3333333432674408,0.0,0.0,0.0,0.0,1.0,0.0,0.0,0.0,0.0,0.0,0.0,0.0,0.0,0.532,25.866000071704388,72.58715463666898,50.89999999999998,61,59713,399999,jul-17-2021_1459
292,0.0,0.0,0.0,0.0,1,0.0,0.0,0.0,0.0,0.0,0.0,0.0,0.0,0.5,0.0,500,400000,0.004999999888241291,30,True,2.0,0.6666666865348816,0.0,0.0,0.0,0.0,1.0,0.0,0.0,0.0,0.0,0.0,0.0,0.0,0.0,0.488,26.83333347594738,54.050444403900066,47.700000000000045,52,64454,399999,jul-17-2021_1459
293,0.0,0.0,0.0,0.0,1,0.0,0.0,0.0,0.0,0.0,0.0,0.0,0.0,0.5,0.0,500,400000,0.004999999888241291,30,True,2.0,1.0,0.0,0.0,0.0,0.0,1.0,0.0,0.0,0.0,0.0,0.0,0.0,0.0,0.0,1.0,30.0,36.952,36.952,50,17197,305000,jul-17-2021_1459
294,0.0,0.0,0.0,0.0,1,0.0,0.0,0.0,0.0,0.0,0.0,0.0,0.0,0.5,0.0,500,400000,0.004999999888241291,30,True,0.0,-1.0,0.0,0.0,0.0,0.0,1.0,0.0,0.0,0.0,0.0,0.0,0.0,0.0,0.0,1.0,30.0,18.912,18.912000000000035,43,4498,90000,jul-17-2021_1459
295,0.0,0.0,0.0,0.0,1,0.0,0.0,0.0,0.0,0.0,0.0,0.0,0.0,0.5,0.0,500,400000,0.004999999888241291,30,True,0.0,-0.6666666865348816,0.0,0.0,0.0,0.0,1.0,0.0,0.0,0.0,0.0,0.0,0.0,0.0,0.0,1.0,30.0,24.684,24.68399999999997,47,7238,100000,jul-17-2021_1459
296,0.0,0.0,0.0,0.0,1,0.0,0.0,0.0,0.0,0.0,0.0,0.0,0.0,0.5,0.0,500,400000,0.004999999888241291,30,True,0.0,-0.3333333432674408,0.0,0.0,0.0,0.0,1.0,0.0,0.0,0.0,0.0,0.0,0.0,0.0,0.0,1.0,30.0,23.064,23.063999999999965,44,7010,135000,jul-17-2021_1459
297,0.0,0.0,0.0,0.0,1,0.0,0.0,0.0,0.0,0.0,0.0,0.0,0.0,0.5,0.0,500,400000,0.004999999888241291,30,True,0.0,0.0,0.0,0.0,0.0,0.0,1.0,0.0,0.0,0.0,0.0,0.0,0.0,0.0,0.0,1.0,30.0,16.416,16.416000000000054,40,4250,65000,jul-17-2021_1459
298,0.0,0.0,0.0,0.0,1,0.0,0.0,0.0,0.0,0.0,0.0,0.0,0.0,0.5,0.0,500,400000,0.004999999888241291,30,True,0.0,0.3333333432674408,0.0,0.0,0.0,0.0,1.0,0.0,0.0,0.0,0.0,0.0,0.0,0.0,0.0,1.0,30.0,10.252,10.251999999999953,41,2377,55000,jul-17-2021_1459
299,0.0,0.0,0.0,0.0,1,0.0,0.0,0.0,0.0,0.0,0.0,0.0,0.0,0.5,0.0,500,400000,0.004999999888241291,30,True,0.0,0.6666666865348816,0.0,0.0,0.0,0.0,1.0,0.0,0.0,0.0,0.0,0.0,0.0,0.0,0.0,1.0,30.0,9.952,9.951999999999998,39,2466,55000,jul-17-2021_1459
300,0.0,0.0,0.0,0.0,1,0.0,0.0,0.0,0.0,0.0,0.0,0.0,0.0,0.5,0.0,500,400000,0.004999999888241291,30,True,0.0,1.0,0.0,0.0,0.0,0.0,1.0,0.0,0.0,0.0,0.0,0.0,0.0,0.0,0.0,1.0,30.0,13.812,13.812000000000012,40,3177,90000,jul-17-2021_1459
301,0.0,0.0,0.0,0.0,1,0.0,0.0,0.0,0.0,0.0,0.0,0.0,0.0,0.5,0.0,500,400000,0.004999999888241291,30,True,0.3333333432674408,-1.0,0.0,0.0,0.0,0.0,1.0,0.0,0.0,0.0,0.0,0.0,0.0,0.0,0.0,0.0,0.0,0.0,41.559999999999945,49,22794,100000,jul-17-2021_1500
302,0.0,0.0,0.0,0.0,1,0.0,0.0,0.0,0.0,0.0,0.0,0.0,0.0,0.5,0.0,500,400000,0.004999999888241291,30,True,0.3333333432674408,-0.6666666865348816,0.0,0.0,0.0,0.0,1.0,0.0,0.0,0.0,0.0,0.0,0.0,0.0,0.0,1.0,30.0,30.648,30.648000000000025,47,9285,165000,jul-17-2021_1500
303,0.0,0.0,0.0,0.0,1,0.0,0.0,0.0,0.0,0.0,0.0,0.0,0.0,0.5,0.0,500,400000,0.004999999888241291,30,True,0.3333333432674408,-0.3333333432674408,0.0,0.0,0.0,0.0,1.0,0.0,0.0,0.0,0.0,0.0,0.0,0.0,0.0,1.0,30.0,47.56,47.559999999999945,49,25741,220000,jul-17-2021_1500
304,0.0,0.0,0.0,0.0,1,0.0,0.0,0.0,0.0,0.0,0.0,0.0,0.0,0.5,0.0,500,400000,0.004999999888241291,30,True,0.3333333432674408,0.0,0.0,0.0,0.0,0.0,1.0,0.0,0.0,0.0,0.0,0.0,0.0,0.0,0.0,1.0,30.0,20.868,20.868000000000052,42,5113,130000,jul-17-2021_1500
305,0.0,0.0,0.0,0.0,1,0.0,0.0,0.0,0.0,0.0,0.0,0.0,0.0,0.5,0.0,500,400000,0.004999999888241291,30,True,0.3333333432674408,0.3333333432674408,0.0,0.0,0.0,0.0,1.0,0.0,0.0,0.0,0.0,0.0,0.0,0.0,0.0,1.0,30.0,18.096,18.096000000000004,42,4859,90000,jul-17-2021_1500
306,0.0,0.0,0.0,0.0,1,0.0,0.0,0.0,0.0,0.0,0.0,0.0,0.0,0.5,0.0,500,400000,0.004999999888241291,30,True,0.3333333432674408,0.6666666865348816,0.0,0.0,0.0,0.0,1.0,0.0,0.0,0.0,0.0,0.0,0.0,0.0,0.0,1.0,30.0,16.14,16.139999999999986,41,4024,90000,jul-17-2021_1500
307,0.0,0.0,0.0,0.0,1,0.0,0.0,0.0,0.0,0.0,0.0,0.0,0.0,0.5,0.0,500,400000,0.004999999888241291,30,True,0.3333333432674408,1.0,0.0,0.0,0.0,0.0,1.0,0.0,0.0,0.0,0.0,0.0,0.0,0.0,0.0,1.0,30.0,15.092,15.091999999999985,43,4091,130000,jul-17-2021_1500
308,0.0,0.0,0.0,0.0,1,0.0,0.0,0.0,0.0,0.0,0.0,0.0,0.0,0.5,0.0,500,400000,0.004999999888241291,30,True,0.6666666865348816,-1.0,0.0,0.0,0.0,0.0,1.0,0.0,0.0,0.0,0.0,0.0,0.0,0.0,0.0,0.0,0.0,0.0,42.196000000000026,47,22300,85000,jul-17-2021_1500
309,0.0,0.0,0.0,0.0,1,0.0,0.0,0.0,0.0,0.0,0.0,0.0,0.0,0.5,0.0,500,400000,0.004999999888241291,30,True,0.6666666865348816,-0.6666666865348816,0.0,0.0,0.0,0.0,1.0,0.0,0.0,0.0,0.0,0.0,0.0,0.0,0.0,1.0,30.0,25.756,25.755999999999972,43,7708,160000,jul-17-2021_1500
310,0.0,0.0,0.0,0.0,1,0.0,0.0,0.0,0.0,0.0,0.0,0.0,0.0,0.5,0.0,500,400000,0.004999999888241291,30,True,0.6666666865348816,-0.3333333432674408,0.0,0.0,0.0,0.0,1.0,0.0,0.0,0.0,0.0,0.0,0.0,0.0,0.0,1.0,30.0,30.9,30.899999999999977,46,11080,205000,jul-17-2021_1500
311,0.0,0.0,0.0,0.0,1,0.0,0.0,0.0,0.0,0.0,0.0,0.0,0.0,0.5,0.0,500,400000,0.004999999888241291,30,True,0.6666666865348816,0.0,0.0,0.0,0.0,0.0,1.0,0.0,0.0,0.0,0.0,0.0,0.0,0.0,0.0,1.0,30.0,20.176,20.176000000000045,42,5139,145000,jul-17-2021_1500
312,0.0,0.0,0.0,0.0,1,0.0,0.0,0.0,0.0,0.0,0.0,0.0,0.0,0.5,0.0,500,400000,0.004999999888241291,30,True,0.6666666865348816,0.3333333432674408,0.0,0.0,0.0,0.0,1.0,0.0,0.0,0.0,0.0,0.0,0.0,0.0,0.0,1.0,30.0,28.58,28.58000000000004,47,8460,145000,jul-17-2021_1500
313,0.0,0.0,0.0,0.0,1,0.0,0.0,0.0,0.0,0.0,0.0,0.0,0.0,0.5,0.0,500,400000,0.004999999888241291,30,True,0.6666666865348816,0.6666666865348816,0.0,0.0,0.0,0.0,1.0,0.0,0.0,0.0,0.0,0.0,0.0,0.0,0.0,1.0,30.0,11.332,11.331999999999994,39,2980,105000,jul-17-2021_1500
314,0.0,0.0,0.0,0.0,1,0.0,0.0,0.0,0.0,0.0,0.0,0.0,0.0,0.5,0.0,500,400000,0.004999999888241291,30,True,0.6666666865348816,1.0,0.0,0.0,0.0,0.0,1.0,0.0,0.0,0.0,0.0,0.0,0.0,0.0,0.0,1.0,30.0,12.144,12.144000000000005,39,2976,95000,jul-17-2021_1500
315,0.0,0.0,0.0,0.0,1,0.0,0.0,0.0,0.0,0.0,0.0,0.0,0.0,0.5,0.0,500,400000,0.004999999888241291,30,True,1.0,-1.0,0.0,0.0,0.0,0.0,1.0,0.0,0.0,0.0,0.0,0.0,0.0,0.0,0.0,0.0,0.0,0.0,44.152000000000044,56,25607,105000,jul-17-2021_1500
316,0.0,0.0,0.0,0.0,1,0.0,0.0,0.0,0.0,0.0,0.0,0.0,0.0,0.5,0.0,500,400000,0.004999999888241291,30,True,1.0,-0.6666666865348816,0.0,0.0,0.0,0.0,1.0,0.0,0.0,0.0,0.0,0.0,0.0,0.0,0.0,0.0,0.0,0.0,46.81600000000003,51,45254,205000,jul-17-2021_1500
317,0.0,0.0,0.0,0.0,1,0.0,0.0,0.0,0.0,0.0,0.0,0.0,0.0,0.5,0.0,500,400000,0.004999999888241291,30,True,1.0,-0.3333333432674408,0.0,0.0,0.0,0.0,1.0,0.0,0.0,0.0,0.0,0.0,0.0,0.0,0.0,0.284,6.482666609346866,14.062588924612584,48.27999999999997,47,76515,399999,jul-17-2021_1501
318,0.0,0.0,0.0,0.0,1,0.0,0.0,0.0,0.0,0.0,0.0,0.0,0.0,0.5,0.0,500,400000,0.004999999888241291,30,True,1.0,0.0,0.0,0.0,0.0,0.0,1.0,0.0,0.0,0.0,0.0,0.0,0.0,0.0,0.0,1.0,30.0,37.4,37.39999999999998,46,17102,225000,jul-17-2021_1501
319,0.0,0.0,0.0,0.0,1,0.0,0.0,0.0,0.0,0.0,0.0,0.0,0.0,0.5,0.0,500,400000,0.004999999888241291,30,True,1.0,0.3333333432674408,0.0,0.0,0.0,0.0,1.0,0.0,0.0,0.0,0.0,0.0,0.0,0.0,0.0,1.0,30.0,39.964,39.964000000000055,50,19923,270000,jul-17-2021_1501
320,0.0,0.0,0.0,0.0,1,0.0,0.0,0.0,0.0,0.0,0.0,0.0,0.0,0.5,0.0,500,400000,0.004999999888241291,30,True,1.0,0.6666666865348816,0.0,0.0,0.0,0.0,1.0,0.0,0.0,0.0,0.0,0.0,0.0,0.0,0.0,1.0,30.0,14.424,14.423999999999978,40,3848,100000,jul-17-2021_1501
321,0.0,0.0,0.0,0.0,1,0.0,0.0,0.0,0.0,0.0,0.0,0.0,0.0,0.5,0.0,500,400000,0.004999999888241291,30,True,1.0,1.0,0.0,0.0,0.0,0.0,1.0,0.0,0.0,0.0,0.0,0.0,0.0,0.0,0.0,1.0,30.0,21.028,21.02800000000002,42,5815,170000,jul-17-2021_1501
322,0.0,0.0,0.0,0.0,1,0.0,0.0,0.0,0.0,0.0,0.0,0.0,0.0,0.5,0.0,500,400000,0.004999999888241291,30,True,1.3333333730697632,-1.0,0.0,0.0,0.0,0.0,1.0,0.0,0.0,0.0,0.0,0.0,0.0,0.0,0.0,0.0,0.0,0.0,48.855999999999995,53,42110,155000,jul-17-2021_1501
323,0.0,0.0,0.0,0.0,1,0.0,0.0,0.0,0.0,0.0,0.0,0.0,0.0,0.5,0.0,500,400000,0.004999999888241291,30,True,1.3333333730697632,-0.6666666865348816,0.0,0.0,0.0,0.0,1.0,0.0,0.0,0.0,0.0,0.0,0.0,0.0,0.0,0.0,0.0,0.0,52.48400000000004,52,46718,210000,jul-17-2021_1501
324,0.0,0.0,0.0,0.0,1,0.0,0.0,0.0,0.0,0.0,0.0,0.0,0.0,0.5,0.0,500,400000,0.004999999888241291,30,True,1.3333333730697632,-0.3333333432674408,0.0,0.0,0.0,0.0,1.0,0.0,0.0,0.0,0.0,0.0,0.0,0.0,0.0,0.536,16.28200021404028,44.3038133279976,52.976,52,66797,399999,jul-17-2021_1501
325,0.0,0.0,0.0,0.0,1,0.0,0.0,0.0,0.0,0.0,0.0,0.0,0.0,0.5,0.0,500,400000,0.004999999888241291,30,True,1.3333333730697632,0.0,0.0,0.0,0.0,0.0,1.0,0.0,0.0,0.0,0.0,0.0,0.0,0.0,0.0,0.658,21.950666926145555,36.696680109438084,40.615999999999985,47,36951,399999,jul-17-2021_1502
326,0.0,0.0,0.0,0.0,1,0.0,0.0,0.0,0.0,0.0,0.0,0.0,0.0,0.5,0.0,500,400000,0.004999999888241291,30,True,1.3333333730697632,0.3333333432674408,0.0,0.0,0.0,0.0,1.0,0.0,0.0,0.0,0.0,0.0,0.0,0.0,0.0,1.0,30.0,21.616,21.615999999999985,44,5280,125000,jul-17-2021_1502
327,0.0,0.0,0.0,0.0,1,0.0,0.0,0.0,0.0,0.0,0.0,0.0,0.0,0.5,0.0,500,400000,0.004999999888241291,30,True,1.3333333730697632,0.6666666865348816,0.0,0.0,0.0,0.0,1.0,0.0,0.0,0.0,0.0,0.0,0.0,0.0,0.0,1.0,30.0,32.212,32.21199999999999,45,10569,285000,jul-17-2021_1502
328,0.0,0.0,0.0,0.0,1,0.0,0.0,0.0,0.0,0.0,0.0,0.0,0.0,0.5,0.0,500,400000,0.004999999888241291,30,True,1.3333333730697632,1.0,0.0,0.0,0.0,0.0,1.0,0.0,0.0,0.0,0.0,0.0,0.0,0.0,0.0,1.0,30.0,29.712,29.71199999999999,47,8287,150000,jul-17-2021_1502
329,0.0,0.0,0.0,0.0,1,0.0,0.0,0.0,0.0,0.0,0.0,0.0,0.0,0.5,0.0,500,400000,0.004999999888241291,30,True,1.6666666269302368,-1.0,0.0,0.0,0.0,0.0,1.0,0.0,0.0,0.0,0.0,0.0,0.0,0.0,0.0,0.0,0.0,0.0,41.52800000000002,52,22267,90000,jul-17-2021_1502
330,0.0,0.0,0.0,0.0,1,0.0,0.0,0.0,0.0,0.0,0.0,0.0,0.0,0.5,0.0,500,400000,0.004999999888241291,30,True,1.6666666269302368,-0.6666666865348816,0.0,0.0,0.0,0.0,1.0,0.0,0.0,0.0,0.0,0.0,0.0,0.0,0.0,0.0,0.0,0.0,51.10000000000002,53,47128,210000,jul-17-2021_1502
331,0.0,0.0,0.0,0.0,1,0.0,0.0,0.0,0.0,0.0,0.0,0.0,0.0,0.5,0.0,500,400000,0.004999999888241291,30,True,1.6666666269302368,-0.3333333432674408,0.0,0.0,0.0,0.0,1.0,0.0,0.0,0.0,0.0,0.0,0.0,0.0,0.0,0.0,0.0,0.0,55.34400000000005,52,61924,290000,jul-17-2021_1502
332,0.0,0.0,0.0,0.0,1,0.0,0.0,0.0,0.0,0.0,0.0,0.0,0.0,0.5,0.0,500,400000,0.004999999888241291,30,True,1.6666666269302368,0.0,0.0,0.0,0.0,0.0,1.0,0.0,0.0,0.0,0.0,0.0,0.0,0.0,0.0,0.244,10.842666456699371,19.82857845824604,52.73199999999997,51,92769,399999,jul-17-2021_1502
333,0.0,0.0,0.0,0.0,1,0.0,0.0,0.0,0.0,0.0,0.0,0.0,0.0,0.5,0.0,500,400000,0.004999999888241291,30,True,1.6666666269302368,0.3333333432674408,0.0,0.0,0.0,0.0,1.0,0.0,0.0,0.0,0.0,0.0,0.0,0.0,0.0,0.378,17.67199980086088,28.562192638062474,46.0,51,46464,399999,jul-17-2021_1503
334,0.0,0.0,0.0,0.0,1,0.0,0.0,0.0,0.0,0.0,0.0,0.0,0.0,0.5,0.0,500,400000,0.004999999888241291,30,True,1.6666666269302368,0.6666666865348816,0.0,0.0,0.0,0.0,1.0,0.0,0.0,0.0,0.0,0.0,0.0,0.0,0.0,0.758,29.88999989449978,64.89656248217841,45.13599999999997,53,32906,399999,jul-17-2021_1503
335,0.0,0.0,0.0,0.0,1,0.0,0.0,0.0,0.0,0.0,0.0,0.0,0.0,0.5,0.0,500,400000,0.004999999888241291,30,True,1.6666666269302368,1.0,0.0,0.0,0.0,0.0,1.0,0.0,0.0,0.0,0.0,0.0,0.0,0.0,0.0,1.0,30.0,40.76,40.75999999999999,57,21125,370000,jul-17-2021_1503
336,0.0,0.0,0.0,0.0,1,0.0,0.0,0.0,0.0,0.0,0.0,0.0,0.0,0.5,0.0,500,400000,0.004999999888241291,30,True,2.0,-1.0,0.0,0.0,0.0,0.0,1.0,0.0,0.0,0.0,0.0,0.0,0.0,0.0,0.0,0.0,0.0,0.0,45.68399999999997,54,20322,75000,jul-17-2021_1503
337,0.0,0.0,0.0,0.0,1,0.0,0.0,0.0,0.0,0.0,0.0,0.0,0.0,0.5,0.0,500,400000,0.004999999888241291,30,True,2.0,-0.6666666865348816,0.0,0.0,0.0,0.0,1.0,0.0,0.0,0.0,0.0,0.0,0.0,0.0,0.0,0.0,0.0,0.0,58.067999999999984,54,54101,210000,jul-17-2021_1503
338,0.0,0.0,0.0,0.0,1,0.0,0.0,0.0,0.0,0.0,0.0,0.0,0.0,0.5,0.0,500,400000,0.004999999888241291,30,True,2.0,-0.3333333432674408,0.0,0.0,0.0,0.0,1.0,0.0,0.0,0.0,0.0,0.0,0.0,0.0,0.0,0.082,3.7993333124518394,15.851066609974255,57.73599999999999,54,85945,399999,jul-17-2021_1503
339,0.0,0.0,0.0,0.0,1,0.0,0.0,0.0,0.0,0.0,0.0,0.0,0.0,0.5,0.0,500,400000,0.004999999888241291,30,True,2.0,0.0,0.0,0.0,0.0,0.0,1.0,0.0,0.0,0.0,0.0,0.0,0.0,0.0,0.0,0.0,0.0,0.0,52.84400000000005,52,80612,395000,jul-17-2021_1504
340,0.0,0.0,0.0,0.0,1,0.0,0.0,0.0,0.0,0.0,0.0,0.0,0.0,0.5,0.0,500,400000,0.004999999888241291,30,True,2.0,0.3333333432674408,0.0,0.0,0.0,0.0,1.0,0.0,0.0,0.0,0.0,0.0,0.0,0.0,0.0,0.614,27.594666734576226,97.82281546586674,49.36400000000003,52,62550,399999,jul-17-2021_1504
341,0.0,0.0,0.0,0.0,1,0.0,0.0,0.0,0.0,0.0,0.0,0.0,0.0,0.5,0.0,500,400000,0.004999999888241291,30,True,2.0,0.6666666865348816,0.0,0.0,0.0,0.0,1.0,0.0,0.0,0.0,0.0,0.0,0.0,0.0,0.0,0.632,30.38933346772194,81.33864104527177,43.13599999999997,50,36824,399999,jul-17-2021_1504
342,0.0,0.0,0.0,0.0,1,0.0,0.0,0.0,0.0,0.0,0.0,0.0,0.0,0.5,0.0,500,400000,0.004999999888241291,30,True,2.0,1.0,0.0,0.0,0.0,0.0,1.0,0.0,0.0,0.0,0.0,0.0,0.0,0.0,0.0,0.67,32.846,86.946284,46.13599999999997,51,32835,399999,jul-17-2021_1504
343,0.0,0.0,0.0,0.0,1,0.0,0.0,0.0,0.0,0.0,0.0,0.0,0.0,0.5,0.0,500,400000,0.004999999888241291,30,True,0.0,-1.0,0.0,0.0,0.0,0.0,1.0,0.0,0.0,0.0,0.0,0.0,0.0,0.0,0.0,1.0,30.0,26.444,26.44399999999996,46,8859,100000,jul-17-2021_1504
344,0.0,0.0,0.0,0.0,1,0.0,0.0,0.0,0.0,0.0,0.0,0.0,0.0,0.5,0.0,500,400000,0.004999999888241291,30,True,0.0,-0.6666666865348816,0.0,0.0,0.0,0.0,1.0,0.0,0.0,0.0,0.0,0.0,0.0,0.0,0.0,1.0,30.0,25.416,25.416000000000054,45,8630,130000,jul-17-2021_1504
345,0.0,0.0,0.0,0.0,1,0.0,0.0,0.0,0.0,0.0,0.0,0.0,0.0,0.5,0.0,500,400000,0.004999999888241291,30,True,0.0,-0.3333333432674408,0.0,0.0,0.0,0.0,1.0,0.0,0.0,0.0,0.0,0.0,0.0,0.0,0.0,1.0,30.0,11.264,11.26400000000001,39,2682,75000,jul-17-2021_1504
346,0.0,0.0,0.0,0.0,1,0.0,0.0,0.0,0.0,0.0,0.0,0.0,0.0,0.5,0.0,500,400000,0.004999999888241291,30,True,0.0,0.0,0.0,0.0,0.0,0.0,1.0,0.0,0.0,0.0,0.0,0.0,0.0,0.0,0.0,1.0,30.0,14.464,14.464000000000055,40,3603,70000,jul-17-2021_1504
347,0.0,0.0,0.0,0.0,1,0.0,0.0,0.0,0.0,0.0,0.0,0.0,0.0,0.5,0.0,500,400000,0.004999999888241291,30,True,0.0,0.3333333432674408,0.0,0.0,0.0,0.0,1.0,0.0,0.0,0.0,0.0,0.0,0.0,0.0,0.0,1.0,30.0,22.98,22.980000000000018,42,5557,120000,jul-17-2021_1504
348,0.0,0.0,0.0,0.0,1,0.0,0.0,0.0,0.0,0.0,0.0,0.0,0.0,0.5,0.0,500,400000,0.004999999888241291,30,True,0.0,0.6666666865348816,0.0,0.0,0.0,0.0,1.0,0.0,0.0,0.0,0.0,0.0,0.0,0.0,0.0,1.0,30.0,9.708,9.70799999999997,40,2232,55000,jul-17-2021_1504
349,0.0,0.0,0.0,0.0,1,0.0,0.0,0.0,0.0,0.0,0.0,0.0,0.0,0.5,0.0,500,400000,0.004999999888241291,30,True,0.0,1.0,0.0,0.0,0.0,0.0,1.0,0.0,0.0,0.0,0.0,0.0,0.0,0.0,0.0,1.0,30.0,13.392,13.392000000000053,41,3024,95000,jul-17-2021_1504
350,0.0,0.0,0.0,0.0,1,0.0,0.0,0.0,0.0,0.0,0.0,0.0,0.0,0.5,0.0,500,400000,0.004999999888241291,30,True,0.3333333432674408,-1.0,0.0,0.0,0.0,0.0,1.0,0.0,0.0,0.0,0.0,0.0,0.0,0.0,0.0,0.0,0.0,0.0,48.111999999999966,56,33557,155000,jul-17-2021_1504
351,0.0,0.0,0.0,0.0,1,0.0,0.0,0.0,0.0,0.0,0.0,0.0,0.0,0.5,0.0,500,400000,0.004999999888241291,30,True,0.3333333432674408,-0.6666666865348816,0.0,0.0,0.0,0.0,1.0,0.0,0.0,0.0,0.0,0.0,0.0,0.0,0.0,1.0,30.0,35.42,35.41999999999996,50,14331,145000,jul-17-2021_1504
352,0.0,0.0,0.0,0.0,1,0.0,0.0,0.0,0.0,0.0,0.0,0.0,0.0,0.5,0.0,500,400000,0.004999999888241291,30,True,0.3333333432674408,-0.3333333432674408,0.0,0.0,0.0,0.0,1.0,0.0,0.0,0.0,0.0,0.0,0.0,0.0,0.0,1.0,30.0,16.064,16.063999999999965,41,4350,95000,jul-17-2021_1504
353,0.0,0.0,0.0,0.0,1,0.0,0.0,0.0,0.0,0.0,0.0,0.0,0.0,0.5,0.0,500,400000,0.004999999888241291,30,True,0.3333333432674408,0.0,0.0,0.0,0.0,0.0,1.0,0.0,0.0,0.0,0.0,0.0,0.0,0.0,0.0,1.0,30.0,16.296,16.29600000000005,42,3845,105000,jul-17-2021_1505
354,0.0,0.0,0.0,0.0,1,0.0,0.0,0.0,0.0,0.0,0.0,0.0,0.0,0.5,0.0,500,400000,0.004999999888241291,30,True,0.3333333432674408,0.3333333432674408,0.0,0.0,0.0,0.0,1.0,0.0,0.0,0.0,0.0,0.0,0.0,0.0,0.0,1.0,30.0,36.9,36.89999999999998,51,17921,165000,jul-17-2021_1505
355,0.0,0.0,0.0,0.0,1,0.0,0.0,0.0,0.0,0.0,0.0,0.0,0.0,0.5,0.0,500,400000,0.004999999888241291,30,True,0.3333333432674408,0.6666666865348816,0.0,0.0,0.0,0.0,1.0,0.0,0.0,0.0,0.0,0.0,0.0,0.0,0.0,1.0,30.0,15.852,15.851999999999975,43,3855,80000,jul-17-2021_1505
356,0.0,0.0,0.0,0.0,1,0.0,0.0,0.0,0.0,0.0,0.0,0.0,0.0,0.5,0.0,500,400000,0.004999999888241291,30,True,0.3333333432674408,1.0,0.0,0.0,0.0,0.0,1.0,0.0,0.0,0.0,0.0,0.0,0.0,0.0,0.0,1.0,30.0,8.736,8.73599999999999,40,2013,70000,jul-17-2021_1505
357,0.0,0.0,0.0,0.0,1,0.0,0.0,0.0,0.0,0.0,0.0,0.0,0.0,0.5,0.0,500,400000,0.004999999888241291,30,True,0.6666666865348816,-1.0,0.0,0.0,0.0,0.0,1.0,0.0,0.0,0.0,0.0,0.0,0.0,0.0,0.0,1.0,30.0,22.356,22.355999999999995,48,6339,120000,jul-17-2021_1505
358,0.0,0.0,0.0,0.0,1,0.0,0.0,0.0,0.0,0.0,0.0,0.0,0.0,0.5,0.0,500,400000,0.004999999888241291,30,True,0.6666666865348816,-0.6666666865348816,0.0,0.0,0.0,0.0,1.0,0.0,0.0,0.0,0.0,0.0,0.0,0.0,0.0,1.0,30.0,21.904,21.903999999999996,48,6356,185000,jul-17-2021_1505
359,0.0,0.0,0.0,0.0,1,0.0,0.0,0.0,0.0,0.0,0.0,0.0,0.0,0.5,0.0,500,400000,0.004999999888241291,30,True,0.6666666865348816,-0.3333333432674408,0.0,0.0,0.0,0.0,1.0,0.0,0.0,0.0,0.0,0.0,0.0,0.0,0.0,1.0,30.0,20.316,20.31600000000003,43,4785,115000,jul-17-2021_1505
360,0.0,0.0,0.0,0.0,1,0.0,0.0,0.0,0.0,0.0,0.0,0.0,0.0,0.5,0.0,500,400000,0.004999999888241291,30,True,0.6666666865348816,0.0,0.0,0.0,0.0,0.0,1.0,0.0,0.0,0.0,0.0,0.0,0.0,0.0,0.0,1.0,30.0,23.952,23.951999999999998,44,6901,175000,jul-17-2021_1505
361,0.0,0.0,0.0,0.0,1,0.0,0.0,0.0,0.0,0.0,0.0,0.0,0.0,0.5,0.0,500,400000,0.004999999888241291,30,True,0.6666666865348816,0.3333333432674408,0.0,0.0,0.0,0.0,1.0,0.0,0.0,0.0,0.0,0.0,0.0,0.0,0.0,1.0,30.0,10.792,10.79200000000003,40,2328,50000,jul-17-2021_1505
362,0.0,0.0,0.0,0.0,1,0.0,0.0,0.0,0.0,0.0,0.0,0.0,0.0,0.5,0.0,500,400000,0.004999999888241291,30,True,0.6666666865348816,0.6666666865348816,0.0,0.0,0.0,0.0,1.0,0.0,0.0,0.0,0.0,0.0,0.0,0.0,0.0,1.0,30.0,8.624,8.624000000000024,38,2225,90000,jul-17-2021_1505
363,0.0,0.0,0.0,0.0,1,0.0,0.0,0.0,0.0,0.0,0.0,0.0,0.0,0.5,0.0,500,400000,0.004999999888241291,30,True,0.6666666865348816,1.0,0.0,0.0,0.0,0.0,1.0,0.0,0.0,0.0,0.0,0.0,0.0,0.0,0.0,1.0,30.0,20.24,20.24000000000001,44,5547,155000,jul-17-2021_1505
364,0.0,0.0,0.0,0.0,1,0.0,0.0,0.0,0.0,0.0,0.0,0.0,0.0,0.5,0.0,500,400000,0.004999999888241291,30,True,1.0,-1.0,0.0,0.0,0.0,0.0,1.0,0.0,0.0,0.0,0.0,0.0,0.0,0.0,0.0,1.0,30.0,27.832,27.831999999999994,50,9071,150000,jul-17-2021_1505
365,0.0,0.0,0.0,0.0,1,0.0,0.0,0.0,0.0,0.0,0.0,0.0,0.0,0.5,0.0,500,400000,0.004999999888241291,30,True,1.0,-0.6666666865348816,0.0,0.0,0.0,0.0,1.0,0.0,0.0,0.0,0.0,0.0,0.0,0.0,0.0,0.0,0.0,0.0,56.879999999999995,55,67247,385000,jul-17-2021_1505
366,0.0,0.0,0.0,0.0,1,0.0,0.0,0.0,0.0,0.0,0.0,0.0,0.0,0.5,0.0,500,400000,0.004999999888241291,30,True,1.0,-0.3333333432674408,0.0,0.0,0.0,0.0,1.0,0.0,0.0,0.0,0.0,0.0,0.0,0.0,0.0,1.0,30.0,16.672,16.672000000000025,40,4465,175000,jul-17-2021_1505
367,0.0,0.0,0.0,0.0,1,0.0,0.0,0.0,0.0,0.0,0.0,0.0,0.0,0.5,0.0,500,400000,0.004999999888241291,30,True,1.0,0.0,0.0,0.0,0.0,0.0,1.0,0.0,0.0,0.0,0.0,0.0,0.0,0.0,0.0,1.0,30.0,30.132,30.131999999999948,45,8756,175000,jul-17-2021_1505
368,0.0,0.0,0.0,0.0,1,0.0,0.0,0.0,0.0,0.0,0.0,0.0,0.0,0.5,0.0,500,400000,0.004999999888241291,30,True,1.0,0.3333333432674408,0.0,0.0,0.0,0.0,1.0,0.0,0.0,0.0,0.0,0.0,0.0,0.0,0.0,1.0,30.0,13.256,13.255999999999972,41,3286,100000,jul-17-2021_1505
369,0.0,0.0,0.0,0.0,1,0.0,0.0,0.0,0.0,0.0,0.0,0.0,0.0,0.5,0.0,500,400000,0.004999999888241291,30,True,1.0,0.6666666865348816,0.0,0.0,0.0,0.0,1.0,0.0,0.0,0.0,0.0,0.0,0.0,0.0,0.0,1.0,30.0,25.312,25.312000000000012,44,7400,160000,jul-17-2021_1505
370,0.0,0.0,0.0,0.0,1,0.0,0.0,0.0,0.0,0.0,0.0,0.0,0.0,0.5,0.0,500,400000,0.004999999888241291,30,True,1.0,1.0,0.0,0.0,0.0,0.0,1.0,0.0,0.0,0.0,0.0,0.0,0.0,0.0,0.0,1.0,30.0,16.748,16.748000000000047,42,4459,150000,jul-17-2021_1505
371,0.0,0.0,0.0,0.0,1,0.0,0.0,0.0,0.0,0.0,0.0,0.0,0.0,0.5,0.0,500,400000,0.004999999888241291,30,True,1.3333333730697632,-1.0,0.0,0.0,0.0,0.0,1.0,0.0,0.0,0.0,0.0,0.0,0.0,0.0,0.0,0.0,0.0,0.0,54.27999999999997,48,39655,145000,jul-17-2021_1506
372,0.0,0.0,0.0,0.0,1,0.0,0.0,0.0,0.0,0.0,0.0,0.0,0.0,0.5,0.0,500,400000,0.004999999888241291,30,True,1.3333333730697632,-0.6666666865348816,0.0,0.0,0.0,0.0,1.0,0.0,0.0,0.0,0.0,0.0,0.0,0.0,0.0,0.0,0.0,0.0,54.28800000000001,54,56326,235000,jul-17-2021_1506
373,0.0,0.0,0.0,0.0,1,0.0,0.0,0.0,0.0,0.0,0.0,0.0,0.0,0.5,0.0,500,400000,0.004999999888241291,30,True,1.3333333730697632,-0.3333333432674408,0.0,0.0,0.0,0.0,1.0,0.0,0.0,0.0,0.0,0.0,0.0,0.0,0.0,0.0,0.0,0.0,51.78399999999999,50,27941,115000,jul-17-2021_1506
374,0.0,0.0,0.0,0.0,1,0.0,0.0,0.0,0.0,0.0,0.0,0.0,0.0,0.5,0.0,500,400000,0.004999999888241291,30,True,1.3333333730697632,0.0,0.0,0.0,0.0,0.0,1.0,0.0,0.0,0.0,0.0,0.0,0.0,0.0,0.0,0.56,19.349333615541457,33.9437462508597,45.80799999999999,56,29105,399999,jul-17-2021_1506
375,0.0,0.0,0.0,0.0,1,0.0,0.0,0.0,0.0,0.0,0.0,0.0,0.0,0.5,0.0,500,400000,0.004999999888241291,30,True,1.3333333730697632,0.3333333432674408,0.0,0.0,0.0,0.0,1.0,0.0,0.0,0.0,0.0,0.0,0.0,0.0,0.0,0.926,29.22200009328127,47.19005038351599,47.964000000000055,49,29980,399999,jul-17-2021_1506
376,0.0,0.0,0.0,0.0,1,0.0,0.0,0.0,0.0,0.0,0.0,0.0,0.0,0.5,0.0,500,400000,0.004999999888241291,30,True,1.3333333730697632,0.6666666865348816,0.0,0.0,0.0,0.0,1.0,0.0,0.0,0.0,0.0,0.0,0.0,0.0,0.0,0.802,28.672000259041788,40.416861435436566,42.87199999999996,50,33087,399999,jul-17-2021_1506
377,0.0,0.0,0.0,0.0,1,0.0,0.0,0.0,0.0,0.0,0.0,0.0,0.0,0.5,0.0,500,400000,0.004999999888241291,30,True,1.3333333730697632,1.0,0.0,0.0,0.0,0.0,1.0,0.0,0.0,0.0,0.0,0.0,0.0,0.0,0.0,1.0,30.0,25.344,25.34400000000005,43,8702,155000,jul-17-2021_1506
378,0.0,0.0,0.0,0.0,1,0.0,0.0,0.0,0.0,0.0,0.0,0.0,0.0,0.5,0.0,500,400000,0.004999999888241291,30,True,1.6666666269302368,-1.0,0.0,0.0,0.0,0.0,1.0,0.0,0.0,0.0,0.0,0.0,0.0,0.0,0.0,0.0,0.0,0.0,56.416000000000054,55,39848,150000,jul-17-2021_1506
379,0.0,0.0,0.0,0.0,1,0.0,0.0,0.0,0.0,0.0,0.0,0.0,0.0,0.5,0.0,500,400000,0.004999999888241291,30,True,1.6666666269302368,-0.6666666865348816,0.0,0.0,0.0,0.0,1.0,0.0,0.0,0.0,0.0,0.0,0.0,0.0,0.0,0.0,0.0,0.0,49.639999999999986,50,31685,120000,jul-17-2021_1506
380,0.0,0.0,0.0,0.0,1,0.0,0.0,0.0,0.0,0.0,0.0,0.0,0.0,0.5,0.0,500,400000,0.004999999888241291,30,True,1.6666666269302368,-0.3333333432674408,0.0,0.0,0.0,0.0,1.0,0.0,0.0,0.0,0.0,0.0,0.0,0.0,0.0,0.0,0.0,0.0,45.960000000000036,52,43972,325000,jul-17-2021_1507
381,0.0,0.0,0.0,0.0,1,0.0,0.0,0.0,0.0,0.0,0.0,0.0,0.0,0.5,0.0,500,400000,0.004999999888241291,30,True,1.6666666269302368,0.0,0.0,0.0,0.0,0.0,1.0,0.0,0.0,0.0,0.0,0.0,0.0,0.0,0.0,0.144,6.777333188533783,12.860641151791478,53.63599999999997,55,67911,399999,jul-17-2021_1507
382,0.0,0.0,0.0,0.0,1,0.0,0.0,0.0,0.0,0.0,0.0,0.0,0.0,0.5,0.0,500,400000,0.004999999888241291,30,True,1.6666666269302368,0.3333333432674408,0.0,0.0,0.0,0.0,1.0,0.0,0.0,0.0,0.0,0.0,0.0,0.0,0.0,0.696,27.14799982178211,61.64831421110372,48.511999999999944,48,40435,399999,jul-17-2021_1507
383,0.0,0.0,0.0,0.0,1,0.0,0.0,0.0,0.0,0.0,0.0,0.0,0.0,0.5,0.0,500,400000,0.004999999888241291,30,True,1.6666666269302368,0.6666666865348816,0.0,0.0,0.0,0.0,1.0,0.0,0.0,0.0,0.0,0.0,0.0,0.0,0.0,0.772,29.745999899506568,65.3859243579476,44.379999999999995,52,41159,399999,jul-17-2021_1507
384,0.0,0.0,0.0,0.0,1,0.0,0.0,0.0,0.0,0.0,0.0,0.0,0.0,0.5,0.0,500,400000,0.004999999888241291,30,True,1.6666666269302368,1.0,0.0,0.0,0.0,0.0,1.0,0.0,0.0,0.0,0.0,0.0,0.0,0.0,0.0,1.0,30.0,34.32,34.32000000000005,50,12568,185000,jul-17-2021_1507
385,0.0,0.0,0.0,0.0,1,0.0,0.0,0.0,0.0,0.0,0.0,0.0,0.0,0.5,0.0,500,400000,0.004999999888241291,30,True,2.0,-1.0,0.0,0.0,0.0,0.0,1.0,0.0,0.0,0.0,0.0,0.0,0.0,0.0,0.0,0.0,0.0,0.0,51.48000000000002,51,41308,160000,jul-17-2021_1507
386,0.0,0.0,0.0,0.0,1,0.0,0.0,0.0,0.0,0.0,0.0,0.0,0.0,0.5,0.0,500,400000,0.004999999888241291,30,True,2.0,-0.6666666865348816,0.0,0.0,0.0,0.0,1.0,0.0,0.0,0.0,0.0,0.0,0.0,0.0,0.0,0.0,0.0,0.0,41.067999999999984,49,19274,90000,jul-17-2021_1507
387,0.0,0.0,0.0,0.0,1,0.0,0.0,0.0,0.0,0.0,0.0,0.0,0.0,0.5,0.0,500,400000,0.004999999888241291,30,True,2.0,-0.3333333432674408,0.0,0.0,0.0,0.0,1.0,0.0,0.0,0.0,0.0,0.0,0.0,0.0,0.0,0.0,0.0,0.0,51.596000000000004,55,81463,310000,jul-17-2021_1508
388,0.0,0.0,0.0,0.0,1,0.0,0.0,0.0,0.0,0.0,0.0,0.0,0.0,0.5,0.0,500,400000,0.004999999888241291,30,True,2.0,0.0,0.0,0.0,0.0,0.0,1.0,0.0,0.0,0.0,0.0,0.0,0.0,0.0,0.0,0.0,0.0,0.0,58.89599999999996,54,59501,235000,jul-17-2021_1508
389,0.0,0.0,0.0,0.0,1,0.0,0.0,0.0,0.0,0.0,0.0,0.0,0.0,0.5,0.0,500,400000,0.004999999888241291,30,True,2.0,0.3333333432674408,0.0,0.0,0.0,0.0,1.0,0.0,0.0,0.0,0.0,0.0,0.0,0.0,0.0,0.674,28.85333339560032,95.08026619333904,42.775999999999954,49,47905,399999,jul-17-2021_1508
390,0.0,0.0,0.0,0.0,1,0.0,0.0,0.0,0.0,0.0,0.0,0.0,0.0,0.5,0.0,500,400000,0.004999999888241291,30,True,2.0,0.6666666865348816,0.0,0.0,0.0,0.0,1.0,0.0,0.0,0.0,0.0,0.0,0.0,0.0,0.0,0.634,30.617333468675614,79.5957876983556,42.28800000000001,51,39560,399999,jul-17-2021_1508
391,0.0,0.0,0.0,0.0,1,0.0,0.0,0.0,0.0,0.0,0.0,0.0,0.0,0.5,0.0,500,400000,0.004999999888241291,30,True,2.0,1.0,0.0,0.0,0.0,0.0,1.0,0.0,0.0,0.0,0.0,0.0,0.0,0.0,0.0,0.642,32.456,67.400064,42.148000000000025,53,44626,399999,jul-17-2021_1508
392,0.0,0.0,0.0,0.0,1,0.0,0.0,0.0,0.0,0.0,0.0,0.0,0.0,0.5,0.0,500,400000,0.004999999888241291,30,True,0.0,-1.0,0.0,0.0,0.0,0.0,1.0,0.0,0.0,0.0,0.0,0.0,0.0,0.0,0.0,1.0,30.0,28.044,28.043999999999983,45,8020,120000,jul-17-2021_1508
393,0.0,0.0,0.0,0.0,1,0.0,0.0,0.0,0.0,0.0,0.0,0.0,0.0,0.5,0.0,500,400000,0.004999999888241291,30,True,0.0,-0.6666666865348816,0.0,0.0,0.0,0.0,1.0,0.0,0.0,0.0,0.0,0.0,0.0,0.0,0.0,1.0,30.0,33.924,33.92399999999998,48,9756,130000,jul-17-2021_1508
394,0.0,0.0,0.0,0.0,1,0.0,0.0,0.0,0.0,0.0,0.0,0.0,0.0,0.5,0.0,500,400000,0.004999999888241291,30,True,0.0,-0.3333333432674408,0.0,0.0,0.0,0.0,1.0,0.0,0.0,0.0,0.0,0.0,0.0,0.0,0.0,1.0,30.0,11.848,11.847999999999956,41,2726,55000,jul-17-2021_1508
395,0.0,0.0,0.0,0.0,1,0.0,0.0,0.0,0.0,0.0,0.0,0.0,0.0,0.5,0.0,500,400000,0.004999999888241291,30,True,0.0,0.0,0.0,0.0,0.0,0.0,1.0,0.0,0.0,0.0,0.0,0.0,0.0,0.0,0.0,1.0,30.0,14.668,14.668000000000006,41,3759,80000,jul-17-2021_1508
396,0.0,0.0,0.0,0.0,1,0.0,0.0,0.0,0.0,0.0,0.0,0.0,0.0,0.5,0.0,500,400000,0.004999999888241291,30,True,0.0,0.3333333432674408,0.0,0.0,0.0,0.0,1.0,0.0,0.0,0.0,0.0,0.0,0.0,0.0,0.0,1.0,30.0,10.388,10.388000000000034,38,2295,60000,jul-17-2021_1508
397,0.0,0.0,0.0,0.0,1,0.0,0.0,0.0,0.0,0.0,0.0,0.0,0.0,0.5,0.0,500,400000,0.004999999888241291,30,True,0.0,0.6666666865348816,0.0,0.0,0.0,0.0,1.0,0.0,0.0,0.0,0.0,0.0,0.0,0.0,0.0,1.0,30.0,14.172,14.172000000000025,40,3841,95000,jul-17-2021_1508
398,0.0,0.0,0.0,0.0,1,0.0,0.0,0.0,0.0,0.0,0.0,0.0,0.0,0.5,0.0,500,400000,0.004999999888241291,30,True,0.0,1.0,0.0,0.0,0.0,0.0,1.0,0.0,0.0,0.0,0.0,0.0,0.0,0.0,0.0,1.0,30.0,9.52,9.519999999999982,38,2205,60000,jul-17-2021_1508
399,0.0,0.0,0.0,0.0,1,0.0,0.0,0.0,0.0,0.0,0.0,0.0,0.0,0.5,0.0,500,400000,0.004999999888241291,30,True,0.3333333432674408,-1.0,0.0,0.0,0.0,0.0,1.0,0.0,0.0,0.0,0.0,0.0,0.0,0.0,0.0,0.0,0.0,0.0,49.696000000000026,52,42056,210000,jul-17-2021_1508
400,0.0,0.0,0.0,0.0,1,0.0,0.0,0.0,0.0,0.0,0.0,0.0,0.0,0.5,0.0,500,400000,0.004999999888241291,30,True,0.3333333432674408,-0.6666666865348816,0.0,0.0,0.0,0.0,1.0,0.0,0.0,0.0,0.0,0.0,0.0,0.0,0.0,0.0,0.0,0.0,50.351999999999975,52,70930,340000,jul-17-2021_1509
401,0.0,0.0,0.0,0.0,1,0.0,0.0,0.0,0.0,0.0,0.0,0.0,0.0,0.5,0.0,500,400000,0.004999999888241291,30,True,0.3333333432674408,-0.3333333432674408,0.0,0.0,0.0,0.0,1.0,0.0,0.0,0.0,0.0,0.0,0.0,0.0,0.0,1.0,30.0,19.944,19.94399999999996,41,5096,80000,jul-17-2021_1509
402,0.0,0.0,0.0,0.0,1,0.0,0.0,0.0,0.0,0.0,0.0,0.0,0.0,0.5,0.0,500,400000,0.004999999888241291,30,True,0.3333333432674408,0.0,0.0,0.0,0.0,0.0,1.0,0.0,0.0,0.0,0.0,0.0,0.0,0.0,0.0,1.0,30.0,31.316,31.31600000000003,45,11079,175000,jul-17-2021_1509
403,0.0,0.0,0.0,0.0,1,0.0,0.0,0.0,0.0,0.0,0.0,0.0,0.0,0.5,0.0,500,400000,0.004999999888241291,30,True,0.3333333432674408,0.3333333432674408,0.0,0.0,0.0,0.0,1.0,0.0,0.0,0.0,0.0,0.0,0.0,0.0,0.0,1.0,30.0,11.324,11.323999999999955,39,2743,70000,jul-17-2021_1509
404,0.0,0.0,0.0,0.0,1,0.0,0.0,0.0,0.0,0.0,0.0,0.0,0.0,0.5,0.0,500,400000,0.004999999888241291,30,True,0.3333333432674408,0.6666666865348816,0.0,0.0,0.0,0.0,1.0,0.0,0.0,0.0,0.0,0.0,0.0,0.0,0.0,1.0,30.0,21.344,21.34400000000005,43,5198,95000,jul-17-2021_1509
405,0.0,0.0,0.0,0.0,1,0.0,0.0,0.0,0.0,0.0,0.0,0.0,0.0,0.5,0.0,500,400000,0.004999999888241291,30,True,0.3333333432674408,1.0,0.0,0.0,0.0,0.0,1.0,0.0,0.0,0.0,0.0,0.0,0.0,0.0,0.0,1.0,30.0,15.616,15.615999999999985,41,3657,85000,jul-17-2021_1509
406,0.0,0.0,0.0,0.0,1,0.0,0.0,0.0,0.0,0.0,0.0,0.0,0.0,0.5,0.0,500,400000,0.004999999888241291,30,True,0.6666666865348816,-1.0,0.0,0.0,0.0,0.0,1.0,0.0,0.0,0.0,0.0,0.0,0.0,0.0,0.0,0.0,0.0,0.0,48.04399999999998,51,36396,185000,jul-17-2021_1509
407,0.0,0.0,0.0,0.0,1,0.0,0.0,0.0,0.0,0.0,0.0,0.0,0.0,0.5,0.0,500,400000,0.004999999888241291,30,True,0.6666666865348816,-0.6666666865348816,0.0,0.0,0.0,0.0,1.0,0.0,0.0,0.0,0.0,0.0,0.0,0.0,0.0,0.0,0.0,0.0,44.57600000000002,50,38267,140000,jul-17-2021_1509
408,0.0,0.0,0.0,0.0,1,0.0,0.0,0.0,0.0,0.0,0.0,0.0,0.0,0.5,0.0,500,400000,0.004999999888241291,30,True,0.6666666865348816,-0.3333333432674408,0.0,0.0,0.0,0.0,1.0,0.0,0.0,0.0,0.0,0.0,0.0,0.0,0.0,1.0,30.0,39.364,39.36400000000003,56,23448,320000,jul-17-2021_1509
409,0.0,0.0,0.0,0.0,1,0.0,0.0,0.0,0.0,0.0,0.0,0.0,0.0,0.5,0.0,500,400000,0.004999999888241291,30,True,0.6666666865348816,0.0,0.0,0.0,0.0,0.0,1.0,0.0,0.0,0.0,0.0,0.0,0.0,0.0,0.0,1.0,30.0,16.196,16.196000000000026,43,3776,85000,jul-17-2021_1509
410,0.0,0.0,0.0,0.0,1,0.0,0.0,0.0,0.0,0.0,0.0,0.0,0.0,0.5,0.0,500,400000,0.004999999888241291,30,True,0.6666666865348816,0.3333333432674408,0.0,0.0,0.0,0.0,1.0,0.0,0.0,0.0,0.0,0.0,0.0,0.0,0.0,1.0,30.0,22.804,22.803999999999974,43,6779,185000,jul-17-2021_1509
411,0.0,0.0,0.0,0.0,1,0.0,0.0,0.0,0.0,0.0,0.0,0.0,0.0,0.5,0.0,500,400000,0.004999999888241291,30,True,0.6666666865348816,0.6666666865348816,0.0,0.0,0.0,0.0,1.0,0.0,0.0,0.0,0.0,0.0,0.0,0.0,0.0,1.0,30.0,12.792,12.79200000000003,39,3123,85000,jul-17-2021_1509
412,0.0,0.0,0.0,0.0,1,0.0,0.0,0.0,0.0,0.0,0.0,0.0,0.0,0.5,0.0,500,400000,0.004999999888241291,30,True,0.6666666865348816,1.0,0.0,0.0,0.0,0.0,1.0,0.0,0.0,0.0,0.0,0.0,0.0,0.0,0.0,1.0,30.0,21.652,21.652000000000044,42,5936,140000,jul-17-2021_1509
413,0.0,0.0,0.0,0.0,1,0.0,0.0,0.0,0.0,0.0,0.0,0.0,0.0,0.5,0.0,500,400000,0.004999999888241291,30,True,1.0,-1.0,0.0,0.0,0.0,0.0,1.0,0.0,0.0,0.0,0.0,0.0,0.0,0.0,0.0,0.0,0.0,0.0,48.72000000000003,53,27334,100000,jul-17-2021_1509
414,0.0,0.0,0.0,0.0,1,0.0,0.0,0.0,0.0,0.0,0.0,0.0,0.0,0.5,0.0,500,400000,0.004999999888241291,30,True,1.0,-0.6666666865348816,0.0,0.0,0.0,0.0,1.0,0.0,0.0,0.0,0.0,0.0,0.0,0.0,0.0,0.0,0.0,0.0,57.035999999999945,65,38322,190000,jul-17-2021_1509
415,0.0,0.0,0.0,0.0,1,0.0,0.0,0.0,0.0,0.0,0.0,0.0,0.0,0.5,0.0,500,400000,0.004999999888241291,30,True,1.0,-0.3333333432674408,0.0,0.0,0.0,0.0,1.0,0.0,0.0,0.0,0.0,0.0,0.0,0.0,0.0,1.0,30.0,19.616,19.615999999999985,42,5854,150000,jul-17-2021_1510
416,0.0,0.0,0.0,0.0,1,0.0,0.0,0.0,0.0,0.0,0.0,0.0,0.0,0.5,0.0,500,400000,0.004999999888241291,30,True,1.0,0.0,0.0,0.0,0.0,0.0,1.0,0.0,0.0,0.0,0.0,0.0,0.0,0.0,0.0,1.0,30.0,30.008,30.008000000000038,46,10473,265000,jul-17-2021_1510
417,0.0,0.0,0.0,0.0,1,0.0,0.0,0.0,0.0,0.0,0.0,0.0,0.0,0.5,0.0,500,400000,0.004999999888241291,30,True,1.0,0.3333333432674408,0.0,0.0,0.0,0.0,1.0,0.0,0.0,0.0,0.0,0.0,0.0,0.0,0.0,1.0,30.0,20.42,20.41999999999996,42,5831,140000,jul-17-2021_1510
418,0.0,0.0,0.0,0.0,1,0.0,0.0,0.0,0.0,0.0,0.0,0.0,0.0,0.5,0.0,500,400000,0.004999999888241291,30,True,1.0,0.6666666865348816,0.0,0.0,0.0,0.0,1.0,0.0,0.0,0.0,0.0,0.0,0.0,0.0,0.0,1.0,30.0,11.072,11.072000000000003,39,2440,105000,jul-17-2021_1510
419,0.0,0.0,0.0,0.0,1,0.0,0.0,0.0,0.0,0.0,0.0,0.0,0.0,0.5,0.0,500,400000,0.004999999888241291,30,True,1.0,1.0,0.0,0.0,0.0,0.0,1.0,0.0,0.0,0.0,0.0,0.0,0.0,0.0,0.0,1.0,30.0,22.144,22.144000000000005,44,5690,135000,jul-17-2021_1510
420,0.0,0.0,0.0,0.0,1,0.0,0.0,0.0,0.0,0.0,0.0,0.0,0.0,0.5,0.0,500,400000,0.004999999888241291,30,True,1.3333333730697632,-1.0,0.0,0.0,0.0,0.0,1.0,0.0,0.0,0.0,0.0,0.0,0.0,0.0,0.0,0.0,0.0,0.0,49.71199999999999,50,35047,250000,jul-17-2021_1510
421,0.0,0.0,0.0,0.0,1,0.0,0.0,0.0,0.0,0.0,0.0,0.0,0.0,0.5,0.0,500,400000,0.004999999888241291,30,True,1.3333333730697632,-0.6666666865348816,0.0,0.0,0.0,0.0,1.0,0.0,0.0,0.0,0.0,0.0,0.0,0.0,0.0,0.0,0.0,0.0,52.10000000000002,51,40285,150000,jul-17-2021_1510
422,0.0,0.0,0.0,0.0,1,0.0,0.0,0.0,0.0,0.0,0.0,0.0,0.0,0.5,0.0,500,400000,0.004999999888241291,30,True,1.3333333730697632,-0.3333333432674408,0.0,0.0,0.0,0.0,1.0,0.0,0.0,0.0,0.0,0.0,0.0,0.0,0.0,0.39,11.876000208616256,35.56329407601272,43.624000000000024,49,47391,399999,jul-17-2021_1510
423,0.0,0.0,0.0,0.0,1,0.0,0.0,0.0,0.0,0.0,0.0,0.0,0.0,0.5,0.0,500,400000,0.004999999888241291,30,True,1.3333333730697632,0.0,0.0,0.0,0.0,0.0,1.0,0.0,0.0,0.0,0.0,0.0,0.0,0.0,0.0,0.398,14.577333606481552,19.179131786975283,48.27999999999997,51,38761,399999,jul-17-2021_1510
424,0.0,0.0,0.0,0.0,1,0.0,0.0,0.0,0.0,0.0,0.0,0.0,0.0,0.5,0.0,500,400000,0.004999999888241291,30,True,1.3333333730697632,0.3333333432674408,0.0,0.0,0.0,0.0,1.0,0.0,0.0,0.0,0.0,0.0,0.0,0.0,0.0,0.842,27.974666846871376,42.63847065891849,44.39999999999998,49,34358,399999,jul-17-2021_1510
425,0.0,0.0,0.0,0.0,1,0.0,0.0,0.0,0.0,0.0,0.0,0.0,0.0,0.5,0.0,500,400000,0.004999999888241291,30,True,1.3333333730697632,0.6666666865348816,0.0,0.0,0.0,0.0,1.0,0.0,0.0,0.0,0.0,0.0,0.0,0.0,0.0,0.8,28.6160002720356,38.677878737051756,39.388000000000034,55,15847,399999,jul-17-2021_1511
426,0.0,0.0,0.0,0.0,1,0.0,0.0,0.0,0.0,0.0,0.0,0.0,0.0,0.5,0.0,500,400000,0.004999999888241291,30,True,1.3333333730697632,1.0,0.0,0.0,0.0,0.0,1.0,0.0,0.0,0.0,0.0,0.0,0.0,0.0,0.0,1.0,30.0,36.44,36.440000000000055,51,13114,290000,jul-17-2021_1511
427,0.0,0.0,0.0,0.0,1,0.0,0.0,0.0,0.0,0.0,0.0,0.0,0.0,0.5,0.0,500,400000,0.004999999888241291,30,True,1.6666666269302368,-1.0,0.0,0.0,0.0,0.0,1.0,0.0,0.0,0.0,0.0,0.0,0.0,0.0,0.0,0.0,0.0,0.0,42.99199999999996,49,19225,85000,jul-17-2021_1511
428,0.0,0.0,0.0,0.0,1,0.0,0.0,0.0,0.0,0.0,0.0,0.0,0.0,0.5,0.0,500,400000,0.004999999888241291,30,True,1.6666666269302368,-0.6666666865348816,0.0,0.0,0.0,0.0,1.0,0.0,0.0,0.0,0.0,0.0,0.0,0.0,0.0,0.0,0.0,0.0,48.34000000000003,50,25878,110000,jul-17-2021_1511
429,0.0,0.0,0.0,0.0,1,0.0,0.0,0.0,0.0,0.0,0.0,0.0,0.0,0.5,0.0,500,400000,0.004999999888241291,30,True,1.6666666269302368,-0.3333333432674408,0.0,0.0,0.0,0.0,1.0,0.0,0.0,0.0,0.0,0.0,0.0,0.0,0.0,0.0,0.0,0.0,56.81200000000001,55,63690,280000,jul-17-2021_1511
430,0.0,0.0,0.0,0.0,1,0.0,0.0,0.0,0.0,0.0,0.0,0.0,0.0,0.5,0.0,500,400000,0.004999999888241291,30,True,1.6666666269302368,0.0,0.0,0.0,0.0,0.0,1.0,0.0,0.0,0.0,0.0,0.0,0.0,0.0,0.0,0.298,13.364666421175004,31.079683108451356,48.20399999999995,52,82762,399999,jul-17-2021_1511
431,0.0,0.0,0.0,0.0,1,0.0,0.0,0.0,0.0,0.0,0.0,0.0,0.0,0.5,0.0,500,400000,0.004999999888241291,30,True,1.6666666269302368,0.3333333432674408,0.0,0.0,0.0,0.0,1.0,0.0,0.0,0.0,0.0,0.0,0.0,0.0,0.0,0.674,26.955999815523626,52.27228264279631,43.196000000000026,51,49616,399999,jul-17-2021_1511
432,0.0,0.0,0.0,0.0,1,0.0,0.0,0.0,0.0,0.0,0.0,0.0,0.0,0.5,0.0,500,400000,0.004999999888241291,30,True,1.6666666269302368,0.6666666865348816,0.0,0.0,0.0,0.0,1.0,0.0,0.0,0.0,0.0,0.0,0.0,0.0,0.0,0.396,20.935333198189735,41.130708317965095,43.05200000000002,48,44240,399999,jul-17-2021_1512
433,0.0,0.0,0.0,0.0,1,0.0,0.0,0.0,0.0,0.0,0.0,0.0,0.0,0.5,0.0,500,400000,0.004999999888241291,30,True,1.6666666269302368,1.0,0.0,0.0,0.0,0.0,1.0,0.0,0.0,0.0,0.0,0.0,0.0,0.0,0.0,0.84,31.725333176136015,62.00188793679231,38.04399999999998,50,30010,399999,jul-17-2021_1512
434,0.0,0.0,0.0,0.0,1,0.0,0.0,0.0,0.0,0.0,0.0,0.0,0.0,0.5,0.0,500,400000,0.004999999888241291,30,True,2.0,-1.0,0.0,0.0,0.0,0.0,1.0,0.0,0.0,0.0,0.0,0.0,0.0,0.0,0.0,0.0,0.0,0.0,43.428,49,26250,95000,jul-17-2021_1512
435,0.0,0.0,0.0,0.0,1,0.0,0.0,0.0,0.0,0.0,0.0,0.0,0.0,0.5,0.0,500,400000,0.004999999888241291,30,True,2.0,-0.6666666865348816,0.0,0.0,0.0,0.0,1.0,0.0,0.0,0.0,0.0,0.0,0.0,0.0,0.0,0.0,0.0,0.0,50.76800000000003,54,38754,170000,jul-17-2021_1512
436,0.0,0.0,0.0,0.0,1,0.0,0.0,0.0,0.0,0.0,0.0,0.0,0.0,0.5,0.0,500,400000,0.004999999888241291,30,True,2.0,-0.3333333432674408,0.0,0.0,0.0,0.0,1.0,0.0,0.0,0.0,0.0,0.0,0.0,0.0,0.0,0.0,0.0,0.0,57.375999999999976,56,58121,220000,jul-17-2021_1512
437,0.0,0.0,0.0,0.0,1,0.0,0.0,0.0,0.0,0.0,0.0,0.0,0.0,0.5,0.0,500,400000,0.004999999888241291,30,True,2.0,0.0,0.0,0.0,0.0,0.0,1.0,0.0,0.0,0.0,0.0,0.0,0.0,0.0,0.0,0.0,0.0,0.0,51.20799999999997,56,27734,115000,jul-17-2021_1512
438,0.0,0.0,0.0,0.0,1,0.0,0.0,0.0,0.0,0.0,0.0,0.0,0.0,0.5,0.0,500,400000,0.004999999888241291,30,True,2.0,0.3333333432674408,0.0,0.0,0.0,0.0,1.0,0.0,0.0,0.0,0.0,0.0,0.0,0.0,0.0,0.358,19.970000065863132,42.00465548525321,49.403999999999996,52,64491,399999,jul-17-2021_1512
439,0.0,0.0,0.0,0.0,1,0.0,0.0,0.0,0.0,0.0,0.0,0.0,0.0,0.5,0.0,500,400000,0.004999999888241291,30,True,2.0,0.6666666865348816,0.0,0.0,0.0,0.0,1.0,0.0,0.0,0.0,0.0,0.0,0.0,0.0,0.0,0.408,23.909333471655845,46.341113407179975,49.50400000000002,51,41544,399999,jul-17-2021_1512
440,0.0,0.0,0.0,0.0,1,0.0,0.0,0.0,0.0,0.0,0.0,0.0,0.0,0.5,0.0,500,400000,0.004999999888241291,30,True,2.0,1.0,0.0,0.0,0.0,0.0,1.0,0.0,0.0,0.0,0.0,0.0,0.0,0.0,0.0,0.586,31.542,62.664235999999995,45.34000000000003,52,45153,399999,jul-17-2021_1513
441,0.0,0.0,0.0,0.0,1,0.0,0.0,0.0,0.0,0.0,0.0,0.0,0.0,0.5,0.0,500,400000,0.004999999888241291,30,True,0.0,-1.0,0.0,0.0,0.0,0.0,1.0,0.0,0.0,0.0,0.0,0.0,0.0,0.0,0.0,1.0,30.0,18.248,18.248000000000047,42,4206,85000,jul-17-2021_1513
442,0.0,0.0,0.0,0.0,1,0.0,0.0,0.0,0.0,0.0,0.0,0.0,0.0,0.5,0.0,500,400000,0.004999999888241291,30,True,0.0,-0.6666666865348816,0.0,0.0,0.0,0.0,1.0,0.0,0.0,0.0,0.0,0.0,0.0,0.0,0.0,1.0,30.0,37.048,37.048,49,15070,160000,jul-17-2021_1513
443,0.0,0.0,0.0,0.0,1,0.0,0.0,0.0,0.0,0.0,0.0,0.0,0.0,0.5,0.0,500,400000,0.004999999888241291,30,True,0.0,-0.3333333432674408,0.0,0.0,0.0,0.0,1.0,0.0,0.0,0.0,0.0,0.0,0.0,0.0,0.0,1.0,30.0,34.252,34.25199999999995,48,13995,115000,jul-17-2021_1513
444,0.0,0.0,0.0,0.0,1,0.0,0.0,0.0,0.0,0.0,0.0,0.0,0.0,0.5,0.0,500,400000,0.004999999888241291,30,True,0.0,0.0,0.0,0.0,0.0,0.0,1.0,0.0,0.0,0.0,0.0,0.0,0.0,0.0,0.0,1.0,30.0,10.388,10.388000000000034,40,2762,50000,jul-17-2021_1513
445,0.0,0.0,0.0,0.0,1,0.0,0.0,0.0,0.0,0.0,0.0,0.0,0.0,0.5,0.0,500,400000,0.004999999888241291,30,True,0.0,0.3333333432674408,0.0,0.0,0.0,0.0,1.0,0.0,0.0,0.0,0.0,0.0,0.0,0.0,0.0,1.0,30.0,11.772,11.772000000000048,40,2868,60000,jul-17-2021_1513
446,0.0,0.0,0.0,0.0,1,0.0,0.0,0.0,0.0,0.0,0.0,0.0,0.0,0.5,0.0,500,400000,0.004999999888241291,30,True,0.0,0.6666666865348816,0.0,0.0,0.0,0.0,1.0,0.0,0.0,0.0,0.0,0.0,0.0,0.0,0.0,1.0,30.0,8.4,8.399999999999977,39,1833,95000,jul-17-2021_1513
447,0.0,0.0,0.0,0.0,1,0.0,0.0,0.0,0.0,0.0,0.0,0.0,0.0,0.5,0.0,500,400000,0.004999999888241291,30,True,0.0,1.0,0.0,0.0,0.0,0.0,1.0,0.0,0.0,0.0,0.0,0.0,0.0,0.0,0.0,1.0,30.0,13.54,13.539999999999964,41,3488,105000,jul-17-2021_1513
448,0.0,0.0,0.0,0.0,1,0.0,0.0,0.0,0.0,0.0,0.0,0.0,0.0,0.5,0.0,500,400000,0.004999999888241291,30,True,0.3333333432674408,-1.0,0.0,0.0,0.0,0.0,1.0,0.0,0.0,0.0,0.0,0.0,0.0,0.0,0.0,0.0,0.0,0.0,50.035999999999945,52,49093,190000,jul-17-2021_1513
449,0.0,0.0,0.0,0.0,1,0.0,0.0,0.0,0.0,0.0,0.0,0.0,0.0,0.5,0.0,500,400000,0.004999999888241291,30,True,0.3333333432674408,-0.6666666865348816,0.0,0.0,0.0,0.0,1.0,0.0,0.0,0.0,0.0,0.0,0.0,0.0,0.0,0.0,0.0,0.0,48.624000000000024,49,41281,185000,jul-17-2021_1513
450,0.0,0.0,0.0,0.0,1,0.0,0.0,0.0,0.0,0.0,0.0,0.0,0.0,0.5,0.0,500,400000,0.004999999888241291,30,True,0.3333333432674408,-0.3333333432674408,0.0,0.0,0.0,0.0,1.0,0.0,0.0,0.0,0.0,0.0,0.0,0.0,0.0,1.0,30.0,22.984,22.984000000000037,46,6176,145000,jul-17-2021_1513
451,0.0,0.0,0.0,0.0,1,0.0,0.0,0.0,0.0,0.0,0.0,0.0,0.0,0.5,0.0,500,400000,0.004999999888241291,30,True,0.3333333432674408,0.0,0.0,0.0,0.0,0.0,1.0,0.0,0.0,0.0,0.0,0.0,0.0,0.0,0.0,1.0,30.0,22.04,22.039999999999964,45,5496,230000,jul-17-2021_1513
452,0.0,0.0,0.0,0.0,1,0.0,0.0,0.0,0.0,0.0,0.0,0.0,0.0,0.5,0.0,500,400000,0.004999999888241291,30,True,0.3333333432674408,0.3333333432674408,0.0,0.0,0.0,0.0,1.0,0.0,0.0,0.0,0.0,0.0,0.0,0.0,0.0,1.0,30.0,14.452,14.451999999999998,39,3257,125000,jul-17-2021_1513
453,0.0,0.0,0.0,0.0,1,0.0,0.0,0.0,0.0,0.0,0.0,0.0,0.0,0.5,0.0,500,400000,0.004999999888241291,30,True,0.3333333432674408,0.6666666865348816,0.0,0.0,0.0,0.0,1.0,0.0,0.0,0.0,0.0,0.0,0.0,0.0,0.0,1.0,30.0,10.088,10.087999999999965,40,2030,105000,jul-17-2021_1513
454,0.0,0.0,0.0,0.0,1,0.0,0.0,0.0,0.0,0.0,0.0,0.0,0.0,0.5,0.0,500,400000,0.004999999888241291,30,True,0.3333333432674408,1.0,0.0,0.0,0.0,0.0,1.0,0.0,0.0,0.0,0.0,0.0,0.0,0.0,0.0,1.0,30.0,6.552,6.552000000000021,39,1649,50000,jul-17-2021_1513
455,0.0,0.0,0.0,0.0,1,0.0,0.0,0.0,0.0,0.0,0.0,0.0,0.0,0.5,0.0,500,400000,0.004999999888241291,30,True,0.6666666865348816,-1.0,0.0,0.0,0.0,0.0,1.0,0.0,0.0,0.0,0.0,0.0,0.0,0.0,0.0,0.0,0.0,0.0,47.42399999999998,48,37793,140000,jul-17-2021_1513
456,0.0,0.0,0.0,0.0,1,0.0,0.0,0.0,0.0,0.0,0.0,0.0,0.0,0.5,0.0,500,400000,0.004999999888241291,30,True,0.6666666865348816,-0.6666666865348816,0.0,0.0,0.0,0.0,1.0,0.0,0.0,0.0,0.0,0.0,0.0,0.0,0.0,0.96,27.744,39.26290805131871,38.39200000000005,48,20997,399999,jul-17-2021_1513
457,0.0,0.0,0.0,0.0,1,0.0,0.0,0.0,0.0,0.0,0.0,0.0,0.0,0.5,0.0,500,400000,0.004999999888241291,30,True,0.6666666865348816,-0.3333333432674408,0.0,0.0,0.0,0.0,1.0,0.0,0.0,0.0,0.0,0.0,0.0,0.0,0.0,1.0,30.0,28.904,28.903999999999996,47,8139,175000,jul-17-2021_1514
458,0.0,0.0,0.0,0.0,1,0.0,0.0,0.0,0.0,0.0,0.0,0.0,0.0,0.5,0.0,500,400000,0.004999999888241291,30,True,0.6666666865348816,0.0,0.0,0.0,0.0,0.0,1.0,0.0,0.0,0.0,0.0,0.0,0.0,0.0,0.0,1.0,30.0,14.292,14.29200000000003,43,3733,120000,jul-17-2021_1514
459,0.0,0.0,0.0,0.0,1,0.0,0.0,0.0,0.0,0.0,0.0,0.0,0.0,0.5,0.0,500,400000,0.004999999888241291,30,True,0.6666666865348816,0.3333333432674408,0.0,0.0,0.0,0.0,1.0,0.0,0.0,0.0,0.0,0.0,0.0,0.0,0.0,1.0,30.0,19.328,19.327999999999975,42,5063,185000,jul-17-2021_1514
460,0.0,0.0,0.0,0.0,1,0.0,0.0,0.0,0.0,0.0,0.0,0.0,0.0,0.5,0.0,500,400000,0.004999999888241291,30,True,0.6666666865348816,0.6666666865348816,0.0,0.0,0.0,0.0,1.0,0.0,0.0,0.0,0.0,0.0,0.0,0.0,0.0,1.0,30.0,20.448,20.44799999999998,44,6805,110000,jul-17-2021_1514
461,0.0,0.0,0.0,0.0,1,0.0,0.0,0.0,0.0,0.0,0.0,0.0,0.0,0.5,0.0,500,400000,0.004999999888241291,30,True,0.6666666865348816,1.0,0.0,0.0,0.0,0.0,1.0,0.0,0.0,0.0,0.0,0.0,0.0,0.0,0.0,1.0,30.0,17.6,17.600000000000023,41,5124,130000,jul-17-2021_1514
462,0.0,0.0,0.0,0.0,1,0.0,0.0,0.0,0.0,0.0,0.0,0.0,0.0,0.5,0.0,500,400000,0.004999999888241291,30,True,1.0,-1.0,0.0,0.0,0.0,0.0,1.0,0.0,0.0,0.0,0.0,0.0,0.0,0.0,0.0,0.0,0.0,0.0,48.903999999999996,52,23956,110000,jul-17-2021_1514
463,0.0,0.0,0.0,0.0,1,0.0,0.0,0.0,0.0,0.0,0.0,0.0,0.0,0.5,0.0,500,400000,0.004999999888241291,30,True,1.0,-0.6666666865348816,0.0,0.0,0.0,0.0,1.0,0.0,0.0,0.0,0.0,0.0,0.0,0.0,0.0,0.0,0.0,0.0,49.37199999999996,50,51589,190000,jul-17-2021_1514
464,0.0,0.0,0.0,0.0,1,0.0,0.0,0.0,0.0,0.0,0.0,0.0,0.0,0.5,0.0,500,400000,0.004999999888241291,30,True,1.0,-0.3333333432674408,0.0,0.0,0.0,0.0,1.0,0.0,0.0,0.0,0.0,0.0,0.0,0.0,0.0,0.638,16.921333266794683,26.293367206712144,48.80799999999999,56,56952,399999,jul-17-2021_1514
465,0.0,0.0,0.0,0.0,1,0.0,0.0,0.0,0.0,0.0,0.0,0.0,0.0,0.5,0.0,500,400000,0.004999999888241291,30,True,1.0,0.0,0.0,0.0,0.0,0.0,1.0,0.0,0.0,0.0,0.0,0.0,0.0,0.0,0.0,1.0,30.0,24.524,24.524,44,6650,220000,jul-17-2021_1514
466,0.0,0.0,0.0,0.0,1,0.0,0.0,0.0,0.0,0.0,0.0,0.0,0.0,0.5,0.0,500,400000,0.004999999888241291,30,True,1.0,0.3333333432674408,0.0,0.0,0.0,0.0,1.0,0.0,0.0,0.0,0.0,0.0,0.0,0.0,0.0,1.0,30.0,33.86,33.860000000000014,46,14996,270000,jul-17-2021_1514
467,0.0,0.0,0.0,0.0,1,0.0,0.0,0.0,0.0,0.0,0.0,0.0,0.0,0.5,0.0,500,400000,0.004999999888241291,30,True,1.0,0.6666666865348816,0.0,0.0,0.0,0.0,1.0,0.0,0.0,0.0,0.0,0.0,0.0,0.0,0.0,1.0,30.0,16.004,16.00400000000002,42,4043,125000,jul-17-2021_1514
468,0.0,0.0,0.0,0.0,1,0.0,0.0,0.0,0.0,0.0,0.0,0.0,0.0,0.5,0.0,500,400000,0.004999999888241291,30,True,1.0,1.0,0.0,0.0,0.0,0.0,1.0,0.0,0.0,0.0,0.0,0.0,0.0,0.0,0.0,1.0,30.0,39.26,39.25999999999999,50,17533,320000,jul-17-2021_1514
469,0.0,0.0,0.0,0.0,1,0.0,0.0,0.0,0.0,0.0,0.0,0.0,0.0,0.5,0.0,500,400000,0.004999999888241291,30,True,1.3333333730697632,-1.0,0.0,0.0,0.0,0.0,1.0,0.0,0.0,0.0,0.0,0.0,0.0,0.0,0.0,0.0,0.0,0.0,54.23199999999997,50,39287,150000,jul-17-2021_1515
470,0.0,0.0,0.0,0.0,1,0.0,0.0,0.0,0.0,0.0,0.0,0.0,0.0,0.5,0.0,500,400000,0.004999999888241291,30,True,1.3333333730697632,-0.6666666865348816,0.0,0.0,0.0,0.0,1.0,0.0,0.0,0.0,0.0,0.0,0.0,0.0,0.0,0.0,0.0,0.0,54.27200000000005,50,73048,325000,jul-17-2021_1515
471,0.0,0.0,0.0,0.0,1,0.0,0.0,0.0,0.0,0.0,0.0,0.0,0.0,0.5,0.0,500,400000,0.004999999888241291,30,True,1.3333333730697632,-0.3333333432674408,0.0,0.0,0.0,0.0,1.0,0.0,0.0,0.0,0.0,0.0,0.0,0.0,0.0,0.0,0.0,0.0,48.10000000000002,49,38721,185000,jul-17-2021_1515
472,0.0,0.0,0.0,0.0,1,0.0,0.0,0.0,0.0,0.0,0.0,0.0,0.0,0.5,0.0,500,400000,0.004999999888241291,30,True,1.3333333730697632,0.0,0.0,0.0,0.0,0.0,1.0,0.0,0.0,0.0,0.0,0.0,0.0,0.0,0.0,1.0,30.0,37.972,37.97199999999998,51,18218,350000,jul-17-2021_1515
473,0.0,0.0,0.0,0.0,1,0.0,0.0,0.0,0.0,0.0,0.0,0.0,0.0,0.5,0.0,500,400000,0.004999999888241291,30,True,1.3333333730697632,0.3333333432674408,0.0,0.0,0.0,0.0,1.0,0.0,0.0,0.0,0.0,0.0,0.0,0.0,0.0,0.86,27.973333511948585,46.74995788775563,43.559999999999945,50,31664,399999,jul-17-2021_1515
474,0.0,0.0,0.0,0.0,1,0.0,0.0,0.0,0.0,0.0,0.0,0.0,0.0,0.5,0.0,500,400000,0.004999999888241291,30,True,1.3333333730697632,0.6666666865348816,0.0,0.0,0.0,0.0,1.0,0.0,0.0,0.0,0.0,0.0,0.0,0.0,0.0,1.0,30.0,31.172,31.172000000000025,46,10680,255000,jul-17-2021_1515
475,0.0,0.0,0.0,0.0,1,0.0,0.0,0.0,0.0,0.0,0.0,0.0,0.0,0.5,0.0,500,400000,0.004999999888241291,30,True,1.3333333730697632,1.0,0.0,0.0,0.0,0.0,1.0,0.0,0.0,0.0,0.0,0.0,0.0,0.0,0.0,1.0,30.0,38.484,38.48400000000004,55,16994,210000,jul-17-2021_1515
476,0.0,0.0,0.0,0.0,1,0.0,0.0,0.0,0.0,0.0,0.0,0.0,0.0,0.5,0.0,500,400000,0.004999999888241291,30,True,1.6666666269302368,-1.0,0.0,0.0,0.0,0.0,1.0,0.0,0.0,0.0,0.0,0.0,0.0,0.0,0.0,0.0,0.0,0.0,55.08000000000004,57,38020,155000,jul-17-2021_1515
477,0.0,0.0,0.0,0.0,1,0.0,0.0,0.0,0.0,0.0,0.0,0.0,0.0,0.5,0.0,500,400000,0.004999999888241291,30,True,1.6666666269302368,-0.6666666865348816,0.0,0.0,0.0,0.0,1.0,0.0,0.0,0.0,0.0,0.0,0.0,0.0,0.0,0.0,0.0,0.0,55.44799999999998,53,72748,345000,jul-17-2021_1516
478,0.0,0.0,0.0,0.0,1,0.0,0.0,0.0,0.0,0.0,0.0,0.0,0.0,0.5,0.0,500,400000,0.004999999888241291,30,True,1.6666666269302368,-0.3333333432674408,0.0,0.0,0.0,0.0,1.0,0.0,0.0,0.0,0.0,0.0,0.0,0.0,0.0,0.156,6.094666477322578,23.93859340725571,49.952,52,78005,399999,jul-17-2021_1516
479,0.0,0.0,0.0,0.0,1,0.0,0.0,0.0,0.0,0.0,0.0,0.0,0.0,0.5,0.0,500,400000,0.004999999888241291,30,True,1.6666666269302368,0.0,0.0,0.0,0.0,0.0,1.0,0.0,0.0,0.0,0.0,0.0,0.0,0.0,0.0,0.392,16.36466639447212,35.60234924352853,49.00800000000004,53,63197,399999,jul-17-2021_1516
480,0.0,0.0,0.0,0.0,1,0.0,0.0,0.0,0.0,0.0,0.0,0.0,0.0,0.5,0.0,500,400000,0.004999999888241291,30,True,1.6666666269302368,0.3333333432674408,0.0,0.0,0.0,0.0,1.0,0.0,0.0,0.0,0.0,0.0,0.0,0.0,0.0,0.626,25.93199979954958,51.62337248531089,44.69200000000001,51,47974,399999,jul-17-2021_1516
481,0.0,0.0,0.0,0.0,1,0.0,0.0,0.0,0.0,0.0,0.0,0.0,0.0,0.5,0.0,500,400000,0.004999999888241291,30,True,1.6666666269302368,0.6666666865348816,0.0,0.0,0.0,0.0,1.0,0.0,0.0,0.0,0.0,0.0,0.0,0.0,0.0,0.726,29.48266655731201,55.022585579524765,44.539999999999964,54,25038,399999,jul-17-2021_1516
482,0.0,0.0,0.0,0.0,1,0.0,0.0,0.0,0.0,0.0,0.0,0.0,0.0,0.5,0.0,500,400000,0.004999999888241291,30,True,1.6666666269302368,1.0,0.0,0.0,0.0,0.0,1.0,0.0,0.0,0.0,0.0,0.0,0.0,0.0,0.0,0.454,25.497333049297332,58.05977166709272,41.403999999999996,53,24137,399999,jul-17-2021_1517
483,0.0,0.0,0.0,0.0,1,0.0,0.0,0.0,0.0,0.0,0.0,0.0,0.0,0.5,0.0,500,400000,0.004999999888241291,30,True,2.0,-1.0,0.0,0.0,0.0,0.0,1.0,0.0,0.0,0.0,0.0,0.0,0.0,0.0,0.0,0.0,0.0,0.0,57.011999999999944,54,43932,165000,jul-17-2021_1517
484,0.0,0.0,0.0,0.0,1,0.0,0.0,0.0,0.0,0.0,0.0,0.0,0.0,0.5,0.0,500,400000,0.004999999888241291,30,True,2.0,-0.6666666865348816,0.0,0.0,0.0,0.0,1.0,0.0,0.0,0.0,0.0,0.0,0.0,0.0,0.0,0.0,0.0,0.0,54.15999999999997,51,35982,165000,jul-17-2021_1517
485,0.0,0.0,0.0,0.0,1,0.0,0.0,0.0,0.0,0.0,0.0,0.0,0.0,0.5,0.0,500,400000,0.004999999888241291,30,True,2.0,-0.3333333432674408,0.0,0.0,0.0,0.0,1.0,0.0,0.0,0.0,0.0,0.0,0.0,0.0,0.0,0.0,0.0,0.0,51.299999999999955,54,77816,355000,jul-17-2021_1517
486,0.0,0.0,0.0,0.0,1,0.0,0.0,0.0,0.0,0.0,0.0,0.0,0.0,0.5,0.0,500,400000,0.004999999888241291,30,True,2.0,0.0,0.0,0.0,0.0,0.0,1.0,0.0,0.0,0.0,0.0,0.0,0.0,0.0,0.0,0.0,0.0,0.0,58.75999999999999,52,41781,210000,jul-17-2021_1517
487,0.0,0.0,0.0,0.0,1,0.0,0.0,0.0,0.0,0.0,0.0,0.0,0.0,0.5,0.0,500,400000,0.004999999888241291,30,True,2.0,0.3333333432674408,0.0,0.0,0.0,0.0,1.0,0.0,0.0,0.0,0.0,0.0,0.0,0.0,0.0,0.578,27.01400006967783,80.9826923565493,48.92399999999998,56,69362,399999,jul-17-2021_1517
488,0.0,0.0,0.0,0.0,1,0.0,0.0,0.0,0.0,0.0,0.0,0.0,0.0,0.5,0.0,500,400000,0.004999999888241291,30,True,2.0,0.6666666865348816,0.0,0.0,0.0,0.0,1.0,0.0,0.0,0.0,0.0,0.0,0.0,0.0,0.0,0.452,25.980000145673753,52.92760001194639,46.71199999999999,51,31773,399999,jul-17-2021_1518
489,0.0,0.0,0.0,0.0,1,0.0,0.0,0.0,0.0,0.0,0.0,0.0,0.0,0.5,0.0,500,400000,0.004999999888241291,30,True,2.0,1.0,0.0,0.0,0.0,0.0,1.0,0.0,0.0,0.0,0.0,0.0,0.0,0.0,0.0,0.788,33.378,94.73511599999999,45.26800000000003,55,35582,399999,jul-17-2021_1518
490,0.0,0.0,0.0,0.0,1,0.0,0.0,0.0,0.0,0.0,0.0,0.0,0.0,1.0,0.0,500,400000,0.004999999888241291,30,True,0.0,-1.0,0.0,0.0,0.0,0.0,1.0,0.0,0.0,0.0,0.0,0.0,0.0,0.0,0.0,1.0,30.0,33.7,33.700000000000045,49,8339,115000,jul-17-2021_1518
491,0.0,0.0,0.0,0.0,1,0.0,0.0,0.0,0.0,0.0,0.0,0.0,0.0,1.0,0.0,500,400000,0.004999999888241291,30,True,0.0,-0.6666666865348816,0.0,0.0,0.0,0.0,1.0,0.0,0.0,0.0,0.0,0.0,0.0,0.0,0.0,1.0,30.0,25.6,25.600000000000023,45,4918,115000,jul-17-2021_1518
492,0.0,0.0,0.0,0.0,1,0.0,0.0,0.0,0.0,0.0,0.0,0.0,0.0,1.0,0.0,500,400000,0.004999999888241291,30,True,0.0,-0.3333333432674408,0.0,0.0,0.0,0.0,1.0,0.0,0.0,0.0,0.0,0.0,0.0,0.0,0.0,1.0,30.0,18.908,18.908000000000015,43,3828,75000,jul-17-2021_1518
493,0.0,0.0,0.0,0.0,1,0.0,0.0,0.0,0.0,0.0,0.0,0.0,0.0,1.0,0.0,500,400000,0.004999999888241291,30,True,0.0,0.0,0.0,0.0,0.0,0.0,1.0,0.0,0.0,0.0,0.0,0.0,0.0,0.0,0.0,1.0,30.0,34.772,34.77200000000005,46,9194,125000,jul-17-2021_1518
494,0.0,0.0,0.0,0.0,1,0.0,0.0,0.0,0.0,0.0,0.0,0.0,0.0,1.0,0.0,500,400000,0.004999999888241291,30,True,0.0,0.3333333432674408,0.0,0.0,0.0,0.0,1.0,0.0,0.0,0.0,0.0,0.0,0.0,0.0,0.0,1.0,30.0,27.044,27.043999999999983,45,5369,100000,jul-17-2021_1518
495,0.0,0.0,0.0,0.0,1,0.0,0.0,0.0,0.0,0.0,0.0,0.0,0.0,1.0,0.0,500,400000,0.004999999888241291,30,True,0.0,0.6666666865348816,0.0,0.0,0.0,0.0,1.0,0.0,0.0,0.0,0.0,0.0,0.0,0.0,0.0,1.0,30.0,18.12,18.120000000000005,40,3810,70000,jul-17-2021_1518
496,0.0,0.0,0.0,0.0,1,0.0,0.0,0.0,0.0,0.0,0.0,0.0,0.0,1.0,0.0,500,400000,0.004999999888241291,30,True,0.0,1.0,0.0,0.0,0.0,0.0,1.0,0.0,0.0,0.0,0.0,0.0,0.0,0.0,0.0,1.0,30.0,12.484,12.484000000000037,38,2642,60000,jul-17-2021_1518
497,0.0,0.0,0.0,0.0,1,0.0,0.0,0.0,0.0,0.0,0.0,0.0,0.0,1.0,0.0,500,400000,0.004999999888241291,30,True,0.3333333432674408,-1.0,0.0,0.0,0.0,0.0,1.0,0.0,0.0,0.0,0.0,0.0,0.0,0.0,0.0,1.0,30.0,30.72,30.720000000000027,49,8095,125000,jul-17-2021_1518
498,0.0,0.0,0.0,0.0,1,0.0,0.0,0.0,0.0,0.0,0.0,0.0,0.0,1.0,0.0,500,400000,0.004999999888241291,30,True,0.3333333432674408,-0.6666666865348816,0.0,0.0,0.0,0.0,1.0,0.0,0.0,0.0,0.0,0.0,0.0,0.0,0.0,1.0,30.0,34.86,34.860000000000014,54,8953,120000,jul-17-2021_1518
499,0.0,0.0,0.0,0.0,1,0.0,0.0,0.0,0.0,0.0,0.0,0.0,0.0,1.0,0.0,500,400000,0.004999999888241291,30,True,0.3333333432674408,-0.3333333432674408,0.0,0.0,0.0,0.0,1.0,0.0,0.0,0.0,0.0,0.0,0.0,0.0,0.0,1.0,30.0,37.732,37.73199999999997,46,12900,130000,jul-17-2021_1518
500,0.0,0.0,0.0,0.0,1,0.0,0.0,0.0,0.0,0.0,0.0,0.0,0.0,1.0,0.0,500,400000,0.004999999888241291,30,True,0.3333333432674408,0.0,0.0,0.0,0.0,0.0,1.0,0.0,0.0,0.0,0.0,0.0,0.0,0.0,0.0,1.0,30.0,30.588,30.587999999999965,46,7320,205000,jul-17-2021_1518
501,0.0,0.0,0.0,0.0,1,0.0,0.0,0.0,0.0,0.0,0.0,0.0,0.0,1.0,0.0,500,400000,0.004999999888241291,30,True,0.3333333432674408,0.3333333432674408,0.0,0.0,0.0,0.0,1.0,0.0,0.0,0.0,0.0,0.0,0.0,0.0,0.0,1.0,30.0,20.828,20.827999999999975,42,4653,65000,jul-17-2021_1518
502,0.0,0.0,0.0,0.0,1,0.0,0.0,0.0,0.0,0.0,0.0,0.0,0.0,1.0,0.0,500,400000,0.004999999888241291,30,True,0.3333333432674408,0.6666666865348816,0.0,0.0,0.0,0.0,1.0,0.0,0.0,0.0,0.0,0.0,0.0,0.0,0.0,1.0,30.0,12.692,12.692000000000007,41,2829,65000,jul-17-2021_1518
503,0.0,0.0,0.0,0.0,1,0.0,0.0,0.0,0.0,0.0,0.0,0.0,0.0,1.0,0.0,500,400000,0.004999999888241291,30,True,0.3333333432674408,1.0,0.0,0.0,0.0,0.0,1.0,0.0,0.0,0.0,0.0,0.0,0.0,0.0,0.0,1.0,30.0,23.476,23.476,41,4886,105000,jul-17-2021_1518
504,0.0,0.0,0.0,0.0,1,0.0,0.0,0.0,0.0,0.0,0.0,0.0,0.0,1.0,0.0,500,400000,0.004999999888241291,30,True,0.6666666865348816,-1.0,0.0,0.0,0.0,0.0,1.0,0.0,0.0,0.0,0.0,0.0,0.0,0.0,0.0,1.0,30.0,38.008,38.00800000000004,50,11883,140000,jul-17-2021_1518
505,0.0,0.0,0.0,0.0,1,0.0,0.0,0.0,0.0,0.0,0.0,0.0,0.0,1.0,0.0,500,400000,0.004999999888241291,30,True,0.6666666865348816,-0.6666666865348816,0.0,0.0,0.0,0.0,1.0,0.0,0.0,0.0,0.0,0.0,0.0,0.0,0.0,1.0,30.0,45.184,45.18399999999997,53,19706,235000,jul-17-2021_1519
506,0.0,0.0,0.0,0.0,1,0.0,0.0,0.0,0.0,0.0,0.0,0.0,0.0,1.0,0.0,500,400000,0.004999999888241291,30,True,0.6666666865348816,-0.3333333432674408,0.0,0.0,0.0,0.0,1.0,0.0,0.0,0.0,0.0,0.0,0.0,0.0,0.0,1.0,30.0,34.968,34.96799999999996,46,10548,145000,jul-17-2021_1519
507,0.0,0.0,0.0,0.0,1,0.0,0.0,0.0,0.0,0.0,0.0,0.0,0.0,1.0,0.0,500,400000,0.004999999888241291,30,True,0.6666666865348816,0.0,0.0,0.0,0.0,0.0,1.0,0.0,0.0,0.0,0.0,0.0,0.0,0.0,0.0,1.0,30.0,24.004,24.00400000000002,45,5067,120000,jul-17-2021_1519
508,0.0,0.0,0.0,0.0,1,0.0,0.0,0.0,0.0,0.0,0.0,0.0,0.0,1.0,0.0,500,400000,0.004999999888241291,30,True,0.6666666865348816,0.3333333432674408,0.0,0.0,0.0,0.0,1.0,0.0,0.0,0.0,0.0,0.0,0.0,0.0,0.0,1.0,30.0,19.576,19.576000000000022,42,4213,95000,jul-17-2021_1519
509,0.0,0.0,0.0,0.0,1,0.0,0.0,0.0,0.0,0.0,0.0,0.0,0.0,1.0,0.0,500,400000,0.004999999888241291,30,True,0.6666666865348816,0.6666666865348816,0.0,0.0,0.0,0.0,1.0,0.0,0.0,0.0,0.0,0.0,0.0,0.0,0.0,1.0,30.0,34.176,34.176000000000045,46,9651,130000,jul-17-2021_1519
510,0.0,0.0,0.0,0.0,1,0.0,0.0,0.0,0.0,0.0,0.0,0.0,0.0,1.0,0.0,500,400000,0.004999999888241291,30,True,0.6666666865348816,1.0,0.0,0.0,0.0,0.0,1.0,0.0,0.0,0.0,0.0,0.0,0.0,0.0,0.0,1.0,30.0,25.792,25.79200000000003,43,5091,120000,jul-17-2021_1519
511,0.0,0.0,0.0,0.0,1,0.0,0.0,0.0,0.0,0.0,0.0,0.0,0.0,1.0,0.0,500,400000,0.004999999888241291,30,True,1.0,-1.0,0.0,0.0,0.0,0.0,1.0,0.0,0.0,0.0,0.0,0.0,0.0,0.0,0.0,0.0,0.0,0.0,54.639999999999986,52,76536,215000,jul-17-2021_1519
512,0.0,0.0,0.0,0.0,1,0.0,0.0,0.0,0.0,0.0,0.0,0.0,0.0,1.0,0.0,500,400000,0.004999999888241291,30,True,1.0,-0.6666666865348816,0.0,0.0,0.0,0.0,1.0,0.0,0.0,0.0,0.0,0.0,0.0,0.0,0.0,1.0,30.0,55.02,55.01999999999998,59,37455,340000,jul-17-2021_1519
513,0.0,0.0,0.0,0.0,1,0.0,0.0,0.0,0.0,0.0,0.0,0.0,0.0,1.0,0.0,500,400000,0.004999999888241291,30,True,1.0,-0.3333333432674408,0.0,0.0,0.0,0.0,1.0,0.0,0.0,0.0,0.0,0.0,0.0,0.0,0.0,1.0,30.0,50.68,50.67999999999995,53,22581,215000,jul-17-2021_1519
514,0.0,0.0,0.0,0.0,1,0.0,0.0,0.0,0.0,0.0,0.0,0.0,0.0,1.0,0.0,500,400000,0.004999999888241291,30,True,1.0,0.0,0.0,0.0,0.0,0.0,1.0,0.0,0.0,0.0,0.0,0.0,0.0,0.0,0.0,1.0,30.0,44.732,44.73199999999997,53,15688,180000,jul-17-2021_1519
515,0.0,0.0,0.0,0.0,1,0.0,0.0,0.0,0.0,0.0,0.0,0.0,0.0,1.0,0.0,500,400000,0.004999999888241291,30,True,1.0,0.3333333432674408,0.0,0.0,0.0,0.0,1.0,0.0,0.0,0.0,0.0,0.0,0.0,0.0,0.0,1.0,30.0,45.264,45.26400000000001,47,16825,150000,jul-17-2021_1519
516,0.0,0.0,0.0,0.0,1,0.0,0.0,0.0,0.0,0.0,0.0,0.0,0.0,1.0,0.0,500,400000,0.004999999888241291,30,True,1.0,0.6666666865348816,0.0,0.0,0.0,0.0,1.0,0.0,0.0,0.0,0.0,0.0,0.0,0.0,0.0,1.0,30.0,24.452,24.451999999999998,44,6382,90000,jul-17-2021_1519
517,0.0,0.0,0.0,0.0,1,0.0,0.0,0.0,0.0,0.0,0.0,0.0,0.0,1.0,0.0,500,400000,0.004999999888241291,30,True,1.0,1.0,0.0,0.0,0.0,0.0,1.0,0.0,0.0,0.0,0.0,0.0,0.0,0.0,0.0,1.0,30.0,30.056,30.05600000000004,47,7743,130000,jul-17-2021_1519
518,0.0,0.0,0.0,0.0,1,0.0,0.0,0.0,0.0,0.0,0.0,0.0,0.0,1.0,0.0,500,400000,0.004999999888241291,30,True,1.3333333730697632,-1.0,0.0,0.0,0.0,0.0,1.0,0.0,0.0,0.0,0.0,0.0,0.0,0.0,0.0,0.0,0.0,0.0,55.34400000000005,56,78106,360000,jul-17-2021_1520
519,0.0,0.0,0.0,0.0,1,0.0,0.0,0.0,0.0,0.0,0.0,0.0,0.0,1.0,0.0,500,400000,0.004999999888241291,30,True,1.3333333730697632,-0.6666666865348816,0.0,0.0,0.0,0.0,1.0,0.0,0.0,0.0,0.0,0.0,0.0,0.0,0.0,0.0,0.0,0.0,56.428,51,101892,300000,jul-17-2021_1520
520,0.0,0.0,0.0,0.0,1,0.0,0.0,0.0,0.0,0.0,0.0,0.0,0.0,1.0,0.0,500,400000,0.004999999888241291,30,True,1.3333333730697632,-0.3333333432674408,0.0,0.0,0.0,0.0,1.0,0.0,0.0,0.0,0.0,0.0,0.0,0.0,0.0,0.95,28.660000036597253,58.336400767679265,60.668000000000006,54,30889,399999,jul-17-2021_1520
521,0.0,0.0,0.0,0.0,1,0.0,0.0,0.0,0.0,0.0,0.0,0.0,0.0,1.0,0.0,500,400000,0.004999999888241291,30,True,1.3333333730697632,0.0,0.0,0.0,0.0,0.0,1.0,0.0,0.0,0.0,0.0,0.0,0.0,0.0,0.0,0.672,22.60266691350937,40.434572928589006,52.5,52,32472,399999,jul-17-2021_1520
522,0.0,0.0,0.0,0.0,1,0.0,0.0,0.0,0.0,0.0,0.0,0.0,0.0,1.0,0.0,500,400000,0.004999999888241291,30,True,1.3333333730697632,0.3333333432674408,0.0,0.0,0.0,0.0,1.0,0.0,0.0,0.0,0.0,0.0,0.0,0.0,0.0,1.0,30.0,54.296,54.29600000000005,52,31728,355000,jul-17-2021_1520
523,0.0,0.0,0.0,0.0,1,0.0,0.0,0.0,0.0,0.0,0.0,0.0,0.0,1.0,0.0,500,400000,0.004999999888241291,30,True,1.3333333730697632,0.6666666865348816,0.0,0.0,0.0,0.0,1.0,0.0,0.0,0.0,0.0,0.0,0.0,0.0,0.0,0.802,28.624000259518624,52.24529183433416,54.144000000000005,53,29599,399999,jul-17-2021_1521
524,0.0,0.0,0.0,0.0,1,0.0,0.0,0.0,0.0,0.0,0.0,0.0,0.0,1.0,0.0,500,400000,0.004999999888241291,30,True,1.3333333730697632,1.0,0.0,0.0,0.0,0.0,1.0,0.0,0.0,0.0,0.0,0.0,0.0,0.0,0.0,1.0,30.0,41.284,41.28399999999999,49,13697,270000,jul-17-2021_1521
525,0.0,0.0,0.0,0.0,1,0.0,0.0,0.0,0.0,0.0,0.0,0.0,0.0,1.0,0.0,500,400000,0.004999999888241291,30,True,1.6666666269302368,-1.0,0.0,0.0,0.0,0.0,1.0,0.0,0.0,0.0,0.0,0.0,0.0,0.0,0.0,0.0,0.0,0.0,54.39599999999996,53,80806,260000,jul-17-2021_1521
526,0.0,0.0,0.0,0.0,1,0.0,0.0,0.0,0.0,0.0,0.0,0.0,0.0,1.0,0.0,500,400000,0.004999999888241291,30,True,1.6666666269302368,-0.6666666865348816,0.0,0.0,0.0,0.0,1.0,0.0,0.0,0.0,0.0,0.0,0.0,0.0,0.0,0.186,5.66199974167347,61.842867956463564,49.539999999999964,51,117893,399999,jul-17-2021_1521
527,0.0,0.0,0.0,0.0,1,0.0,0.0,0.0,0.0,0.0,0.0,0.0,0.0,1.0,0.0,500,400000,0.004999999888241291,30,True,1.6666666269302368,-0.3333333432674408,0.0,0.0,0.0,0.0,1.0,0.0,0.0,0.0,0.0,0.0,0.0,0.0,0.0,0.662,22.230666350960732,84.6778988025927,51.13599999999997,65,84458,399999,jul-17-2021_1521
528,0.0,0.0,0.0,0.0,1,0.0,0.0,0.0,0.0,0.0,0.0,0.0,0.0,1.0,0.0,500,400000,0.004999999888241291,30,True,1.6666666269302368,0.0,0.0,0.0,0.0,0.0,1.0,0.0,0.0,0.0,0.0,0.0,0.0,0.0,0.0,0.972,29.701999969244003,63.56163932965335,57.99599999999998,54,41025,399999,jul-17-2021_1522
529,0.0,0.0,0.0,0.0,1,0.0,0.0,0.0,0.0,0.0,0.0,0.0,0.0,1.0,0.0,500,400000,0.004999999888241291,30,True,1.6666666269302368,0.3333333432674408,0.0,0.0,0.0,0.0,1.0,0.0,0.0,0.0,0.0,0.0,0.0,0.0,0.0,1.0,30.0,50.896,50.89599999999996,56,28380,330000,jul-17-2021_1522
530,0.0,0.0,0.0,0.0,1,0.0,0.0,0.0,0.0,0.0,0.0,0.0,0.0,1.0,0.0,500,400000,0.004999999888241291,30,True,1.6666666269302368,0.6666666865348816,0.0,0.0,0.0,0.0,1.0,0.0,0.0,0.0,0.0,0.0,0.0,0.0,0.0,0.912,30.47399995434284,68.116432267728,48.803999999999974,54,26718,399999,jul-17-2021_1522
531,0.0,0.0,0.0,0.0,1,0.0,0.0,0.0,0.0,0.0,0.0,0.0,0.0,1.0,0.0,500,400000,0.004999999888241291,30,True,1.6666666269302368,1.0,0.0,0.0,0.0,0.0,1.0,0.0,0.0,0.0,0.0,0.0,0.0,0.0,0.0,1.0,30.0,39.164,39.16399999999999,45,11999,120000,jul-17-2021_1522
532,0.0,0.0,0.0,0.0,1,0.0,0.0,0.0,0.0,0.0,0.0,0.0,0.0,1.0,0.0,500,400000,0.004999999888241291,30,True,2.0,-1.0,0.0,0.0,0.0,0.0,1.0,0.0,0.0,0.0,0.0,0.0,0.0,0.0,0.0,0.0,0.0,0.0,54.644000000000005,53,49154,150000,jul-17-2021_1522
533,0.0,0.0,0.0,0.0,1,0.0,0.0,0.0,0.0,0.0,0.0,0.0,0.0,1.0,0.0,500,400000,0.004999999888241291,30,True,2.0,-0.6666666865348816,0.0,0.0,0.0,0.0,1.0,0.0,0.0,0.0,0.0,0.0,0.0,0.0,0.0,0.0,0.0,0.0,56.05600000000004,55,63853,170000,jul-17-2021_1522
534,0.0,0.0,0.0,0.0,1,0.0,0.0,0.0,0.0,0.0,0.0,0.0,0.0,1.0,0.0,500,400000,0.004999999888241291,30,True,2.0,-0.3333333432674408,0.0,0.0,0.0,0.0,1.0,0.0,0.0,0.0,0.0,0.0,0.0,0.0,0.0,0.024,1.179999993443489,3.9164889848417723,46.55200000000002,50,136370,399999,jul-17-2021_1522
535,0.0,0.0,0.0,0.0,1,0.0,0.0,0.0,0.0,0.0,0.0,0.0,0.0,1.0,0.0,500,400000,0.004999999888241291,30,True,2.0,0.0,0.0,0.0,0.0,0.0,1.0,0.0,0.0,0.0,0.0,0.0,0.0,0.0,0.0,0.292,14.752,36.150496,54.37199999999996,55,88707,399999,jul-17-2021_1523
536,0.0,0.0,0.0,0.0,1,0.0,0.0,0.0,0.0,0.0,0.0,0.0,0.0,1.0,0.0,500,400000,0.004999999888241291,30,True,2.0,0.3333333432674408,0.0,0.0,0.0,0.0,1.0,0.0,0.0,0.0,0.0,0.0,0.0,0.0,0.0,0.678,28.826000060737133,90.98550137693991,48.940000000000055,54,43969,399999,jul-17-2021_1523
537,0.0,0.0,0.0,0.0,1,0.0,0.0,0.0,0.0,0.0,0.0,0.0,0.0,1.0,0.0,500,400000,0.004999999888241291,30,True,2.0,0.6666666865348816,0.0,0.0,0.0,0.0,1.0,0.0,0.0,0.0,0.0,0.0,0.0,0.0,0.0,0.63,29.876000129699708,82.05884581575057,54.51999999999998,54,45039,399999,jul-17-2021_1523
538,0.0,0.0,0.0,0.0,1,0.0,0.0,0.0,0.0,0.0,0.0,0.0,0.0,1.0,0.0,500,400000,0.004999999888241291,30,True,2.0,1.0,0.0,0.0,0.0,0.0,1.0,0.0,0.0,0.0,0.0,0.0,0.0,0.0,0.0,0.956,31.116,77.186544,47.00800000000004,51,28515,399999,jul-17-2021_1523
539,0.0,0.0,0.0,0.0,1,0.0,0.0,0.0,0.0,0.0,0.0,0.0,0.0,1.0,0.0,500,400000,0.004999999888241291,30,True,0.0,-1.0,0.0,0.0,0.0,0.0,1.0,0.0,0.0,0.0,0.0,0.0,0.0,0.0,0.0,0.0,0.0,0.0,53.403999999999996,56,41987,110000,jul-17-2021_1523
540,0.0,0.0,0.0,0.0,1,0.0,0.0,0.0,0.0,0.0,0.0,0.0,0.0,1.0,0.0,500,400000,0.004999999888241291,30,True,0.0,-0.6666666865348816,0.0,0.0,0.0,0.0,1.0,0.0,0.0,0.0,0.0,0.0,0.0,0.0,0.0,1.0,30.0,34.28,34.27999999999997,48,8884,90000,jul-17-2021_1523
541,0.0,0.0,0.0,0.0,1,0.0,0.0,0.0,0.0,0.0,0.0,0.0,0.0,1.0,0.0,500,400000,0.004999999888241291,30,True,0.0,-0.3333333432674408,0.0,0.0,0.0,0.0,1.0,0.0,0.0,0.0,0.0,0.0,0.0,0.0,0.0,1.0,30.0,39.936,39.936000000000035,46,10816,185000,jul-17-2021_1523
542,0.0,0.0,0.0,0.0,1,0.0,0.0,0.0,0.0,0.0,0.0,0.0,0.0,1.0,0.0,500,400000,0.004999999888241291,30,True,0.0,0.0,0.0,0.0,0.0,0.0,1.0,0.0,0.0,0.0,0.0,0.0,0.0,0.0,0.0,1.0,30.0,20.096,20.096000000000004,43,4306,60000,jul-17-2021_1523
543,0.0,0.0,0.0,0.0,1,0.0,0.0,0.0,0.0,0.0,0.0,0.0,0.0,1.0,0.0,500,400000,0.004999999888241291,30,True,0.0,0.3333333432674408,0.0,0.0,0.0,0.0,1.0,0.0,0.0,0.0,0.0,0.0,0.0,0.0,0.0,1.0,30.0,11.832,11.831999999999994,39,2153,100000,jul-17-2021_1524
544,0.0,0.0,0.0,0.0,1,0.0,0.0,0.0,0.0,0.0,0.0,0.0,0.0,1.0,0.0,500,400000,0.004999999888241291,30,True,0.0,0.6666666865348816,0.0,0.0,0.0,0.0,1.0,0.0,0.0,0.0,0.0,0.0,0.0,0.0,0.0,1.0,30.0,15.292,15.29200000000003,44,3031,90000,jul-17-2021_1524
545,0.0,0.0,0.0,0.0,1,0.0,0.0,0.0,0.0,0.0,0.0,0.0,0.0,1.0,0.0,500,400000,0.004999999888241291,30,True,0.0,1.0,0.0,0.0,0.0,0.0,1.0,0.0,0.0,0.0,0.0,0.0,0.0,0.0,0.0,1.0,30.0,21.94,21.940000000000055,44,4601,115000,jul-17-2021_1524
546,0.0,0.0,0.0,0.0,1,0.0,0.0,0.0,0.0,0.0,0.0,0.0,0.0,1.0,0.0,500,400000,0.004999999888241291,30,True,0.3333333432674408,-1.0,0.0,0.0,0.0,0.0,1.0,0.0,0.0,0.0,0.0,0.0,0.0,0.0,0.0,0.0,0.0,0.0,52.379999999999995,53,81901,220000,jul-17-2021_1524
547,0.0,0.0,0.0,0.0,1,0.0,0.0,0.0,0.0,0.0,0.0,0.0,0.0,1.0,0.0,500,400000,0.004999999888241291,30,True,0.3333333432674408,-0.6666666865348816,0.0,0.0,0.0,0.0,1.0,0.0,0.0,0.0,0.0,0.0,0.0,0.0,0.0,1.0,30.0,40.764,40.76400000000001,46,9627,135000,jul-17-2021_1524
548,0.0,0.0,0.0,0.0,1,0.0,0.0,0.0,0.0,0.0,0.0,0.0,0.0,1.0,0.0,500,400000,0.004999999888241291,30,True,0.3333333432674408,-0.3333333432674408,0.0,0.0,0.0,0.0,1.0,0.0,0.0,0.0,0.0,0.0,0.0,0.0,0.0,1.0,30.0,25.904,25.903999999999996,48,6189,95000,jul-17-2021_1524
549,0.0,0.0,0.0,0.0,1,0.0,0.0,0.0,0.0,0.0,0.0,0.0,0.0,1.0,0.0,500,400000,0.004999999888241291,30,True,0.3333333432674408,0.0,0.0,0.0,0.0,0.0,1.0,0.0,0.0,0.0,0.0,0.0,0.0,0.0,0.0,1.0,30.0,19.852,19.851999999999975,41,4282,85000,jul-17-2021_1524
550,0.0,0.0,0.0,0.0,1,0.0,0.0,0.0,0.0,0.0,0.0,0.0,0.0,1.0,0.0,500,400000,0.004999999888241291,30,True,0.3333333432674408,0.3333333432674408,0.0,0.0,0.0,0.0,1.0,0.0,0.0,0.0,0.0,0.0,0.0,0.0,0.0,1.0,30.0,36.252,36.25199999999995,48,12159,185000,jul-17-2021_1524
551,0.0,0.0,0.0,0.0,1,0.0,0.0,0.0,0.0,0.0,0.0,0.0,0.0,1.0,0.0,500,400000,0.004999999888241291,30,True,0.3333333432674408,0.6666666865348816,0.0,0.0,0.0,0.0,1.0,0.0,0.0,0.0,0.0,0.0,0.0,0.0,0.0,1.0,30.0,19.964,19.964000000000055,42,3839,85000,jul-17-2021_1524
552,0.0,0.0,0.0,0.0,1,0.0,0.0,0.0,0.0,0.0,0.0,0.0,0.0,1.0,0.0,500,400000,0.004999999888241291,30,True,0.3333333432674408,1.0,0.0,0.0,0.0,0.0,1.0,0.0,0.0,0.0,0.0,0.0,0.0,0.0,0.0,1.0,30.0,22.908,22.908000000000015,41,4454,115000,jul-17-2021_1524
553,0.0,0.0,0.0,0.0,1,0.0,0.0,0.0,0.0,0.0,0.0,0.0,0.0,1.0,0.0,500,400000,0.004999999888241291,30,True,0.6666666865348816,-1.0,0.0,0.0,0.0,0.0,1.0,0.0,0.0,0.0,0.0,0.0,0.0,0.0,0.0,1.0,30.0,31.744,31.744000000000028,45,7503,135000,jul-17-2021_1524
554,0.0,0.0,0.0,0.0,1,0.0,0.0,0.0,0.0,0.0,0.0,0.0,0.0,1.0,0.0,500,400000,0.004999999888241291,30,True,0.6666666865348816,-0.6666666865348816,0.0,0.0,0.0,0.0,1.0,0.0,0.0,0.0,0.0,0.0,0.0,0.0,0.0,1.0,30.0,43.712,43.71199999999999,51,14204,140000,jul-17-2021_1524
555,0.0,0.0,0.0,0.0,1,0.0,0.0,0.0,0.0,0.0,0.0,0.0,0.0,1.0,0.0,500,400000,0.004999999888241291,30,True,0.6666666865348816,-0.3333333432674408,0.0,0.0,0.0,0.0,1.0,0.0,0.0,0.0,0.0,0.0,0.0,0.0,0.0,1.0,30.0,36.86,36.860000000000014,51,10393,155000,jul-17-2021_1524
556,0.0,0.0,0.0,0.0,1,0.0,0.0,0.0,0.0,0.0,0.0,0.0,0.0,1.0,0.0,500,400000,0.004999999888241291,30,True,0.6666666865348816,0.0,0.0,0.0,0.0,0.0,1.0,0.0,0.0,0.0,0.0,0.0,0.0,0.0,0.0,1.0,30.0,23.08,23.08000000000004,43,4801,100000,jul-17-2021_1524
557,0.0,0.0,0.0,0.0,1,0.0,0.0,0.0,0.0,0.0,0.0,0.0,0.0,1.0,0.0,500,400000,0.004999999888241291,30,True,0.6666666865348816,0.3333333432674408,0.0,0.0,0.0,0.0,1.0,0.0,0.0,0.0,0.0,0.0,0.0,0.0,0.0,1.0,30.0,33.676,33.676000000000045,46,7909,120000,jul-17-2021_1524
558,0.0,0.0,0.0,0.0,1,0.0,0.0,0.0,0.0,0.0,0.0,0.0,0.0,1.0,0.0,500,400000,0.004999999888241291,30,True,0.6666666865348816,0.6666666865348816,0.0,0.0,0.0,0.0,1.0,0.0,0.0,0.0,0.0,0.0,0.0,0.0,0.0,1.0,30.0,23.28,23.279999999999973,42,6174,110000,jul-17-2021_1524
559,0.0,0.0,0.0,0.0,1,0.0,0.0,0.0,0.0,0.0,0.0,0.0,0.0,1.0,0.0,500,400000,0.004999999888241291,30,True,0.6666666865348816,1.0,0.0,0.0,0.0,0.0,1.0,0.0,0.0,0.0,0.0,0.0,0.0,0.0,0.0,1.0,30.0,34.74,34.74000000000001,46,8296,135000,jul-17-2021_1524
560,0.0,0.0,0.0,0.0,1,0.0,0.0,0.0,0.0,0.0,0.0,0.0,0.0,1.0,0.0,500,400000,0.004999999888241291,30,True,1.0,-1.0,0.0,0.0,0.0,0.0,1.0,0.0,0.0,0.0,0.0,0.0,0.0,0.0,0.0,0.0,0.0,0.0,60.168000000000006,50,76299,260000,jul-17-2021_1525
561,0.0,0.0,0.0,0.0,1,0.0,0.0,0.0,0.0,0.0,0.0,0.0,0.0,1.0,0.0,500,400000,0.004999999888241291,30,True,1.0,-0.6666666865348816,0.0,0.0,0.0,0.0,1.0,0.0,0.0,0.0,0.0,0.0,0.0,0.0,0.0,1.0,30.0,50.864,50.86400000000003,52,24551,225000,jul-17-2021_1525
562,0.0,0.0,0.0,0.0,1,0.0,0.0,0.0,0.0,0.0,0.0,0.0,0.0,1.0,0.0,500,400000,0.004999999888241291,30,True,1.0,-0.3333333432674408,0.0,0.0,0.0,0.0,1.0,0.0,0.0,0.0,0.0,0.0,0.0,0.0,0.0,1.0,30.0,41.388,41.388000000000034,50,12721,325000,jul-17-2021_1525
563,0.0,0.0,0.0,0.0,1,0.0,0.0,0.0,0.0,0.0,0.0,0.0,0.0,1.0,0.0,500,400000,0.004999999888241291,30,True,1.0,0.0,0.0,0.0,0.0,0.0,1.0,0.0,0.0,0.0,0.0,0.0,0.0,0.0,0.0,1.0,30.0,60.152,60.152000000000044,51,27025,390000,jul-17-2021_1525
564,0.0,0.0,0.0,0.0,1,0.0,0.0,0.0,0.0,0.0,0.0,0.0,0.0,1.0,0.0,500,400000,0.004999999888241291,30,True,1.0,0.3333333432674408,0.0,0.0,0.0,0.0,1.0,0.0,0.0,0.0,0.0,0.0,0.0,0.0,0.0,1.0,30.0,26.732,26.73199999999997,47,6111,115000,jul-17-2021_1525
565,0.0,0.0,0.0,0.0,1,0.0,0.0,0.0,0.0,0.0,0.0,0.0,0.0,1.0,0.0,500,400000,0.004999999888241291,30,True,1.0,0.6666666865348816,0.0,0.0,0.0,0.0,1.0,0.0,0.0,0.0,0.0,0.0,0.0,0.0,0.0,1.0,30.0,34.572,34.572,49,8948,200000,jul-17-2021_1525
566,0.0,0.0,0.0,0.0,1,0.0,0.0,0.0,0.0,0.0,0.0,0.0,0.0,1.0,0.0,500,400000,0.004999999888241291,30,True,1.0,1.0,0.0,0.0,0.0,0.0,1.0,0.0,0.0,0.0,0.0,0.0,0.0,0.0,0.0,1.0,30.0,36.904,36.903999999999996,47,7557,105000,jul-17-2021_1525
567,0.0,0.0,0.0,0.0,1,0.0,0.0,0.0,0.0,0.0,0.0,0.0,0.0,1.0,0.0,500,400000,0.004999999888241291,30,True,1.3333333730697632,-1.0,0.0,0.0,0.0,0.0,1.0,0.0,0.0,0.0,0.0,0.0,0.0,0.0,0.0,0.0,0.0,0.0,52.63599999999997,50,75347,225000,jul-17-2021_1525
568,0.0,0.0,0.0,0.0,1,0.0,0.0,0.0,0.0,0.0,0.0,0.0,0.0,1.0,0.0,500,400000,0.004999999888241291,30,True,1.3333333730697632,-0.6666666865348816,0.0,0.0,0.0,0.0,1.0,0.0,0.0,0.0,0.0,0.0,0.0,0.0,0.0,0.0,0.0,0.0,49.124000000000024,55,43394,105000,jul-17-2021_1525
569,0.0,0.0,0.0,0.0,1,0.0,0.0,0.0,0.0,0.0,0.0,0.0,0.0,1.0,0.0,500,400000,0.004999999888241291,30,True,1.3333333730697632,-0.3333333432674408,0.0,0.0,0.0,0.0,1.0,0.0,0.0,0.0,0.0,0.0,0.0,0.0,0.0,1.0,30.0,48.012,48.011999999999944,53,22217,255000,jul-17-2021_1525
570,0.0,0.0,0.0,0.0,1,0.0,0.0,0.0,0.0,0.0,0.0,0.0,0.0,1.0,0.0,500,400000,0.004999999888241291,30,True,1.3333333730697632,0.0,0.0,0.0,0.0,0.0,1.0,0.0,0.0,0.0,0.0,0.0,0.0,0.0,0.0,0.76,24.670666871786118,50.08976439439683,54.81200000000001,49,49594,399999,jul-17-2021_1526
571,0.0,0.0,0.0,0.0,1,0.0,0.0,0.0,0.0,0.0,0.0,0.0,0.0,1.0,0.0,500,400000,0.004999999888241291,30,True,1.3333333730697632,0.3333333432674408,0.0,0.0,0.0,0.0,1.0,0.0,0.0,0.0,0.0,0.0,0.0,0.0,0.0,1.0,30.0,33.728,33.72799999999995,44,9231,120000,jul-17-2021_1526
572,0.0,0.0,0.0,0.0,1,0.0,0.0,0.0,0.0,0.0,0.0,0.0,0.0,1.0,0.0,500,400000,0.004999999888241291,30,True,1.3333333730697632,0.6666666865348816,0.0,0.0,0.0,0.0,1.0,0.0,0.0,0.0,0.0,0.0,0.0,0.0,0.0,1.0,30.0,34.368,34.36800000000005,48,9290,175000,jul-17-2021_1526
573,0.0,0.0,0.0,0.0,1,0.0,0.0,0.0,0.0,0.0,0.0,0.0,0.0,1.0,0.0,500,400000,0.004999999888241291,30,True,1.3333333730697632,1.0,0.0,0.0,0.0,0.0,1.0,0.0,0.0,0.0,0.0,0.0,0.0,0.0,0.0,1.0,30.0,46.572,46.572,51,22391,335000,jul-17-2021_1526
574,0.0,0.0,0.0,0.0,1,0.0,0.0,0.0,0.0,0.0,0.0,0.0,0.0,1.0,0.0,500,400000,0.004999999888241291,30,True,1.6666666269302368,-1.0,0.0,0.0,0.0,0.0,1.0,0.0,0.0,0.0,0.0,0.0,0.0,0.0,0.0,0.0,0.0,0.0,48.26800000000003,52,44372,175000,jul-17-2021_1526
575,0.0,0.0,0.0,0.0,1,0.0,0.0,0.0,0.0,0.0,0.0,0.0,0.0,1.0,0.0,500,400000,0.004999999888241291,30,True,1.6666666269302368,-0.6666666865348816,0.0,0.0,0.0,0.0,1.0,0.0,0.0,0.0,0.0,0.0,0.0,0.0,0.0,0.07,2.035999899148941,19.945815710471695,55.432000000000016,57,122855,399999,jul-17-2021_1526
576,0.0,0.0,0.0,0.0,1,0.0,0.0,0.0,0.0,0.0,0.0,0.0,0.0,1.0,0.0,500,400000,0.004999999888241291,30,True,1.6666666269302368,-0.3333333432674408,0.0,0.0,0.0,0.0,1.0,0.0,0.0,0.0,0.0,0.0,0.0,0.0,0.0,0.392,14.30399965697527,64.37558122645922,53.20799999999997,47,149989,399999,jul-17-2021_1527
577,0.0,0.0,0.0,0.0,1,0.0,0.0,0.0,0.0,0.0,0.0,0.0,0.0,1.0,0.0,500,400000,0.004999999888241291,30,True,1.6666666269302368,0.0,0.0,0.0,0.0,0.0,1.0,0.0,0.0,0.0,0.0,0.0,0.0,0.0,0.0,0.588,22.627333060979844,59.829782194358415,46.34000000000003,52,59495,399999,jul-17-2021_1527
578,0.0,0.0,0.0,0.0,1,0.0,0.0,0.0,0.0,0.0,0.0,0.0,0.0,1.0,0.0,500,400000,0.004999999888241291,30,True,1.6666666269302368,0.3333333432674408,0.0,0.0,0.0,0.0,1.0,0.0,0.0,0.0,0.0,0.0,0.0,0.0,0.0,0.73,27.78799983161688,65.47371820757581,46.78800000000001,53,18913,399999,jul-17-2021_1527
579,0.0,0.0,0.0,0.0,1,0.0,0.0,0.0,0.0,0.0,0.0,0.0,0.0,1.0,0.0,500,400000,0.004999999888241291,30,True,1.6666666269302368,0.6666666865348816,0.0,0.0,0.0,0.0,1.0,0.0,0.0,0.0,0.0,0.0,0.0,0.0,0.0,1.0,30.0,53.348,53.347999999999956,53,24913,345000,jul-17-2021_1527
580,0.0,0.0,0.0,0.0,1,0.0,0.0,0.0,0.0,0.0,0.0,0.0,0.0,1.0,0.0,500,400000,0.004999999888241291,30,True,1.6666666269302368,1.0,0.0,0.0,0.0,0.0,1.0,0.0,0.0,0.0,0.0,0.0,0.0,0.0,0.0,1.0,30.0,45.956,45.95600000000002,56,19640,305000,jul-17-2021_1527
581,0.0,0.0,0.0,0.0,1,0.0,0.0,0.0,0.0,0.0,0.0,0.0,0.0,1.0,0.0,500,400000,0.004999999888241291,30,True,2.0,-1.0,0.0,0.0,0.0,0.0,1.0,0.0,0.0,0.0,0.0,0.0,0.0,0.0,0.0,0.0,0.0,0.0,52.34400000000005,57,80623,205000,jul-17-2021_1527
582,0.0,0.0,0.0,0.0,1,0.0,0.0,0.0,0.0,0.0,0.0,0.0,0.0,1.0,0.0,500,400000,0.004999999888241291,30,True,2.0,-0.6666666865348816,0.0,0.0,0.0,0.0,1.0,0.0,0.0,0.0,0.0,0.0,0.0,0.0,0.0,0.0,0.0,0.0,56.62800000000004,52,82036,245000,jul-17-2021_1528
583,0.0,0.0,0.0,0.0,1,0.0,0.0,0.0,0.0,0.0,0.0,0.0,0.0,1.0,0.0,500,400000,0.004999999888241291,30,True,2.0,-0.3333333432674408,0.0,0.0,0.0,0.0,1.0,0.0,0.0,0.0,0.0,0.0,0.0,0.0,0.0,0.15,7.113999964177609,30.178782357540584,51.99599999999998,55,107182,399999,jul-17-2021_1528
584,0.0,0.0,0.0,0.0,1,0.0,0.0,0.0,0.0,0.0,0.0,0.0,0.0,1.0,0.0,500,400000,0.004999999888241291,30,True,2.0,0.0,0.0,0.0,0.0,0.0,1.0,0.0,0.0,0.0,0.0,0.0,0.0,0.0,0.0,0.336,16.512,50.089856,53.823999999999955,54,90420,399999,jul-17-2021_1528
585,0.0,0.0,0.0,0.0,1,0.0,0.0,0.0,0.0,0.0,0.0,0.0,0.0,1.0,0.0,500,400000,0.004999999888241291,30,True,2.0,0.3333333432674408,0.0,0.0,0.0,0.0,1.0,0.0,0.0,0.0,0.0,0.0,0.0,0.0,0.0,0.498,24.647333404004574,66.86651472903615,55.31200000000001,50,45596,399999,jul-17-2021_1528
586,0.0,0.0,0.0,0.0,1,0.0,0.0,0.0,0.0,0.0,0.0,0.0,0.0,1.0,0.0,500,400000,0.004999999888241291,30,True,2.0,0.6666666865348816,0.0,0.0,0.0,0.0,1.0,0.0,0.0,0.0,0.0,0.0,0.0,0.0,0.0,1.0,30.0,41.26,41.25999999999999,50,12550,190000,jul-17-2021_1528
587,0.0,0.0,0.0,0.0,1,0.0,0.0,0.0,0.0,0.0,0.0,0.0,0.0,1.0,0.0,500,400000,0.004999999888241291,30,True,2.0,1.0,0.0,0.0,0.0,0.0,1.0,0.0,0.0,0.0,0.0,0.0,0.0,0.0,0.0,0.916,31.768,82.398176,50.13599999999997,53,36403,399999,jul-17-2021_1529
588,0.0,0.0,0.0,0.0,1,0.0,0.0,0.0,0.0,0.0,0.0,0.0,0.0,1.0,0.0,500,400000,0.004999999888241291,30,True,0.0,-1.0,0.0,0.0,0.0,0.0,1.0,0.0,0.0,0.0,0.0,0.0,0.0,0.0,0.0,1.0,30.0,40.492,40.49199999999996,49,14851,165000,jul-17-2021_1529
589,0.0,0.0,0.0,0.0,1,0.0,0.0,0.0,0.0,0.0,0.0,0.0,0.0,1.0,0.0,500,400000,0.004999999888241291,30,True,0.0,-0.6666666865348816,0.0,0.0,0.0,0.0,1.0,0.0,0.0,0.0,0.0,0.0,0.0,0.0,0.0,1.0,30.0,52.364,52.36400000000003,51,21566,170000,jul-17-2021_1529
590,0.0,0.0,0.0,0.0,1,0.0,0.0,0.0,0.0,0.0,0.0,0.0,0.0,1.0,0.0,500,400000,0.004999999888241291,30,True,0.0,-0.3333333432674408,0.0,0.0,0.0,0.0,1.0,0.0,0.0,0.0,0.0,0.0,0.0,0.0,0.0,1.0,30.0,34.46,34.460000000000036,48,10070,160000,jul-17-2021_1529
591,0.0,0.0,0.0,0.0,1,0.0,0.0,0.0,0.0,0.0,0.0,0.0,0.0,1.0,0.0,500,400000,0.004999999888241291,30,True,0.0,0.0,0.0,0.0,0.0,0.0,1.0,0.0,0.0,0.0,0.0,0.0,0.0,0.0,0.0,1.0,30.0,24.596,24.596000000000004,48,5962,85000,jul-17-2021_1529
592,0.0,0.0,0.0,0.0,1,0.0,0.0,0.0,0.0,0.0,0.0,0.0,0.0,1.0,0.0,500,400000,0.004999999888241291,30,True,0.0,0.3333333432674408,0.0,0.0,0.0,0.0,1.0,0.0,0.0,0.0,0.0,0.0,0.0,0.0,0.0,1.0,30.0,22.748,22.748000000000047,41,4809,80000,jul-17-2021_1529
593,0.0,0.0,0.0,0.0,1,0.0,0.0,0.0,0.0,0.0,0.0,0.0,0.0,1.0,0.0,500,400000,0.004999999888241291,30,True,0.0,0.6666666865348816,0.0,0.0,0.0,0.0,1.0,0.0,0.0,0.0,0.0,0.0,0.0,0.0,0.0,1.0,30.0,20.228,20.227999999999952,42,3528,70000,jul-17-2021_1529
594,0.0,0.0,0.0,0.0,1,0.0,0.0,0.0,0.0,0.0,0.0,0.0,0.0,1.0,0.0,500,400000,0.004999999888241291,30,True,0.0,1.0,0.0,0.0,0.0,0.0,1.0,0.0,0.0,0.0,0.0,0.0,0.0,0.0,0.0,1.0,30.0,23.04,23.039999999999964,43,4811,80000,jul-17-2021_1529
595,0.0,0.0,0.0,0.0,1,0.0,0.0,0.0,0.0,0.0,0.0,0.0,0.0,1.0,0.0,500,400000,0.004999999888241291,30,True,0.3333333432674408,-1.0,0.0,0.0,0.0,0.0,1.0,0.0,0.0,0.0,0.0,0.0,0.0,0.0,0.0,1.0,30.0,21.392,21.392000000000053,44,5089,100000,jul-17-2021_1529
596,0.0,0.0,0.0,0.0,1,0.0,0.0,0.0,0.0,0.0,0.0,0.0,0.0,1.0,0.0,500,400000,0.004999999888241291,30,True,0.3333333432674408,-0.6666666865348816,0.0,0.0,0.0,0.0,1.0,0.0,0.0,0.0,0.0,0.0,0.0,0.0,0.0,1.0,30.0,27.268,27.26800000000003,47,6172,85000,jul-17-2021_1529
597,0.0,0.0,0.0,0.0,1,0.0,0.0,0.0,0.0,0.0,0.0,0.0,0.0,1.0,0.0,500,400000,0.004999999888241291,30,True,0.3333333432674408,-0.3333333432674408,0.0,0.0,0.0,0.0,1.0,0.0,0.0,0.0,0.0,0.0,0.0,0.0,0.0,1.0,30.0,39.54,39.539999999999964,51,11510,110000,jul-17-2021_1529
598,0.0,0.0,0.0,0.0,1,0.0,0.0,0.0,0.0,0.0,0.0,0.0,0.0,1.0,0.0,500,400000,0.004999999888241291,30,True,0.3333333432674408,0.0,0.0,0.0,0.0,0.0,1.0,0.0,0.0,0.0,0.0,0.0,0.0,0.0,0.0,1.0,30.0,24.552,24.55200000000002,43,5449,105000,jul-17-2021_1529
599,0.0,0.0,0.0,0.0,1,0.0,0.0,0.0,0.0,0.0,0.0,0.0,0.0,1.0,0.0,500,400000,0.004999999888241291,30,True,0.3333333432674408,0.3333333432674408,0.0,0.0,0.0,0.0,1.0,0.0,0.0,0.0,0.0,0.0,0.0,0.0,0.0,1.0,30.0,35.584,35.583999999999946,46,8862,220000,jul-17-2021_1529
600,0.0,0.0,0.0,0.0,1,0.0,0.0,0.0,0.0,0.0,0.0,0.0,0.0,1.0,0.0,500,400000,0.004999999888241291,30,True,0.3333333432674408,0.6666666865348816,0.0,0.0,0.0,0.0,1.0,0.0,0.0,0.0,0.0,0.0,0.0,0.0,0.0,1.0,30.0,13.372,13.371999999999957,41,2827,65000,jul-17-2021_1529
601,0.0,0.0,0.0,0.0,1,0.0,0.0,0.0,0.0,0.0,0.0,0.0,0.0,1.0,0.0,500,400000,0.004999999888241291,30,True,0.3333333432674408,1.0,0.0,0.0,0.0,0.0,1.0,0.0,0.0,0.0,0.0,0.0,0.0,0.0,0.0,1.0,30.0,16.868,16.868000000000052,43,3475,55000,jul-17-2021_1529
602,0.0,0.0,0.0,0.0,1,0.0,0.0,0.0,0.0,0.0,0.0,0.0,0.0,1.0,0.0,500,400000,0.004999999888241291,30,True,0.6666666865348816,-1.0,0.0,0.0,0.0,0.0,1.0,0.0,0.0,0.0,0.0,0.0,0.0,0.0,0.0,1.0,30.0,23.056,23.05600000000004,43,5375,95000,jul-17-2021_1529
603,0.0,0.0,0.0,0.0,1,0.0,0.0,0.0,0.0,0.0,0.0,0.0,0.0,1.0,0.0,500,400000,0.004999999888241291,30,True,0.6666666865348816,-0.6666666865348816,0.0,0.0,0.0,0.0,1.0,0.0,0.0,0.0,0.0,0.0,0.0,0.0,0.0,1.0,30.0,35.56,35.559999999999945,48,9338,130000,jul-17-2021_1529
604,0.0,0.0,0.0,0.0,1,0.0,0.0,0.0,0.0,0.0,0.0,0.0,0.0,1.0,0.0,500,400000,0.004999999888241291,30,True,0.6666666865348816,-0.3333333432674408,0.0,0.0,0.0,0.0,1.0,0.0,0.0,0.0,0.0,0.0,0.0,0.0,0.0,1.0,30.0,45.792,45.79200000000003,53,14963,140000,jul-17-2021_1529
605,0.0,0.0,0.0,0.0,1,0.0,0.0,0.0,0.0,0.0,0.0,0.0,0.0,1.0,0.0,500,400000,0.004999999888241291,30,True,0.6666666865348816,0.0,0.0,0.0,0.0,0.0,1.0,0.0,0.0,0.0,0.0,0.0,0.0,0.0,0.0,1.0,30.0,25.772,25.772000000000048,43,6448,105000,jul-17-2021_1529
606,0.0,0.0,0.0,0.0,1,0.0,0.0,0.0,0.0,0.0,0.0,0.0,0.0,1.0,0.0,500,400000,0.004999999888241291,30,True,0.6666666865348816,0.3333333432674408,0.0,0.0,0.0,0.0,1.0,0.0,0.0,0.0,0.0,0.0,0.0,0.0,0.0,1.0,30.0,28.36,28.360000000000014,44,6482,105000,jul-17-2021_1529
607,0.0,0.0,0.0,0.0,1,0.0,0.0,0.0,0.0,0.0,0.0,0.0,0.0,1.0,0.0,500,400000,0.004999999888241291,30,True,0.6666666865348816,0.6666666865348816,0.0,0.0,0.0,0.0,1.0,0.0,0.0,0.0,0.0,0.0,0.0,0.0,0.0,1.0,30.0,38.392,38.39200000000005,48,11275,140000,jul-17-2021_1530
608,0.0,0.0,0.0,0.0,1,0.0,0.0,0.0,0.0,0.0,0.0,0.0,0.0,1.0,0.0,500,400000,0.004999999888241291,30,True,0.6666666865348816,1.0,0.0,0.0,0.0,0.0,1.0,0.0,0.0,0.0,0.0,0.0,0.0,0.0,0.0,1.0,30.0,34.684,34.68399999999997,50,7787,180000,jul-17-2021_1530
609,0.0,0.0,0.0,0.0,1,0.0,0.0,0.0,0.0,0.0,0.0,0.0,0.0,1.0,0.0,500,400000,0.004999999888241291,30,True,1.0,-1.0,0.0,0.0,0.0,0.0,1.0,0.0,0.0,0.0,0.0,0.0,0.0,0.0,0.0,0.0,0.0,0.0,54.04399999999998,49,69752,210000,jul-17-2021_1530
610,0.0,0.0,0.0,0.0,1,0.0,0.0,0.0,0.0,0.0,0.0,0.0,0.0,1.0,0.0,500,400000,0.004999999888241291,30,True,1.0,-0.6666666865348816,0.0,0.0,0.0,0.0,1.0,0.0,0.0,0.0,0.0,0.0,0.0,0.0,0.0,1.0,30.0,40.972,40.97199999999998,50,12016,205000,jul-17-2021_1530
611,0.0,0.0,0.0,0.0,1,0.0,0.0,0.0,0.0,0.0,0.0,0.0,0.0,1.0,0.0,500,400000,0.004999999888241291,30,True,1.0,-0.3333333432674408,0.0,0.0,0.0,0.0,1.0,0.0,0.0,0.0,0.0,0.0,0.0,0.0,0.0,1.0,30.0,52.196,52.196000000000026,50,18915,230000,jul-17-2021_1530
612,0.0,0.0,0.0,0.0,1,0.0,0.0,0.0,0.0,0.0,0.0,0.0,0.0,1.0,0.0,500,400000,0.004999999888241291,30,True,1.0,0.0,0.0,0.0,0.0,0.0,1.0,0.0,0.0,0.0,0.0,0.0,0.0,0.0,0.0,1.0,30.0,35.716,35.71600000000001,48,10267,195000,jul-17-2021_1530
613,0.0,0.0,0.0,0.0,1,0.0,0.0,0.0,0.0,0.0,0.0,0.0,0.0,1.0,0.0,500,400000,0.004999999888241291,30,True,1.0,0.3333333432674408,0.0,0.0,0.0,0.0,1.0,0.0,0.0,0.0,0.0,0.0,0.0,0.0,0.0,1.0,30.0,45.468,45.46799999999996,54,18415,320000,jul-17-2021_1530
614,0.0,0.0,0.0,0.0,1,0.0,0.0,0.0,0.0,0.0,0.0,0.0,0.0,1.0,0.0,500,400000,0.004999999888241291,30,True,1.0,0.6666666865348816,0.0,0.0,0.0,0.0,1.0,0.0,0.0,0.0,0.0,0.0,0.0,0.0,0.0,1.0,30.0,49.184,49.18399999999997,53,19030,395000,jul-17-2021_1530
615,0.0,0.0,0.0,0.0,1,0.0,0.0,0.0,0.0,0.0,0.0,0.0,0.0,1.0,0.0,500,400000,0.004999999888241291,30,True,1.0,1.0,0.0,0.0,0.0,0.0,1.0,0.0,0.0,0.0,0.0,0.0,0.0,0.0,0.0,1.0,30.0,29.396,29.395999999999958,44,6779,150000,jul-17-2021_1530
616,0.0,0.0,0.0,0.0,1,0.0,0.0,0.0,0.0,0.0,0.0,0.0,0.0,1.0,0.0,500,400000,0.004999999888241291,30,True,1.3333333730697632,-1.0,0.0,0.0,0.0,0.0,1.0,0.0,0.0,0.0,0.0,0.0,0.0,0.0,0.0,0.0,0.0,0.0,55.18799999999999,53,137043,375000,jul-17-2021_1531
617,0.0,0.0,0.0,0.0,1,0.0,0.0,0.0,0.0,0.0,0.0,0.0,0.0,1.0,0.0,500,400000,0.004999999888241291,30,True,1.3333333730697632,-0.6666666865348816,0.0,0.0,0.0,0.0,1.0,0.0,0.0,0.0,0.0,0.0,0.0,0.0,0.0,1.0,30.0,55.332,55.331999999999994,57,30895,240000,jul-17-2021_1531
618,0.0,0.0,0.0,0.0,1,0.0,0.0,0.0,0.0,0.0,0.0,0.0,0.0,1.0,0.0,500,400000,0.004999999888241291,30,True,1.3333333730697632,-0.3333333432674408,0.0,0.0,0.0,0.0,1.0,0.0,0.0,0.0,0.0,0.0,0.0,0.0,0.0,1.0,30.0,56.048,56.048,56,26957,250000,jul-17-2021_1531
619,0.0,0.0,0.0,0.0,1,0.0,0.0,0.0,0.0,0.0,0.0,0.0,0.0,1.0,0.0,500,400000,0.004999999888241291,30,True,1.3333333730697632,0.0,0.0,0.0,0.0,0.0,1.0,0.0,0.0,0.0,0.0,0.0,0.0,0.0,0.0,1.0,30.0,48.236,48.23599999999999,57,19179,345000,jul-17-2021_1531
620,0.0,0.0,0.0,0.0,1,0.0,0.0,0.0,0.0,0.0,0.0,0.0,0.0,1.0,0.0,500,400000,0.004999999888241291,30,True,1.3333333730697632,0.3333333432674408,0.0,0.0,0.0,0.0,1.0,0.0,0.0,0.0,0.0,0.0,0.0,0.0,0.0,0.994,29.940666674911977,54.28381299842726,54.511999999999944,64,38247,399999,jul-17-2021_1531
621,0.0,0.0,0.0,0.0,1,0.0,0.0,0.0,0.0,0.0,0.0,0.0,0.0,1.0,0.0,500,400000,0.004999999888241291,30,True,1.3333333730697632,0.6666666865348816,0.0,0.0,0.0,0.0,1.0,0.0,0.0,0.0,0.0,0.0,0.0,0.0,0.0,1.0,30.0,44.772,44.77200000000005,48,14439,350000,jul-17-2021_1531
622,0.0,0.0,0.0,0.0,1,0.0,0.0,0.0,0.0,0.0,0.0,0.0,0.0,1.0,0.0,500,400000,0.004999999888241291,30,True,1.3333333730697632,1.0,0.0,0.0,0.0,0.0,1.0,0.0,0.0,0.0,0.0,0.0,0.0,0.0,0.0,1.0,30.0,43.736,43.73599999999999,50,14992,290000,jul-17-2021_1531
623,0.0,0.0,0.0,0.0,1,0.0,0.0,0.0,0.0,0.0,0.0,0.0,0.0,1.0,0.0,500,400000,0.004999999888241291,30,True,1.6666666269302368,-1.0,0.0,0.0,0.0,0.0,1.0,0.0,0.0,0.0,0.0,0.0,0.0,0.0,0.0,0.058,1.3253332676887513,51.330157787462014,62.20799999999997,53,101400,399999,jul-17-2021_1532
624,0.0,0.0,0.0,0.0,1,0.0,0.0,0.0,0.0,0.0,0.0,0.0,0.0,1.0,0.0,500,400000,0.004999999888241291,30,True,1.6666666269302368,-0.6666666865348816,0.0,0.0,0.0,0.0,1.0,0.0,0.0,0.0,0.0,0.0,0.0,0.0,0.0,0.522,15.791999569892884,122.80962076148778,55.31600000000003,55,63642,399999,jul-17-2021_1532
625,0.0,0.0,0.0,0.0,1,0.0,0.0,0.0,0.0,0.0,0.0,0.0,0.0,1.0,0.0,500,400000,0.004999999888241291,30,True,1.6666666269302368,-0.3333333432674408,0.0,0.0,0.0,0.0,1.0,0.0,0.0,0.0,0.0,0.0,0.0,0.0,0.0,0.65,21.994666352748872,77.8844112773413,52.196000000000026,52,34724,399999,jul-17-2021_1532
626,0.0,0.0,0.0,0.0,1,0.0,0.0,0.0,0.0,0.0,0.0,0.0,0.0,1.0,0.0,500,400000,0.004999999888241291,30,True,1.6666666269302368,0.0,0.0,0.0,0.0,0.0,1.0,0.0,0.0,0.0,0.0,0.0,0.0,0.0,0.0,0.798,27.083999816417695,89.38316104017443,60.976,54,72098,399999,jul-17-2021_1532
627,0.0,0.0,0.0,0.0,1,0.0,0.0,0.0,0.0,0.0,0.0,0.0,0.0,1.0,0.0,500,400000,0.004999999888241291,30,True,1.6666666269302368,0.3333333432674408,0.0,0.0,0.0,0.0,1.0,0.0,0.0,0.0,0.0,0.0,0.0,0.0,0.0,0.996,29.995999997913838,50.29331733558162,51.039999999999964,52,26137,399999,jul-17-2021_1532
628,0.0,0.0,0.0,0.0,1,0.0,0.0,0.0,0.0,0.0,0.0,0.0,0.0,1.0,0.0,500,400000,0.004999999888241291,30,True,1.6666666269302368,0.6666666865348816,0.0,0.0,0.0,0.0,1.0,0.0,0.0,0.0,0.0,0.0,0.0,0.0,0.0,0.764,29.75799989950657,72.3212101598011,54.403999999999996,59,47129,399999,jul-17-2021_1533
629,0.0,0.0,0.0,0.0,1,0.0,0.0,0.0,0.0,0.0,0.0,0.0,0.0,1.0,0.0,500,400000,0.004999999888241291,30,True,1.6666666269302368,1.0,0.0,0.0,0.0,0.0,1.0,0.0,0.0,0.0,0.0,0.0,0.0,0.0,0.0,1.0,30.0,43.028,43.02800000000002,51,11150,215000,jul-17-2021_1533
630,0.0,0.0,0.0,0.0,1,0.0,0.0,0.0,0.0,0.0,0.0,0.0,0.0,1.0,0.0,500,400000,0.004999999888241291,30,True,2.0,-1.0,0.0,0.0,0.0,0.0,1.0,0.0,0.0,0.0,0.0,0.0,0.0,0.0,0.0,0.0,0.0,0.0,53.53200000000004,52,45464,135000,jul-17-2021_1533
631,0.0,0.0,0.0,0.0,1,0.0,0.0,0.0,0.0,0.0,0.0,0.0,0.0,1.0,0.0,500,400000,0.004999999888241291,30,True,2.0,-0.6666666865348816,0.0,0.0,0.0,0.0,1.0,0.0,0.0,0.0,0.0,0.0,0.0,0.0,0.0,0.0,0.0,0.0,53.700000000000045,54,70298,225000,jul-17-2021_1533
632,0.0,0.0,0.0,0.0,1,0.0,0.0,0.0,0.0,0.0,0.0,0.0,0.0,1.0,0.0,500,400000,0.004999999888241291,30,True,2.0,-0.3333333432674408,0.0,0.0,0.0,0.0,1.0,0.0,0.0,0.0,0.0,0.0,0.0,0.0,0.0,0.0,0.0,0.0,54.72000000000003,55,142851,360000,jul-17-2021_1533
633,0.0,0.0,0.0,0.0,1,0.0,0.0,0.0,0.0,0.0,0.0,0.0,0.0,1.0,0.0,500,400000,0.004999999888241291,30,True,2.0,0.0,0.0,0.0,0.0,0.0,1.0,0.0,0.0,0.0,0.0,0.0,0.0,0.0,0.0,0.478,21.78,88.53160000000001,51.432000000000016,59,76479,399999,jul-17-2021_1534
634,0.0,0.0,0.0,0.0,1,0.0,0.0,0.0,0.0,0.0,0.0,0.0,0.0,1.0,0.0,500,400000,0.004999999888241291,30,True,2.0,0.3333333432674408,0.0,0.0,0.0,0.0,1.0,0.0,0.0,0.0,0.0,0.0,0.0,0.0,0.0,0.388,21.05866673517227,44.952113547427714,46.22799999999995,53,88818,399999,jul-17-2021_1534
635,0.0,0.0,0.0,0.0,1,0.0,0.0,0.0,0.0,0.0,0.0,0.0,0.0,1.0,0.0,500,400000,0.004999999888241291,30,True,2.0,0.6666666865348816,0.0,0.0,0.0,0.0,1.0,0.0,0.0,0.0,0.0,0.0,0.0,0.0,0.0,0.504,27.126666806697845,54.864400032819134,47.47199999999998,50,54278,399999,jul-17-2021_1534
636,0.0,0.0,0.0,0.0,1,0.0,0.0,0.0,0.0,0.0,0.0,0.0,0.0,1.0,0.0,500,400000,0.004999999888241291,30,True,2.0,1.0,0.0,0.0,0.0,0.0,1.0,0.0,0.0,0.0,0.0,0.0,0.0,0.0,0.0,1.0,30.0,49.6,49.60000000000002,49,21655,250000,jul-17-2021_1534
637,0.0,0.0,0.0,0.0,1,0.0,0.0,0.0,0.0,0.0,0.0,0.0,0.0,1.0,0.0,500,400000,0.004999999888241291,30,True,0.0,-1.0,0.0,0.0,0.0,0.0,1.0,0.0,0.0,0.0,0.0,0.0,0.0,0.0,0.0,1.0,30.0,19.908,19.908000000000015,42,3760,90000,jul-17-2021_1534
638,0.0,0.0,0.0,0.0,1,0.0,0.0,0.0,0.0,0.0,0.0,0.0,0.0,1.0,0.0,500,400000,0.004999999888241291,30,True,0.0,-0.6666666865348816,0.0,0.0,0.0,0.0,1.0,0.0,0.0,0.0,0.0,0.0,0.0,0.0,0.0,1.0,30.0,37.048,37.048,48,10161,130000,jul-17-2021_1534
639,0.0,0.0,0.0,0.0,1,0.0,0.0,0.0,0.0,0.0,0.0,0.0,0.0,1.0,0.0,500,400000,0.004999999888241291,30,True,0.0,-0.3333333432674408,0.0,0.0,0.0,0.0,1.0,0.0,0.0,0.0,0.0,0.0,0.0,0.0,0.0,1.0,30.0,24.832,24.831999999999994,42,5412,100000,jul-17-2021_1534
640,0.0,0.0,0.0,0.0,1,0.0,0.0,0.0,0.0,0.0,0.0,0.0,0.0,1.0,0.0,500,400000,0.004999999888241291,30,True,0.0,0.0,0.0,0.0,0.0,0.0,1.0,0.0,0.0,0.0,0.0,0.0,0.0,0.0,0.0,1.0,30.0,20.988,20.988000000000056,41,5182,65000,jul-17-2021_1534
641,0.0,0.0,0.0,0.0,1,0.0,0.0,0.0,0.0,0.0,0.0,0.0,0.0,1.0,0.0,500,400000,0.004999999888241291,30,True,0.0,0.3333333432674408,0.0,0.0,0.0,0.0,1.0,0.0,0.0,0.0,0.0,0.0,0.0,0.0,0.0,1.0,30.0,21.204,21.20399999999995,42,5033,85000,jul-17-2021_1534
642,0.0,0.0,0.0,0.0,1,0.0,0.0,0.0,0.0,0.0,0.0,0.0,0.0,1.0,0.0,500,400000,0.004999999888241291,30,True,0.0,0.6666666865348816,0.0,0.0,0.0,0.0,1.0,0.0,0.0,0.0,0.0,0.0,0.0,0.0,0.0,1.0,30.0,22.428,22.427999999999997,42,4731,70000,jul-17-2021_1534
643,0.0,0.0,0.0,0.0,1,0.0,0.0,0.0,0.0,0.0,0.0,0.0,0.0,1.0,0.0,500,400000,0.004999999888241291,30,True,0.0,1.0,0.0,0.0,0.0,0.0,1.0,0.0,0.0,0.0,0.0,0.0,0.0,0.0,0.0,1.0,30.0,21.388,21.388000000000034,44,3911,100000,jul-17-2021_1534
644,0.0,0.0,0.0,0.0,1,0.0,0.0,0.0,0.0,0.0,0.0,0.0,0.0,1.0,0.0,500,400000,0.004999999888241291,30,True,0.3333333432674408,-1.0,0.0,0.0,0.0,0.0,1.0,0.0,0.0,0.0,0.0,0.0,0.0,0.0,0.0,1.0,30.0,40.612,40.611999999999966,50,11052,175000,jul-17-2021_1534
645,0.0,0.0,0.0,0.0,1,0.0,0.0,0.0,0.0,0.0,0.0,0.0,0.0,1.0,0.0,500,400000,0.004999999888241291,30,True,0.3333333432674408,-0.6666666865348816,0.0,0.0,0.0,0.0,1.0,0.0,0.0,0.0,0.0,0.0,0.0,0.0,0.0,1.0,30.0,41.696,41.696000000000026,52,16720,170000,jul-17-2021_1534
646,0.0,0.0,0.0,0.0,1,0.0,0.0,0.0,0.0,0.0,0.0,0.0,0.0,1.0,0.0,500,400000,0.004999999888241291,30,True,0.3333333432674408,-0.3333333432674408,0.0,0.0,0.0,0.0,1.0,0.0,0.0,0.0,0.0,0.0,0.0,0.0,0.0,1.0,30.0,29.168,29.168000000000006,44,7673,175000,jul-17-2021_1535
647,0.0,0.0,0.0,0.0,1,0.0,0.0,0.0,0.0,0.0,0.0,0.0,0.0,1.0,0.0,500,400000,0.004999999888241291,30,True,0.3333333432674408,0.0,0.0,0.0,0.0,0.0,1.0,0.0,0.0,0.0,0.0,0.0,0.0,0.0,0.0,1.0,30.0,36.24,36.24000000000001,45,10865,205000,jul-17-2021_1535
648,0.0,0.0,0.0,0.0,1,0.0,0.0,0.0,0.0,0.0,0.0,0.0,0.0,1.0,0.0,500,400000,0.004999999888241291,30,True,0.3333333432674408,0.3333333432674408,0.0,0.0,0.0,0.0,1.0,0.0,0.0,0.0,0.0,0.0,0.0,0.0,0.0,1.0,30.0,23.096,23.096000000000004,45,4935,90000,jul-17-2021_1535
649,0.0,0.0,0.0,0.0,1,0.0,0.0,0.0,0.0,0.0,0.0,0.0,0.0,1.0,0.0,500,400000,0.004999999888241291,30,True,0.3333333432674408,0.6666666865348816,0.0,0.0,0.0,0.0,1.0,0.0,0.0,0.0,0.0,0.0,0.0,0.0,0.0,1.0,30.0,29.692,29.692000000000007,47,7273,170000,jul-17-2021_1535
650,0.0,0.0,0.0,0.0,1,0.0,0.0,0.0,0.0,0.0,0.0,0.0,0.0,1.0,0.0,500,400000,0.004999999888241291,30,True,0.3333333432674408,1.0,0.0,0.0,0.0,0.0,1.0,0.0,0.0,0.0,0.0,0.0,0.0,0.0,0.0,1.0,30.0,18.584,18.583999999999946,41,3427,65000,jul-17-2021_1535
651,0.0,0.0,0.0,0.0,1,0.0,0.0,0.0,0.0,0.0,0.0,0.0,0.0,1.0,0.0,500,400000,0.004999999888241291,30,True,0.6666666865348816,-1.0,0.0,0.0,0.0,0.0,1.0,0.0,0.0,0.0,0.0,0.0,0.0,0.0,0.0,0.002,-0.023999998569488524,2.6234240019760127,56.10000000000002,58,124311,399999,jul-17-2021_1535
652,0.0,0.0,0.0,0.0,1,0.0,0.0,0.0,0.0,0.0,0.0,0.0,0.0,1.0,0.0,500,400000,0.004999999888241291,30,True,0.6666666865348816,-0.6666666865348816,0.0,0.0,0.0,0.0,1.0,0.0,0.0,0.0,0.0,0.0,0.0,0.0,0.0,1.0,30.0,44.644,44.644000000000005,50,20090,180000,jul-17-2021_1535
653,0.0,0.0,0.0,0.0,1,0.0,0.0,0.0,0.0,0.0,0.0,0.0,0.0,1.0,0.0,500,400000,0.004999999888241291,30,True,0.6666666865348816,-0.3333333432674408,0.0,0.0,0.0,0.0,1.0,0.0,0.0,0.0,0.0,0.0,0.0,0.0,0.0,1.0,30.0,46.228,46.22799999999995,56,14688,160000,jul-17-2021_1535
654,0.0,0.0,0.0,0.0,1,0.0,0.0,0.0,0.0,0.0,0.0,0.0,0.0,1.0,0.0,500,400000,0.004999999888241291,30,True,0.6666666865348816,0.0,0.0,0.0,0.0,0.0,1.0,0.0,0.0,0.0,0.0,0.0,0.0,0.0,0.0,1.0,30.0,32.08,32.08000000000004,48,8495,120000,jul-17-2021_1535
655,0.0,0.0,0.0,0.0,1,0.0,0.0,0.0,0.0,0.0,0.0,0.0,0.0,1.0,0.0,500,400000,0.004999999888241291,30,True,0.6666666865348816,0.3333333432674408,0.0,0.0,0.0,0.0,1.0,0.0,0.0,0.0,0.0,0.0,0.0,0.0,0.0,1.0,30.0,17.732,17.73199999999997,44,3823,130000,jul-17-2021_1535
656,0.0,0.0,0.0,0.0,1,0.0,0.0,0.0,0.0,0.0,0.0,0.0,0.0,1.0,0.0,500,400000,0.004999999888241291,30,True,0.6666666865348816,0.6666666865348816,0.0,0.0,0.0,0.0,1.0,0.0,0.0,0.0,0.0,0.0,0.0,0.0,0.0,1.0,30.0,41.148,41.148000000000025,51,12704,175000,jul-17-2021_1535
657,0.0,0.0,0.0,0.0,1,0.0,0.0,0.0,0.0,0.0,0.0,0.0,0.0,1.0,0.0,500,400000,0.004999999888241291,30,True,0.6666666865348816,1.0,0.0,0.0,0.0,0.0,1.0,0.0,0.0,0.0,0.0,0.0,0.0,0.0,0.0,1.0,30.0,32.172,32.172000000000025,47,7747,140000,jul-17-2021_1535
658,0.0,0.0,0.0,0.0,1,0.0,0.0,0.0,0.0,0.0,0.0,0.0,0.0,1.0,0.0,500,400000,0.004999999888241291,30,True,1.0,-1.0,0.0,0.0,0.0,0.0,1.0,0.0,0.0,0.0,0.0,0.0,0.0,0.0,0.0,0.0,0.0,0.0,50.16399999999999,48,38211,100000,jul-17-2021_1535
659,0.0,0.0,0.0,0.0,1,0.0,0.0,0.0,0.0,0.0,0.0,0.0,0.0,1.0,0.0,500,400000,0.004999999888241291,30,True,1.0,-0.6666666865348816,0.0,0.0,0.0,0.0,1.0,0.0,0.0,0.0,0.0,0.0,0.0,0.0,0.0,0.338,6.344666540980339,33.10765106643886,48.72000000000003,51,70276,399999,jul-17-2021_1536
660,0.0,0.0,0.0,0.0,1,0.0,0.0,0.0,0.0,0.0,0.0,0.0,0.0,1.0,0.0,500,400000,0.004999999888241291,30,True,1.0,-0.3333333432674408,0.0,0.0,0.0,0.0,1.0,0.0,0.0,0.0,0.0,0.0,0.0,0.0,0.0,1.0,30.0,44.716,44.71600000000001,50,14734,190000,jul-17-2021_1536
661,0.0,0.0,0.0,0.0,1,0.0,0.0,0.0,0.0,0.0,0.0,0.0,0.0,1.0,0.0,500,400000,0.004999999888241291,30,True,1.0,0.0,0.0,0.0,0.0,0.0,1.0,0.0,0.0,0.0,0.0,0.0,0.0,0.0,0.0,1.0,30.0,29.892,29.892000000000053,45,6747,245000,jul-17-2021_1536
662,0.0,0.0,0.0,0.0,1,0.0,0.0,0.0,0.0,0.0,0.0,0.0,0.0,1.0,0.0,500,400000,0.004999999888241291,30,True,1.0,0.3333333432674408,0.0,0.0,0.0,0.0,1.0,0.0,0.0,0.0,0.0,0.0,0.0,0.0,0.0,1.0,30.0,47.98,47.98000000000002,55,22590,375000,jul-17-2021_1536
663,0.0,0.0,0.0,0.0,1,0.0,0.0,0.0,0.0,0.0,0.0,0.0,0.0,1.0,0.0,500,400000,0.004999999888241291,30,True,1.0,0.6666666865348816,0.0,0.0,0.0,0.0,1.0,0.0,0.0,0.0,0.0,0.0,0.0,0.0,0.0,1.0,30.0,39.264,39.26400000000001,50,13439,165000,jul-17-2021_1536
664,0.0,0.0,0.0,0.0,1,0.0,0.0,0.0,0.0,0.0,0.0,0.0,0.0,1.0,0.0,500,400000,0.004999999888241291,30,True,1.0,1.0,0.0,0.0,0.0,0.0,1.0,0.0,0.0,0.0,0.0,0.0,0.0,0.0,0.0,1.0,30.0,38.044,38.04399999999998,53,12543,160000,jul-17-2021_1536
665,0.0,0.0,0.0,0.0,1,0.0,0.0,0.0,0.0,0.0,0.0,0.0,0.0,1.0,0.0,500,400000,0.004999999888241291,30,True,1.3333333730697632,-1.0,0.0,0.0,0.0,0.0,1.0,0.0,0.0,0.0,0.0,0.0,0.0,0.0,0.0,1.0,30.0,43.312,43.31200000000001,55,15959,275000,jul-17-2021_1536
666,0.0,0.0,0.0,0.0,1,0.0,0.0,0.0,0.0,0.0,0.0,0.0,0.0,1.0,0.0,500,400000,0.004999999888241291,30,True,1.3333333730697632,-0.6666666865348816,0.0,0.0,0.0,0.0,1.0,0.0,0.0,0.0,0.0,0.0,0.0,0.0,0.0,0.0,0.0,0.0,55.976,54,72198,245000,jul-17-2021_1536
667,0.0,0.0,0.0,0.0,1,0.0,0.0,0.0,0.0,0.0,0.0,0.0,0.0,1.0,0.0,500,400000,0.004999999888241291,30,True,1.3333333730697632,-0.3333333432674408,0.0,0.0,0.0,0.0,1.0,0.0,0.0,0.0,0.0,0.0,0.0,0.0,0.0,0.05,1.4680000398159028,6.136087533858837,51.70799999999997,53,144442,399999,jul-17-2021_1537
668,0.0,0.0,0.0,0.0,1,0.0,0.0,0.0,0.0,0.0,0.0,0.0,0.0,1.0,0.0,500,400000,0.004999999888241291,30,True,1.3333333730697632,0.0,0.0,0.0,0.0,0.0,1.0,0.0,0.0,0.0,0.0,0.0,0.0,0.0,0.0,1.0,30.0,49.436,49.436000000000035,53,27430,345000,jul-17-2021_1537
669,0.0,0.0,0.0,0.0,1,0.0,0.0,0.0,0.0,0.0,0.0,0.0,0.0,1.0,0.0,500,400000,0.004999999888241291,30,True,1.3333333730697632,0.3333333432674408,0.0,0.0,0.0,0.0,1.0,0.0,0.0,0.0,0.0,0.0,0.0,0.0,0.0,1.0,30.0,26.056,26.05600000000004,44,6118,120000,jul-17-2021_1537
670,0.0,0.0,0.0,0.0,1,0.0,0.0,0.0,0.0,0.0,0.0,0.0,0.0,1.0,0.0,500,400000,0.004999999888241291,30,True,1.3333333730697632,0.6666666865348816,0.0,0.0,0.0,0.0,1.0,0.0,0.0,0.0,0.0,0.0,0.0,0.0,0.0,1.0,30.0,38.548,38.548,47,12563,175000,jul-17-2021_1537
671,0.0,0.0,0.0,0.0,1,0.0,0.0,0.0,0.0,0.0,0.0,0.0,0.0,1.0,0.0,500,400000,0.004999999888241291,30,True,1.3333333730697632,1.0,0.0,0.0,0.0,0.0,1.0,0.0,0.0,0.0,0.0,0.0,0.0,0.0,0.0,1.0,30.0,40.412,40.412000000000035,48,17035,255000,jul-17-2021_1537
672,0.0,0.0,0.0,0.0,1,0.0,0.0,0.0,0.0,0.0,0.0,0.0,0.0,1.0,0.0,500,400000,0.004999999888241291,30,True,1.6666666269302368,-1.0,0.0,0.0,0.0,0.0,1.0,0.0,0.0,0.0,0.0,0.0,0.0,0.0,0.0,0.0,0.0,0.0,55.039999999999964,54,168012,390000,jul-17-2021_1537
673,0.0,0.0,0.0,0.0,1,0.0,0.0,0.0,0.0,0.0,0.0,0.0,0.0,1.0,0.0,500,400000,0.004999999888241291,30,True,1.6666666269302368,-0.6666666865348816,0.0,0.0,0.0,0.0,1.0,0.0,0.0,0.0,0.0,0.0,0.0,0.0,0.0,0.0,0.0,0.0,52.039999999999964,50,63744,185000,jul-17-2021_1538
674,0.0,0.0,0.0,0.0,1,0.0,0.0,0.0,0.0,0.0,0.0,0.0,0.0,1.0,0.0,500,400000,0.004999999888241291,30,True,1.6666666269302368,-0.3333333432674408,0.0,0.0,0.0,0.0,1.0,0.0,0.0,0.0,0.0,0.0,0.0,0.0,0.0,0.7,23.334666375100614,86.6271040700804,55.115999999999985,55,62352,399999,jul-17-2021_1538
675,0.0,0.0,0.0,0.0,1,0.0,0.0,0.0,0.0,0.0,0.0,0.0,0.0,1.0,0.0,500,400000,0.004999999888241291,30,True,1.6666666269302368,0.0,0.0,0.0,0.0,0.0,1.0,0.0,0.0,0.0,0.0,0.0,0.0,0.0,0.0,1.0,30.0,52.98,52.98000000000002,55,45954,280000,jul-17-2021_1538
676,0.0,0.0,0.0,0.0,1,0.0,0.0,0.0,0.0,0.0,0.0,0.0,0.0,1.0,0.0,500,400000,0.004999999888241291,30,True,1.6666666269302368,0.3333333432674408,0.0,0.0,0.0,0.0,1.0,0.0,0.0,0.0,0.0,0.0,0.0,0.0,0.0,0.696,26.94799982410669,61.675958739660274,52.36400000000003,52,43850,399999,jul-17-2021_1538
677,0.0,0.0,0.0,0.0,1,0.0,0.0,0.0,0.0,0.0,0.0,0.0,0.0,1.0,0.0,500,400000,0.004999999888241291,30,True,1.6666666269302368,0.6666666865348816,0.0,0.0,0.0,0.0,1.0,0.0,0.0,0.0,0.0,0.0,0.0,0.0,0.0,0.754,29.70933322930336,71.51462047143447,55.587999999999965,51,27076,399999,jul-17-2021_1538
678,0.0,0.0,0.0,0.0,1,0.0,0.0,0.0,0.0,0.0,0.0,0.0,0.0,1.0,0.0,500,400000,0.004999999888241291,30,True,1.6666666269302368,1.0,0.0,0.0,0.0,0.0,1.0,0.0,0.0,0.0,0.0,0.0,0.0,0.0,0.0,1.0,30.0,40.036,40.035999999999945,49,14790,185000,jul-17-2021_1538
679,0.0,0.0,0.0,0.0,1,0.0,0.0,0.0,0.0,0.0,0.0,0.0,0.0,1.0,0.0,500,400000,0.004999999888241291,30,True,2.0,-1.0,0.0,0.0,0.0,0.0,1.0,0.0,0.0,0.0,0.0,0.0,0.0,0.0,0.0,0.044,1.408,44.09353600000001,58.03200000000004,56,150653,399999,jul-17-2021_1539
680,0.0,0.0,0.0,0.0,1,0.0,0.0,0.0,0.0,0.0,0.0,0.0,0.0,1.0,0.0,500,400000,0.004999999888241291,30,True,2.0,-0.6666666865348816,0.0,0.0,0.0,0.0,1.0,0.0,0.0,0.0,0.0,0.0,0.0,0.0,0.0,0.0,0.0,0.0,53.535999999999945,52,73303,195000,jul-17-2021_1539
681,0.0,0.0,0.0,0.0,1,0.0,0.0,0.0,0.0,0.0,0.0,0.0,0.0,1.0,0.0,500,400000,0.004999999888241291,30,True,2.0,-0.3333333432674408,0.0,0.0,0.0,0.0,1.0,0.0,0.0,0.0,0.0,0.0,0.0,0.0,0.0,0.0,0.0,0.0,55.152000000000044,50,85791,275000,jul-17-2021_1539
682,0.0,0.0,0.0,0.0,1,0.0,0.0,0.0,0.0,0.0,0.0,0.0,0.0,1.0,0.0,500,400000,0.004999999888241291,30,True,2.0,0.0,0.0,0.0,0.0,0.0,1.0,0.0,0.0,0.0,0.0,0.0,0.0,0.0,0.0,0.562,24.156,103.951664,52.851999999999975,63,124877,399999,jul-17-2021_1539
683,0.0,0.0,0.0,0.0,1,0.0,0.0,0.0,0.0,0.0,0.0,0.0,0.0,1.0,0.0,500,400000,0.004999999888241291,30,True,2.0,0.3333333432674408,0.0,0.0,0.0,0.0,1.0,0.0,0.0,0.0,0.0,0.0,0.0,0.0,0.0,0.654,28.343333395540714,101.32145518588848,60.148000000000025,58,69357,399999,jul-17-2021_1540
684,0.0,0.0,0.0,0.0,1,0.0,0.0,0.0,0.0,0.0,0.0,0.0,0.0,1.0,0.0,500,400000,0.004999999888241291,30,True,2.0,0.6666666865348816,0.0,0.0,0.0,0.0,1.0,0.0,0.0,0.0,0.0,0.0,0.0,0.0,0.0,0.582,28.952000134944917,80.94969566661202,54.0,54,50768,399999,jul-17-2021_1540
685,0.0,0.0,0.0,0.0,1,0.0,0.0,0.0,0.0,0.0,0.0,0.0,0.0,1.0,0.0,500,400000,0.004999999888241291,30,True,2.0,1.0,0.0,0.0,0.0,0.0,1.0,0.0,0.0,0.0,0.0,0.0,0.0,0.0,0.0,0.792,33.248,113.342496,56.827999999999975,57,55356,399999,jul-17-2021_1540
686,0.0,0.0,0.0,0.0,1,0.0,0.0,0.0,0.0,0.0,0.0,0.0,0.0,1.0,0.0,500,400000,0.004999999888241291,30,True,0.0,-1.0,0.0,0.0,0.0,0.0,1.0,0.0,0.0,0.0,0.0,0.0,0.0,0.0,0.0,1.0,30.0,51.46,51.460000000000036,51,42708,230000,jul-17-2021_1540
687,0.0,0.0,0.0,0.0,1,0.0,0.0,0.0,0.0,0.0,0.0,0.0,0.0,1.0,0.0,500,400000,0.004999999888241291,30,True,0.0,-0.6666666865348816,0.0,0.0,0.0,0.0,1.0,0.0,0.0,0.0,0.0,0.0,0.0,0.0,0.0,1.0,30.0,36.864,36.86400000000003,49,13004,115000,jul-17-2021_1540
688,0.0,0.0,0.0,0.0,1,0.0,0.0,0.0,0.0,0.0,0.0,0.0,0.0,1.0,0.0,500,400000,0.004999999888241291,30,True,0.0,-0.3333333432674408,0.0,0.0,0.0,0.0,1.0,0.0,0.0,0.0,0.0,0.0,0.0,0.0,0.0,1.0,30.0,28.468,28.46799999999996,46,6908,105000,jul-17-2021_1540
689,0.0,0.0,0.0,0.0,1,0.0,0.0,0.0,0.0,0.0,0.0,0.0,0.0,1.0,0.0,500,400000,0.004999999888241291,30,True,0.0,0.0,0.0,0.0,0.0,0.0,1.0,0.0,0.0,0.0,0.0,0.0,0.0,0.0,0.0,1.0,30.0,23.252,23.251999999999953,46,5820,135000,jul-17-2021_1540
690,0.0,0.0,0.0,0.0,1,0.0,0.0,0.0,0.0,0.0,0.0,0.0,0.0,1.0,0.0,500,400000,0.004999999888241291,30,True,0.0,0.3333333432674408,0.0,0.0,0.0,0.0,1.0,0.0,0.0,0.0,0.0,0.0,0.0,0.0,0.0,1.0,30.0,28.504,28.50400000000002,49,7260,135000,jul-17-2021_1540
691,0.0,0.0,0.0,0.0,1,0.0,0.0,0.0,0.0,0.0,0.0,0.0,0.0,1.0,0.0,500,400000,0.004999999888241291,30,True,0.0,0.6666666865348816,0.0,0.0,0.0,0.0,1.0,0.0,0.0,0.0,0.0,0.0,0.0,0.0,0.0,1.0,30.0,21.372,21.371999999999957,42,4710,100000,jul-17-2021_1540
692,0.0,0.0,0.0,0.0,1,0.0,0.0,0.0,0.0,0.0,0.0,0.0,0.0,1.0,0.0,500,400000,0.004999999888241291,30,True,0.0,1.0,0.0,0.0,0.0,0.0,1.0,0.0,0.0,0.0,0.0,0.0,0.0,0.0,0.0,1.0,30.0,20.104,20.104000000000042,40,3685,100000,jul-17-2021_1540
693,0.0,0.0,0.0,0.0,1,0.0,0.0,0.0,0.0,0.0,0.0,0.0,0.0,1.0,0.0,500,400000,0.004999999888241291,30,True,0.3333333432674408,-1.0,0.0,0.0,0.0,0.0,1.0,0.0,0.0,0.0,0.0,0.0,0.0,0.0,0.0,1.0,30.0,58.316,58.31600000000003,55,34366,275000,jul-17-2021_1541
694,0.0,0.0,0.0,0.0,1,0.0,0.0,0.0,0.0,0.0,0.0,0.0,0.0,1.0,0.0,500,400000,0.004999999888241291,30,True,0.3333333432674408,-0.6666666865348816,0.0,0.0,0.0,0.0,1.0,0.0,0.0,0.0,0.0,0.0,0.0,0.0,0.0,1.0,30.0,37.468,37.46799999999996,47,9961,130000,jul-17-2021_1541
695,0.0,0.0,0.0,0.0,1,0.0,0.0,0.0,0.0,0.0,0.0,0.0,0.0,1.0,0.0,500,400000,0.004999999888241291,30,True,0.3333333432674408,-0.3333333432674408,0.0,0.0,0.0,0.0,1.0,0.0,0.0,0.0,0.0,0.0,0.0,0.0,0.0,1.0,30.0,17.768,17.76800000000003,42,3596,80000,jul-17-2021_1541
696,0.0,0.0,0.0,0.0,1,0.0,0.0,0.0,0.0,0.0,0.0,0.0,0.0,1.0,0.0,500,400000,0.004999999888241291,30,True,0.3333333432674408,0.0,0.0,0.0,0.0,0.0,1.0,0.0,0.0,0.0,0.0,0.0,0.0,0.0,0.0,1.0,30.0,18.008,18.008000000000038,42,4204,75000,jul-17-2021_1541
697,0.0,0.0,0.0,0.0,1,0.0,0.0,0.0,0.0,0.0,0.0,0.0,0.0,1.0,0.0,500,400000,0.004999999888241291,30,True,0.3333333432674408,0.3333333432674408,0.0,0.0,0.0,0.0,1.0,0.0,0.0,0.0,0.0,0.0,0.0,0.0,0.0,1.0,30.0,30.812,30.812000000000012,46,6995,140000,jul-17-2021_1541
698,0.0,0.0,0.0,0.0,1,0.0,0.0,0.0,0.0,0.0,0.0,0.0,0.0,1.0,0.0,500,400000,0.004999999888241291,30,True,0.3333333432674408,0.6666666865348816,0.0,0.0,0.0,0.0,1.0,0.0,0.0,0.0,0.0,0.0,0.0,0.0,0.0,1.0,30.0,23.52,23.519999999999982,43,5335,80000,jul-17-2021_1541
699,0.0,0.0,0.0,0.0,1,0.0,0.0,0.0,0.0,0.0,0.0,0.0,0.0,1.0,0.0,500,400000,0.004999999888241291,30,True,0.3333333432674408,1.0,0.0,0.0,0.0,0.0,1.0,0.0,0.0,0.0,0.0,0.0,0.0,0.0,0.0,1.0,30.0,27.784,27.783999999999992,49,6323,125000,jul-17-2021_1541
700,0.0,0.0,0.0,0.0,1,0.0,0.0,0.0,0.0,0.0,0.0,0.0,0.0,1.0,0.0,500,400000,0.004999999888241291,30,True,0.6666666865348816,-1.0,0.0,0.0,0.0,0.0,1.0,0.0,0.0,0.0,0.0,0.0,0.0,0.0,0.0,1.0,30.0,51.672,51.672000000000025,52,54894,370000,jul-17-2021_1541
701,0.0,0.0,0.0,0.0,1,0.0,0.0,0.0,0.0,0.0,0.0,0.0,0.0,1.0,0.0,500,400000,0.004999999888241291,30,True,0.6666666865348816,-0.6666666865348816,0.0,0.0,0.0,0.0,1.0,0.0,0.0,0.0,0.0,0.0,0.0,0.0,0.0,1.0,30.0,41.236,41.23599999999999,52,14554,160000,jul-17-2021_1541
702,0.0,0.0,0.0,0.0,1,0.0,0.0,0.0,0.0,0.0,0.0,0.0,0.0,1.0,0.0,500,400000,0.004999999888241291,30,True,0.6666666865348816,-0.3333333432674408,0.0,0.0,0.0,0.0,1.0,0.0,0.0,0.0,0.0,0.0,0.0,0.0,0.0,1.0,30.0,43.952,43.952,52,16499,180000,jul-17-2021_1541
703,0.0,0.0,0.0,0.0,1,0.0,0.0,0.0,0.0,0.0,0.0,0.0,0.0,1.0,0.0,500,400000,0.004999999888241291,30,True,0.6666666865348816,0.0,0.0,0.0,0.0,0.0,1.0,0.0,0.0,0.0,0.0,0.0,0.0,0.0,0.0,1.0,30.0,35.316,35.31600000000003,47,9663,135000,jul-17-2021_1541
704,0.0,0.0,0.0,0.0,1,0.0,0.0,0.0,0.0,0.0,0.0,0.0,0.0,1.0,0.0,500,400000,0.004999999888241291,30,True,0.6666666865348816,0.3333333432674408,0.0,0.0,0.0,0.0,1.0,0.0,0.0,0.0,0.0,0.0,0.0,0.0,0.0,1.0,30.0,28.848,28.847999999999956,47,7432,85000,jul-17-2021_1541
705,0.0,0.0,0.0,0.0,1,0.0,0.0,0.0,0.0,0.0,0.0,0.0,0.0,1.0,0.0,500,400000,0.004999999888241291,30,True,0.6666666865348816,0.6666666865348816,0.0,0.0,0.0,0.0,1.0,0.0,0.0,0.0,0.0,0.0,0.0,0.0,0.0,1.0,30.0,31.232,31.23199999999997,49,7522,120000,jul-17-2021_1541
706,0.0,0.0,0.0,0.0,1,0.0,0.0,0.0,0.0,0.0,0.0,0.0,0.0,1.0,0.0,500,400000,0.004999999888241291,30,True,0.6666666865348816,1.0,0.0,0.0,0.0,0.0,1.0,0.0,0.0,0.0,0.0,0.0,0.0,0.0,0.0,1.0,30.0,31.772,31.772000000000048,45,8546,150000,jul-17-2021_1541
707,0.0,0.0,0.0,0.0,1,0.0,0.0,0.0,0.0,0.0,0.0,0.0,0.0,1.0,0.0,500,400000,0.004999999888241291,30,True,1.0,-1.0,0.0,0.0,0.0,0.0,1.0,0.0,0.0,0.0,0.0,0.0,0.0,0.0,0.0,1.0,30.0,46.428,46.428,51,18985,230000,jul-17-2021_1541
708,0.0,0.0,0.0,0.0,1,0.0,0.0,0.0,0.0,0.0,0.0,0.0,0.0,1.0,0.0,500,400000,0.004999999888241291,30,True,1.0,-0.6666666865348816,0.0,0.0,0.0,0.0,1.0,0.0,0.0,0.0,0.0,0.0,0.0,0.0,0.0,1.0,30.0,26.828,26.827999999999975,43,6188,115000,jul-17-2021_1541
709,0.0,0.0,0.0,0.0,1,0.0,0.0,0.0,0.0,0.0,0.0,0.0,0.0,1.0,0.0,500,400000,0.004999999888241291,30,True,1.0,-0.3333333432674408,0.0,0.0,0.0,0.0,1.0,0.0,0.0,0.0,0.0,0.0,0.0,0.0,0.0,1.0,30.0,38.82,38.82000000000005,48,10402,210000,jul-17-2021_1541
710,0.0,0.0,0.0,0.0,1,0.0,0.0,0.0,0.0,0.0,0.0,0.0,0.0,1.0,0.0,500,400000,0.004999999888241291,30,True,1.0,0.0,0.0,0.0,0.0,0.0,1.0,0.0,0.0,0.0,0.0,0.0,0.0,0.0,0.0,1.0,30.0,31.244,31.244000000000028,48,8176,135000,jul-17-2021_1542
711,0.0,0.0,0.0,0.0,1,0.0,0.0,0.0,0.0,0.0,0.0,0.0,0.0,1.0,0.0,500,400000,0.004999999888241291,30,True,1.0,0.3333333432674408,0.0,0.0,0.0,0.0,1.0,0.0,0.0,0.0,0.0,0.0,0.0,0.0,0.0,1.0,30.0,44.24,44.24000000000001,55,17159,185000,jul-17-2021_1542
712,0.0,0.0,0.0,0.0,1,0.0,0.0,0.0,0.0,0.0,0.0,0.0,0.0,1.0,0.0,500,400000,0.004999999888241291,30,True,1.0,0.6666666865348816,0.0,0.0,0.0,0.0,1.0,0.0,0.0,0.0,0.0,0.0,0.0,0.0,0.0,1.0,30.0,31.02,31.019999999999982,47,9050,125000,jul-17-2021_1542
713,0.0,0.0,0.0,0.0,1,0.0,0.0,0.0,0.0,0.0,0.0,0.0,0.0,1.0,0.0,500,400000,0.004999999888241291,30,True,1.0,1.0,0.0,0.0,0.0,0.0,1.0,0.0,0.0,0.0,0.0,0.0,0.0,0.0,0.0,1.0,30.0,34.732,34.73199999999997,48,10322,125000,jul-17-2021_1542
714,0.0,0.0,0.0,0.0,1,0.0,0.0,0.0,0.0,0.0,0.0,0.0,0.0,1.0,0.0,500,400000,0.004999999888241291,30,True,1.3333333730697632,-1.0,0.0,0.0,0.0,0.0,1.0,0.0,0.0,0.0,0.0,0.0,0.0,0.0,0.0,0.0,0.0,0.0,53.51999999999998,54,110886,300000,jul-17-2021_1542
715,0.0,0.0,0.0,0.0,1,0.0,0.0,0.0,0.0,0.0,0.0,0.0,0.0,1.0,0.0,500,400000,0.004999999888241291,30,True,1.3333333730697632,-0.6666666865348816,0.0,0.0,0.0,0.0,1.0,0.0,0.0,0.0,0.0,0.0,0.0,0.0,0.0,1.0,30.0,49.748,49.74800000000005,55,21022,350000,jul-17-2021_1542
716,0.0,0.0,0.0,0.0,1,0.0,0.0,0.0,0.0,0.0,0.0,0.0,0.0,1.0,0.0,500,400000,0.004999999888241291,30,True,1.3333333730697632,-0.3333333432674408,0.0,0.0,0.0,0.0,1.0,0.0,0.0,0.0,0.0,0.0,0.0,0.0,0.0,0.02,0.4940000132918358,1.64907522277766,49.24400000000003,49,127306,399999,jul-17-2021_1542
717,0.0,0.0,0.0,0.0,1,0.0,0.0,0.0,0.0,0.0,0.0,0.0,0.0,1.0,0.0,500,400000,0.004999999888241291,30,True,1.3333333730697632,0.0,0.0,0.0,0.0,0.0,1.0,0.0,0.0,0.0,0.0,0.0,0.0,0.0,0.0,0.752,24.45466687989235,51.846614416599216,56.16399999999999,54,63960,399999,jul-17-2021_1543
718,0.0,0.0,0.0,0.0,1,0.0,0.0,0.0,0.0,0.0,0.0,0.0,0.0,1.0,0.0,500,400000,0.004999999888241291,30,True,1.3333333730697632,0.3333333432674408,0.0,0.0,0.0,0.0,1.0,0.0,0.0,0.0,0.0,0.0,0.0,0.0,0.0,1.0,30.0,41.692,41.69200000000001,49,12006,125000,jul-17-2021_1543
719,0.0,0.0,0.0,0.0,1,0.0,0.0,0.0,0.0,0.0,0.0,0.0,0.0,1.0,0.0,500,400000,0.004999999888241291,30,True,1.3333333730697632,0.6666666865348816,0.0,0.0,0.0,0.0,1.0,0.0,0.0,0.0,0.0,0.0,0.0,0.0,0.0,1.0,30.0,44.52,44.51999999999998,50,15934,230000,jul-17-2021_1543
720,0.0,0.0,0.0,0.0,1,0.0,0.0,0.0,0.0,0.0,0.0,0.0,0.0,1.0,0.0,500,400000,0.004999999888241291,30,True,1.3333333730697632,1.0,0.0,0.0,0.0,0.0,1.0,0.0,0.0,0.0,0.0,0.0,0.0,0.0,0.0,1.0,30.0,49.368,49.36800000000005,53,19082,310000,jul-17-2021_1543
721,0.0,0.0,0.0,0.0,1,0.0,0.0,0.0,0.0,0.0,0.0,0.0,0.0,1.0,0.0,500,400000,0.004999999888241291,30,True,1.6666666269302368,-1.0,0.0,0.0,0.0,0.0,1.0,0.0,0.0,0.0,0.0,0.0,0.0,0.0,0.0,0.0,0.0,0.0,49.460000000000036,52,99652,270000,jul-17-2021_1543
722,0.0,0.0,0.0,0.0,1,0.0,0.0,0.0,0.0,0.0,0.0,0.0,0.0,1.0,0.0,500,400000,0.004999999888241291,30,True,1.6666666269302368,-0.6666666865348816,0.0,0.0,0.0,0.0,1.0,0.0,0.0,0.0,0.0,0.0,0.0,0.0,0.0,0.0,0.0,0.0,53.21199999999999,50,121654,385000,jul-17-2021_1543
723,0.0,0.0,0.0,0.0,1,0.0,0.0,0.0,0.0,0.0,0.0,0.0,0.0,1.0,0.0,500,400000,0.004999999888241291,30,True,1.6666666269302368,-0.3333333432674408,0.0,0.0,0.0,0.0,1.0,0.0,0.0,0.0,0.0,0.0,0.0,0.0,0.0,0.184,6.883999797642231,24.029654535060313,56.99199999999996,57,104813,399999,jul-17-2021_1544
724,0.0,0.0,0.0,0.0,1,0.0,0.0,0.0,0.0,0.0,0.0,0.0,0.0,1.0,0.0,500,400000,0.004999999888241291,30,True,1.6666666269302368,0.0,0.0,0.0,0.0,0.0,1.0,0.0,0.0,0.0,0.0,0.0,0.0,0.0,0.0,0.332,13.985999752283096,33.315579850724475,55.73599999999999,52,98792,399999,jul-17-2021_1544
725,0.0,0.0,0.0,0.0,1,0.0,0.0,0.0,0.0,0.0,0.0,0.0,0.0,1.0,0.0,500,400000,0.004999999888241291,30,True,1.6666666269302368,0.3333333432674408,0.0,0.0,0.0,0.0,1.0,0.0,0.0,0.0,0.0,0.0,0.0,0.0,0.0,0.344,17.007999807775022,31.504824308885453,55.86400000000003,59,88469,399999,jul-17-2021_1544
726,0.0,0.0,0.0,0.0,1,0.0,0.0,0.0,0.0,0.0,0.0,0.0,0.0,1.0,0.0,500,400000,0.004999999888241291,30,True,1.6666666269302368,0.6666666865348816,0.0,0.0,0.0,0.0,1.0,0.0,0.0,0.0,0.0,0.0,0.0,0.0,0.0,0.8,30.19999990940094,70.08932950393377,50.22799999999995,52,43003,399999,jul-17-2021_1544
727,0.0,0.0,0.0,0.0,1,0.0,0.0,0.0,0.0,0.0,0.0,0.0,0.0,1.0,0.0,500,400000,0.004999999888241291,30,True,1.6666666269302368,1.0,0.0,0.0,0.0,0.0,1.0,0.0,0.0,0.0,0.0,0.0,0.0,0.0,0.0,1.0,30.0,37.128,37.12800000000004,54,11579,225000,jul-17-2021_1544
728,0.0,0.0,0.0,0.0,1,0.0,0.0,0.0,0.0,0.0,0.0,0.0,0.0,1.0,0.0,500,400000,0.004999999888241291,30,True,2.0,-1.0,0.0,0.0,0.0,0.0,1.0,0.0,0.0,0.0,0.0,0.0,0.0,0.0,0.0,0.0,0.0,0.0,48.24000000000001,49,59584,200000,jul-17-2021_1545
729,0.0,0.0,0.0,0.0,1,0.0,0.0,0.0,0.0,0.0,0.0,0.0,0.0,1.0,0.0,500,400000,0.004999999888241291,30,True,2.0,-0.6666666865348816,0.0,0.0,0.0,0.0,1.0,0.0,0.0,0.0,0.0,0.0,0.0,0.0,0.0,0.0,0.0,0.0,55.936000000000035,52,116605,295000,jul-17-2021_1545
730,0.0,0.0,0.0,0.0,1,0.0,0.0,0.0,0.0,0.0,0.0,0.0,0.0,1.0,0.0,500,400000,0.004999999888241291,30,True,2.0,-0.3333333432674408,0.0,0.0,0.0,0.0,1.0,0.0,0.0,0.0,0.0,0.0,0.0,0.0,0.0,0.0,0.0,0.0,56.51999999999998,57,111781,290000,jul-17-2021_1545
731,0.0,0.0,0.0,0.0,1,0.0,0.0,0.0,0.0,0.0,0.0,0.0,0.0,1.0,0.0,500,400000,0.004999999888241291,30,True,2.0,0.0,0.0,0.0,0.0,0.0,1.0,0.0,0.0,0.0,0.0,0.0,0.0,0.0,0.0,0.512,22.552,90.31929600000001,47.94799999999998,52,88931,399999,jul-17-2021_1545
732,0.0,0.0,0.0,0.0,1,0.0,0.0,0.0,0.0,0.0,0.0,0.0,0.0,1.0,0.0,500,400000,0.004999999888241291,30,True,2.0,0.3333333432674408,0.0,0.0,0.0,0.0,1.0,0.0,0.0,0.0,0.0,0.0,0.0,0.0,0.0,0.67,28.792000062584876,110.21229110774718,56.067999999999984,54,55322,399999,jul-17-2021_1546
733,0.0,0.0,0.0,0.0,1,0.0,0.0,0.0,0.0,0.0,0.0,0.0,0.0,1.0,0.0,500,400000,0.004999999888241291,30,True,2.0,0.6666666865348816,0.0,0.0,0.0,0.0,1.0,0.0,0.0,0.0,0.0,0.0,0.0,0.0,0.0,1.0,30.0,52.496,52.49599999999998,55,55181,365000,jul-17-2021_1546
734,0.0,0.0,0.0,0.0,1,0.0,0.0,0.0,0.0,0.0,0.0,0.0,0.0,1.0,0.0,500,400000,0.004999999888241291,30,True,2.0,1.0,0.0,0.0,0.0,0.0,1.0,0.0,0.0,0.0,0.0,0.0,0.0,0.0,0.0,0.512,29.742,62.227436,51.024,54,41765,399999,jul-17-2021_1546
735,0.0,0.0,0.0,0.0,1,0.0,0.0,0.0,0.0,0.0,0.0,0.0,0.0,1.0,0.0,500,400000,0.004999999888241291,30,True,0.0,-1.0,0.0,0.0,0.0,0.0,1.0,0.0,0.0,0.0,0.0,0.0,0.0,0.0,0.0,1.0,30.0,49.62,49.620000000000005,50,22852,205000,jul-17-2021_1546
736,0.0,0.0,0.0,0.0,1,0.0,0.0,0.0,0.0,0.0,0.0,0.0,0.0,1.0,0.0,500,400000,0.004999999888241291,30,True,0.0,-0.6666666865348816,0.0,0.0,0.0,0.0,1.0,0.0,0.0,0.0,0.0,0.0,0.0,0.0,0.0,1.0,30.0,35.164,35.16399999999999,47,8675,175000,jul-17-2021_1546
737,0.0,0.0,0.0,0.0,1,0.0,0.0,0.0,0.0,0.0,0.0,0.0,0.0,1.0,0.0,500,400000,0.004999999888241291,30,True,0.0,-0.3333333432674408,0.0,0.0,0.0,0.0,1.0,0.0,0.0,0.0,0.0,0.0,0.0,0.0,0.0,1.0,30.0,26.332,26.331999999999994,42,5820,105000,jul-17-2021_1546
738,0.0,0.0,0.0,0.0,1,0.0,0.0,0.0,0.0,0.0,0.0,0.0,0.0,1.0,0.0,500,400000,0.004999999888241291,30,True,0.0,0.0,0.0,0.0,0.0,0.0,1.0,0.0,0.0,0.0,0.0,0.0,0.0,0.0,0.0,1.0,30.0,31.396,31.395999999999958,44,8147,155000,jul-17-2021_1546
739,0.0,0.0,0.0,0.0,1,0.0,0.0,0.0,0.0,0.0,0.0,0.0,0.0,1.0,0.0,500,400000,0.004999999888241291,30,True,0.0,0.3333333432674408,0.0,0.0,0.0,0.0,1.0,0.0,0.0,0.0,0.0,0.0,0.0,0.0,0.0,1.0,30.0,26.18,26.17999999999995,43,5726,95000,jul-17-2021_1546
740,0.0,0.0,0.0,0.0,1,0.0,0.0,0.0,0.0,0.0,0.0,0.0,0.0,1.0,0.0,500,400000,0.004999999888241291,30,True,0.0,0.6666666865348816,0.0,0.0,0.0,0.0,1.0,0.0,0.0,0.0,0.0,0.0,0.0,0.0,0.0,1.0,30.0,17.732,17.73199999999997,41,3934,60000,jul-17-2021_1546
741,0.0,0.0,0.0,0.0,1,0.0,0.0,0.0,0.0,0.0,0.0,0.0,0.0,1.0,0.0,500,400000,0.004999999888241291,30,True,0.0,1.0,0.0,0.0,0.0,0.0,1.0,0.0,0.0,0.0,0.0,0.0,0.0,0.0,0.0,1.0,30.0,24.66,24.659999999999968,45,5995,65000,jul-17-2021_1546
742,0.0,0.0,0.0,0.0,1,0.0,0.0,0.0,0.0,0.0,0.0,0.0,0.0,1.0,0.0,500,400000,0.004999999888241291,30,True,0.3333333432674408,-1.0,0.0,0.0,0.0,0.0,1.0,0.0,0.0,0.0,0.0,0.0,0.0,0.0,0.0,1.0,30.0,35.26,35.25999999999999,48,11095,115000,jul-17-2021_1546
743,0.0,0.0,0.0,0.0,1,0.0,0.0,0.0,0.0,0.0,0.0,0.0,0.0,1.0,0.0,500,400000,0.004999999888241291,30,True,0.3333333432674408,-0.6666666865348816,0.0,0.0,0.0,0.0,1.0,0.0,0.0,0.0,0.0,0.0,0.0,0.0,0.0,1.0,30.0,35.824,35.823999999999955,53,10870,125000,jul-17-2021_1546
744,0.0,0.0,0.0,0.0,1,0.0,0.0,0.0,0.0,0.0,0.0,0.0,0.0,1.0,0.0,500,400000,0.004999999888241291,30,True,0.3333333432674408,-0.3333333432674408,0.0,0.0,0.0,0.0,1.0,0.0,0.0,0.0,0.0,0.0,0.0,0.0,0.0,1.0,30.0,21.588,21.587999999999965,42,5142,125000,jul-17-2021_1546
745,0.0,0.0,0.0,0.0,1,0.0,0.0,0.0,0.0,0.0,0.0,0.0,0.0,1.0,0.0,500,400000,0.004999999888241291,30,True,0.3333333432674408,0.0,0.0,0.0,0.0,0.0,1.0,0.0,0.0,0.0,0.0,0.0,0.0,0.0,0.0,1.0,30.0,34.884,34.884000000000015,49,8701,125000,jul-17-2021_1547
746,0.0,0.0,0.0,0.0,1,0.0,0.0,0.0,0.0,0.0,0.0,0.0,0.0,1.0,0.0,500,400000,0.004999999888241291,30,True,0.3333333432674408,0.3333333432674408,0.0,0.0,0.0,0.0,1.0,0.0,0.0,0.0,0.0,0.0,0.0,0.0,0.0,1.0,30.0,22.0,22.0,43,4375,60000,jul-17-2021_1547
747,0.0,0.0,0.0,0.0,1,0.0,0.0,0.0,0.0,0.0,0.0,0.0,0.0,1.0,0.0,500,400000,0.004999999888241291,30,True,0.3333333432674408,0.6666666865348816,0.0,0.0,0.0,0.0,1.0,0.0,0.0,0.0,0.0,0.0,0.0,0.0,0.0,1.0,30.0,21.912,21.912000000000035,44,4432,75000,jul-17-2021_1547
748,0.0,0.0,0.0,0.0,1,0.0,0.0,0.0,0.0,0.0,0.0,0.0,0.0,1.0,0.0,500,400000,0.004999999888241291,30,True,0.3333333432674408,1.0,0.0,0.0,0.0,0.0,1.0,0.0,0.0,0.0,0.0,0.0,0.0,0.0,0.0,1.0,30.0,22.876,22.875999999999976,44,4779,75000,jul-17-2021_1547
749,0.0,0.0,0.0,0.0,1,0.0,0.0,0.0,0.0,0.0,0.0,0.0,0.0,1.0,0.0,500,400000,0.004999999888241291,30,True,0.6666666865348816,-1.0,0.0,0.0,0.0,0.0,1.0,0.0,0.0,0.0,0.0,0.0,0.0,0.0,0.0,0.0,0.0,0.0,58.63599999999997,51,44503,115000,jul-17-2021_1547
750,0.0,0.0,0.0,0.0,1,0.0,0.0,0.0,0.0,0.0,0.0,0.0,0.0,1.0,0.0,500,400000,0.004999999888241291,30,True,0.6666666865348816,-0.6666666865348816,0.0,0.0,0.0,0.0,1.0,0.0,0.0,0.0,0.0,0.0,0.0,0.0,0.0,1.0,30.0,47.424,47.42399999999998,51,18647,325000,jul-17-2021_1547
751,0.0,0.0,0.0,0.0,1,0.0,0.0,0.0,0.0,0.0,0.0,0.0,0.0,1.0,0.0,500,400000,0.004999999888241291,30,True,0.6666666865348816,-0.3333333432674408,0.0,0.0,0.0,0.0,1.0,0.0,0.0,0.0,0.0,0.0,0.0,0.0,0.0,1.0,30.0,34.656,34.65599999999995,51,9956,125000,jul-17-2021_1547
752,0.0,0.0,0.0,0.0,1,0.0,0.0,0.0,0.0,0.0,0.0,0.0,0.0,1.0,0.0,500,400000,0.004999999888241291,30,True,0.6666666865348816,0.0,0.0,0.0,0.0,0.0,1.0,0.0,0.0,0.0,0.0,0.0,0.0,0.0,0.0,1.0,30.0,26.588,26.587999999999965,45,6540,105000,jul-17-2021_1547
753,0.0,0.0,0.0,0.0,1,0.0,0.0,0.0,0.0,0.0,0.0,0.0,0.0,1.0,0.0,500,400000,0.004999999888241291,30,True,0.6666666865348816,0.3333333432674408,0.0,0.0,0.0,0.0,1.0,0.0,0.0,0.0,0.0,0.0,0.0,0.0,0.0,1.0,30.0,29.256,29.255999999999972,42,5825,135000,jul-17-2021_1547
754,0.0,0.0,0.0,0.0,1,0.0,0.0,0.0,0.0,0.0,0.0,0.0,0.0,1.0,0.0,500,400000,0.004999999888241291,30,True,0.6666666865348816,0.6666666865348816,0.0,0.0,0.0,0.0,1.0,0.0,0.0,0.0,0.0,0.0,0.0,0.0,0.0,1.0,30.0,34.712,34.71199999999999,47,9338,165000,jul-17-2021_1547
755,0.0,0.0,0.0,0.0,1,0.0,0.0,0.0,0.0,0.0,0.0,0.0,0.0,1.0,0.0,500,400000,0.004999999888241291,30,True,0.6666666865348816,1.0,0.0,0.0,0.0,0.0,1.0,0.0,0.0,0.0,0.0,0.0,0.0,0.0,0.0,1.0,30.0,40.26,40.25999999999999,47,11421,165000,jul-17-2021_1547
756,0.0,0.0,0.0,0.0,1,0.0,0.0,0.0,0.0,0.0,0.0,0.0,0.0,1.0,0.0,500,400000,0.004999999888241291,30,True,1.0,-1.0,0.0,0.0,0.0,0.0,1.0,0.0,0.0,0.0,0.0,0.0,0.0,0.0,0.0,1.0,30.0,46.28,46.27999999999997,51,14423,160000,jul-17-2021_1547
757,0.0,0.0,0.0,0.0,1,0.0,0.0,0.0,0.0,0.0,0.0,0.0,0.0,1.0,0.0,500,400000,0.004999999888241291,30,True,1.0,-0.6666666865348816,0.0,0.0,0.0,0.0,1.0,0.0,0.0,0.0,0.0,0.0,0.0,0.0,0.0,1.0,30.0,41.072,41.072,48,13767,135000,jul-17-2021_1547
758,0.0,0.0,0.0,0.0,1,0.0,0.0,0.0,0.0,0.0,0.0,0.0,0.0,1.0,0.0,500,400000,0.004999999888241291,30,True,1.0,-0.3333333432674408,0.0,0.0,0.0,0.0,1.0,0.0,0.0,0.0,0.0,0.0,0.0,0.0,0.0,1.0,30.0,32.516,32.51599999999996,45,7767,120000,jul-17-2021_1547
759,0.0,0.0,0.0,0.0,1,0.0,0.0,0.0,0.0,0.0,0.0,0.0,0.0,1.0,0.0,500,400000,0.004999999888241291,30,True,1.0,0.0,0.0,0.0,0.0,0.0,1.0,0.0,0.0,0.0,0.0,0.0,0.0,0.0,0.0,1.0,30.0,32.596,32.596000000000004,48,7677,195000,jul-17-2021_1547
760,0.0,0.0,0.0,0.0,1,0.0,0.0,0.0,0.0,0.0,0.0,0.0,0.0,1.0,0.0,500,400000,0.004999999888241291,30,True,1.0,0.3333333432674408,0.0,0.0,0.0,0.0,1.0,0.0,0.0,0.0,0.0,0.0,0.0,0.0,0.0,1.0,30.0,35.428,35.428,49,8907,210000,jul-17-2021_1547
761,0.0,0.0,0.0,0.0,1,0.0,0.0,0.0,0.0,0.0,0.0,0.0,0.0,1.0,0.0,500,400000,0.004999999888241291,30,True,1.0,0.6666666865348816,0.0,0.0,0.0,0.0,1.0,0.0,0.0,0.0,0.0,0.0,0.0,0.0,0.0,1.0,30.0,34.088,34.087999999999965,46,8880,205000,jul-17-2021_1547
762,0.0,0.0,0.0,0.0,1,0.0,0.0,0.0,0.0,0.0,0.0,0.0,0.0,1.0,0.0,500,400000,0.004999999888241291,30,True,1.0,1.0,0.0,0.0,0.0,0.0,1.0,0.0,0.0,0.0,0.0,0.0,0.0,0.0,0.0,1.0,30.0,20.1,20.100000000000023,43,4474,160000,jul-17-2021_1547
763,0.0,0.0,0.0,0.0,1,0.0,0.0,0.0,0.0,0.0,0.0,0.0,0.0,1.0,0.0,500,400000,0.004999999888241291,30,True,1.3333333730697632,-1.0,0.0,0.0,0.0,0.0,1.0,0.0,0.0,0.0,0.0,0.0,0.0,0.0,0.0,0.0,0.0,0.0,51.583999999999946,49,64479,190000,jul-17-2021_1548
764,0.0,0.0,0.0,0.0,1,0.0,0.0,0.0,0.0,0.0,0.0,0.0,0.0,1.0,0.0,500,400000,0.004999999888241291,30,True,1.3333333730697632,-0.6666666865348816,0.0,0.0,0.0,0.0,1.0,0.0,0.0,0.0,0.0,0.0,0.0,0.0,0.0,0.182,4.168000082850456,43.02466839097073,62.488000000000056,64,119778,399999,jul-17-2021_1548
765,0.0,0.0,0.0,0.0,1,0.0,0.0,0.0,0.0,0.0,0.0,0.0,0.0,1.0,0.0,500,400000,0.004999999888241291,30,True,1.3333333730697632,-0.3333333432674408,0.0,0.0,0.0,0.0,1.0,0.0,0.0,0.0,0.0,0.0,0.0,0.0,0.0,0.828,24.866000122606753,60.96626950597129,62.696000000000026,59,84119,399999,jul-17-2021_1548
766,0.0,0.0,0.0,0.0,1,0.0,0.0,0.0,0.0,0.0,0.0,0.0,0.0,1.0,0.0,500,400000,0.004999999888241291,30,True,1.3333333730697632,0.0,0.0,0.0,0.0,0.0,1.0,0.0,0.0,0.0,0.0,0.0,0.0,0.0,0.0,0.864,27.124000131845474,48.329959335617815,48.78800000000001,53,24398,399999,jul-17-2021_1548
767,0.0,0.0,0.0,0.0,1,0.0,0.0,0.0,0.0,0.0,0.0,0.0,0.0,1.0,0.0,500,400000,0.004999999888241291,30,True,1.3333333730697632,0.3333333432674408,0.0,0.0,0.0,0.0,1.0,0.0,0.0,0.0,0.0,0.0,0.0,0.0,0.0,1.0,30.0,37.772,37.77200000000005,48,12054,235000,jul-17-2021_1548
768,0.0,0.0,0.0,0.0,1,0.0,0.0,0.0,0.0,0.0,0.0,0.0,0.0,1.0,0.0,500,400000,0.004999999888241291,30,True,1.3333333730697632,0.6666666865348816,0.0,0.0,0.0,0.0,1.0,0.0,0.0,0.0,0.0,0.0,0.0,0.0,0.0,1.0,30.0,35.584,35.583999999999946,52,11965,225000,jul-17-2021_1549
769,0.0,0.0,0.0,0.0,1,0.0,0.0,0.0,0.0,0.0,0.0,0.0,0.0,1.0,0.0,500,400000,0.004999999888241291,30,True,1.3333333730697632,1.0,0.0,0.0,0.0,0.0,1.0,0.0,0.0,0.0,0.0,0.0,0.0,0.0,0.0,1.0,30.0,49.924,49.92399999999998,51,14846,315000,jul-17-2021_1549
770,0.0,0.0,0.0,0.0,1,0.0,0.0,0.0,0.0,0.0,0.0,0.0,0.0,1.0,0.0,500,400000,0.004999999888241291,30,True,1.6666666269302368,-1.0,0.0,0.0,0.0,0.0,1.0,0.0,0.0,0.0,0.0,0.0,0.0,0.0,0.0,0.0,0.0,0.0,53.29200000000003,50,60108,155000,jul-17-2021_1549
771,0.0,0.0,0.0,0.0,1,0.0,0.0,0.0,0.0,0.0,0.0,0.0,0.0,1.0,0.0,500,400000,0.004999999888241291,30,True,1.6666666269302368,-0.6666666865348816,0.0,0.0,0.0,0.0,1.0,0.0,0.0,0.0,0.0,0.0,0.0,0.0,0.0,0.0,0.0,0.0,62.86800000000005,54,102642,275000,jul-17-2021_1549
772,0.0,0.0,0.0,0.0,1,0.0,0.0,0.0,0.0,0.0,0.0,0.0,0.0,1.0,0.0,500,400000,0.004999999888241291,30,True,1.6666666269302368,-0.3333333432674408,0.0,0.0,0.0,0.0,1.0,0.0,0.0,0.0,0.0,0.0,0.0,0.0,0.0,0.016,0.5906666454076767,2.306224021325748,57.936000000000035,54,128576,399999,jul-17-2021_1549
773,0.0,0.0,0.0,0.0,1,0.0,0.0,0.0,0.0,0.0,0.0,0.0,0.0,1.0,0.0,500,400000,0.004999999888241291,30,True,1.6666666269302368,0.0,0.0,0.0,0.0,0.0,1.0,0.0,0.0,0.0,0.0,0.0,0.0,0.0,0.0,0.438,18.287333055257797,39.23588153460033,53.548,55,45594,399999,jul-17-2021_1550
774,0.0,0.0,0.0,0.0,1,0.0,0.0,0.0,0.0,0.0,0.0,0.0,0.0,1.0,0.0,500,400000,0.004999999888241291,30,True,1.6666666269302368,0.3333333432674408,0.0,0.0,0.0,0.0,1.0,0.0,0.0,0.0,0.0,0.0,0.0,0.0,0.0,1.0,30.0,50.132,50.13199999999995,53,15637,215000,jul-17-2021_1550
775,0.0,0.0,0.0,0.0,1,0.0,0.0,0.0,0.0,0.0,0.0,0.0,0.0,1.0,0.0,500,400000,0.004999999888241291,30,True,1.6666666269302368,0.6666666865348816,0.0,0.0,0.0,0.0,1.0,0.0,0.0,0.0,0.0,0.0,0.0,0.0,0.0,0.58,26.574666530132294,52.69642316413371,50.591999999999985,53,36991,399999,jul-17-2021_1550
776,0.0,0.0,0.0,0.0,1,0.0,0.0,0.0,0.0,0.0,0.0,0.0,0.0,1.0,0.0,500,400000,0.004999999888241291,30,True,1.6666666269302368,1.0,0.0,0.0,0.0,0.0,1.0,0.0,0.0,0.0,0.0,0.0,0.0,0.0,0.0,1.0,30.0,51.416,51.416000000000054,52,21090,295000,jul-17-2021_1550
777,0.0,0.0,0.0,0.0,1,0.0,0.0,0.0,0.0,0.0,0.0,0.0,0.0,1.0,0.0,500,400000,0.004999999888241291,30,True,2.0,-1.0,0.0,0.0,0.0,0.0,1.0,0.0,0.0,0.0,0.0,0.0,0.0,0.0,0.0,0.0,0.0,0.0,52.49199999999996,55,140955,350000,jul-17-2021_1550
778,0.0,0.0,0.0,0.0,1,0.0,0.0,0.0,0.0,0.0,0.0,0.0,0.0,1.0,0.0,500,400000,0.004999999888241291,30,True,2.0,-0.6666666865348816,0.0,0.0,0.0,0.0,1.0,0.0,0.0,0.0,0.0,0.0,0.0,0.0,0.0,0.0,0.0,0.0,47.71600000000001,52,82464,225000,jul-17-2021_1550
779,0.0,0.0,0.0,0.0,1,0.0,0.0,0.0,0.0,0.0,0.0,0.0,0.0,1.0,0.0,500,400000,0.004999999888241291,30,True,2.0,-0.3333333432674408,0.0,0.0,0.0,0.0,1.0,0.0,0.0,0.0,0.0,0.0,0.0,0.0,0.0,0.158,7.312666629374028,31.995795784373744,55.412000000000035,56,76385,399999,jul-17-2021_1551
780,0.0,0.0,0.0,0.0,1,0.0,0.0,0.0,0.0,0.0,0.0,0.0,0.0,1.0,0.0,500,400000,0.004999999888241291,30,True,2.0,0.0,0.0,0.0,0.0,0.0,1.0,0.0,0.0,0.0,0.0,0.0,0.0,0.0,0.0,0.598,25.016,114.77974400000001,55.096000000000004,57,61591,399999,jul-17-2021_1551
781,0.0,0.0,0.0,0.0,1,0.0,0.0,0.0,0.0,0.0,0.0,0.0,0.0,1.0,0.0,500,400000,0.004999999888241291,30,True,2.0,0.3333333432674408,0.0,0.0,0.0,0.0,1.0,0.0,0.0,0.0,0.0,0.0,0.0,0.0,0.0,0.56,26.602000070750712,88.10581772120987,56.048,52,66955,399999,jul-17-2021_1551
782,0.0,0.0,0.0,0.0,1,0.0,0.0,0.0,0.0,0.0,0.0,0.0,0.0,1.0,0.0,500,400000,0.004999999888241291,30,True,2.0,0.6666666865348816,0.0,0.0,0.0,0.0,1.0,0.0,0.0,0.0,0.0,0.0,0.0,0.0,0.0,0.866,31.525333396315574,99.55469145703675,52.412000000000035,50,49008,399999,jul-17-2021_1551
783,0.0,0.0,0.0,0.0,1,0.0,0.0,0.0,0.0,0.0,0.0,0.0,0.0,1.0,0.0,500,400000,0.004999999888241291,30,True,2.0,1.0,0.0,0.0,0.0,0.0,1.0,0.0,0.0,0.0,0.0,0.0,0.0,0.0,0.0,0.936,31.69,111.42990000000002,54.73199999999997,54,30436,399999,jul-17-2021_1551
784,0.0,0.0,0.0,0.0,1,0.0,0.0,0.0,0.0,0.0,0.0,0.0,0.0,1.0,0.0,500,400000,0.004999999888241291,30,True,0.0,-1.0,0.0,0.0,0.0,0.0,1.0,0.0,0.0,0.0,0.0,0.0,0.0,0.0,0.0,1.0,30.0,48.392,48.39200000000005,51,23318,215000,jul-17-2021_1551
785,0.0,0.0,0.0,0.0,1,0.0,0.0,0.0,0.0,0.0,0.0,0.0,0.0,1.0,0.0,500,400000,0.004999999888241291,30,True,0.0,-0.6666666865348816,0.0,0.0,0.0,0.0,1.0,0.0,0.0,0.0,0.0,0.0,0.0,0.0,0.0,1.0,30.0,22.552,22.55200000000002,43,5117,90000,jul-17-2021_1552
786,0.0,0.0,0.0,0.0,1,0.0,0.0,0.0,0.0,0.0,0.0,0.0,0.0,1.0,0.0,500,400000,0.004999999888241291,30,True,0.0,-0.3333333432674408,0.0,0.0,0.0,0.0,1.0,0.0,0.0,0.0,0.0,0.0,0.0,0.0,0.0,1.0,30.0,26.832,26.831999999999994,43,5844,120000,jul-17-2021_1552
787,0.0,0.0,0.0,0.0,1,0.0,0.0,0.0,0.0,0.0,0.0,0.0,0.0,1.0,0.0,500,400000,0.004999999888241291,30,True,0.0,0.0,0.0,0.0,0.0,0.0,1.0,0.0,0.0,0.0,0.0,0.0,0.0,0.0,0.0,1.0,30.0,31.36,31.360000000000014,46,8963,90000,jul-17-2021_1552
788,0.0,0.0,0.0,0.0,1,0.0,0.0,0.0,0.0,0.0,0.0,0.0,0.0,1.0,0.0,500,400000,0.004999999888241291,30,True,0.0,0.3333333432674408,0.0,0.0,0.0,0.0,1.0,0.0,0.0,0.0,0.0,0.0,0.0,0.0,0.0,1.0,30.0,19.44,19.440000000000055,42,4218,75000,jul-17-2021_1552
789,0.0,0.0,0.0,0.0,1,0.0,0.0,0.0,0.0,0.0,0.0,0.0,0.0,1.0,0.0,500,400000,0.004999999888241291,30,True,0.0,0.6666666865348816,0.0,0.0,0.0,0.0,1.0,0.0,0.0,0.0,0.0,0.0,0.0,0.0,0.0,1.0,30.0,22.42,22.41999999999996,43,4915,75000,jul-17-2021_1552
790,0.0,0.0,0.0,0.0,1,0.0,0.0,0.0,0.0,0.0,0.0,0.0,0.0,1.0,0.0,500,400000,0.004999999888241291,30,True,0.0,1.0,0.0,0.0,0.0,0.0,1.0,0.0,0.0,0.0,0.0,0.0,0.0,0.0,0.0,1.0,30.0,27.92,27.91999999999996,44,6452,230000,jul-17-2021_1552
791,0.0,0.0,0.0,0.0,1,0.0,0.0,0.0,0.0,0.0,0.0,0.0,0.0,1.0,0.0,500,400000,0.004999999888241291,30,True,0.3333333432674408,-1.0,0.0,0.0,0.0,0.0,1.0,0.0,0.0,0.0,0.0,0.0,0.0,0.0,0.0,1.0,30.0,44.016,44.01599999999996,49,16456,185000,jul-17-2021_1552
792,0.0,0.0,0.0,0.0,1,0.0,0.0,0.0,0.0,0.0,0.0,0.0,0.0,1.0,0.0,500,400000,0.004999999888241291,30,True,0.3333333432674408,-0.6666666865348816,0.0,0.0,0.0,0.0,1.0,0.0,0.0,0.0,0.0,0.0,0.0,0.0,0.0,1.0,30.0,38.964,38.964000000000055,47,10666,110000,jul-17-2021_1552
793,0.0,0.0,0.0,0.0,1,0.0,0.0,0.0,0.0,0.0,0.0,0.0,0.0,1.0,0.0,500,400000,0.004999999888241291,30,True,0.3333333432674408,-0.3333333432674408,0.0,0.0,0.0,0.0,1.0,0.0,0.0,0.0,0.0,0.0,0.0,0.0,0.0,1.0,30.0,34.148,34.148000000000025,48,8193,140000,jul-17-2021_1552
794,0.0,0.0,0.0,0.0,1,0.0,0.0,0.0,0.0,0.0,0.0,0.0,0.0,1.0,0.0,500,400000,0.004999999888241291,30,True,0.3333333432674408,0.0,0.0,0.0,0.0,0.0,1.0,0.0,0.0,0.0,0.0,0.0,0.0,0.0,0.0,1.0,30.0,21.576,21.576000000000022,44,5037,105000,jul-17-2021_1552
795,0.0,0.0,0.0,0.0,1,0.0,0.0,0.0,0.0,0.0,0.0,0.0,0.0,1.0,0.0,500,400000,0.004999999888241291,30,True,0.3333333432674408,0.3333333432674408,0.0,0.0,0.0,0.0,1.0,0.0,0.0,0.0,0.0,0.0,0.0,0.0,0.0,1.0,30.0,22.896,22.895999999999958,42,4709,100000,jul-17-2021_1552
796,0.0,0.0,0.0,0.0,1,0.0,0.0,0.0,0.0,0.0,0.0,0.0,0.0,1.0,0.0,500,400000,0.004999999888241291,30,True,0.3333333432674408,0.6666666865348816,0.0,0.0,0.0,0.0,1.0,0.0,0.0,0.0,0.0,0.0,0.0,0.0,0.0,1.0,30.0,27.22,27.220000000000027,45,5386,115000,jul-17-2021_1552
797,0.0,0.0,0.0,0.0,1,0.0,0.0,0.0,0.0,0.0,0.0,0.0,0.0,1.0,0.0,500,400000,0.004999999888241291,30,True,0.3333333432674408,1.0,0.0,0.0,0.0,0.0,1.0,0.0,0.0,0.0,0.0,0.0,0.0,0.0,0.0,1.0,30.0,21.6,21.600000000000023,44,4607,110000,jul-17-2021_1552
798,0.0,0.0,0.0,0.0,1,0.0,0.0,0.0,0.0,0.0,0.0,0.0,0.0,1.0,0.0,500,400000,0.004999999888241291,30,True,0.6666666865348816,-1.0,0.0,0.0,0.0,0.0,1.0,0.0,0.0,0.0,0.0,0.0,0.0,0.0,0.0,1.0,30.0,49.704,49.70399999999995,55,21096,310000,jul-17-2021_1552
799,0.0,0.0,0.0,0.0,1,0.0,0.0,0.0,0.0,0.0,0.0,0.0,0.0,1.0,0.0,500,400000,0.004999999888241291,30,True,0.6666666865348816,-0.6666666865348816,0.0,0.0,0.0,0.0,1.0,0.0,0.0,0.0,0.0,0.0,0.0,0.0,0.0,1.0,30.0,42.412,42.412000000000035,52,14952,160000,jul-17-2021_1552
800,0.0,0.0,0.0,0.0,1,0.0,0.0,0.0,0.0,0.0,0.0,0.0,0.0,1.0,0.0,500,400000,0.004999999888241291,30,True,0.6666666865348816,-0.3333333432674408,0.0,0.0,0.0,0.0,1.0,0.0,0.0,0.0,0.0,0.0,0.0,0.0,0.0,1.0,30.0,34.06,34.059999999999945,45,10146,120000,jul-17-2021_1552
801,0.0,0.0,0.0,0.0,1,0.0,0.0,0.0,0.0,0.0,0.0,0.0,0.0,1.0,0.0,500,400000,0.004999999888241291,30,True,0.6666666865348816,0.0,0.0,0.0,0.0,0.0,1.0,0.0,0.0,0.0,0.0,0.0,0.0,0.0,0.0,1.0,30.0,43.232,43.23199999999997,47,13042,210000,jul-17-2021_1552
802,0.0,0.0,0.0,0.0,1,0.0,0.0,0.0,0.0,0.0,0.0,0.0,0.0,1.0,0.0,500,400000,0.004999999888241291,30,True,0.6666666865348816,0.3333333432674408,0.0,0.0,0.0,0.0,1.0,0.0,0.0,0.0,0.0,0.0,0.0,0.0,0.0,1.0,30.0,32.672,32.672000000000025,50,8836,180000,jul-17-2021_1552
803,0.0,0.0,0.0,0.0,1,0.0,0.0,0.0,0.0,0.0,0.0,0.0,0.0,1.0,0.0,500,400000,0.004999999888241291,30,True,0.6666666865348816,0.6666666865348816,0.0,0.0,0.0,0.0,1.0,0.0,0.0,0.0,0.0,0.0,0.0,0.0,0.0,1.0,30.0,29.472,29.47199999999998,51,8591,110000,jul-17-2021_1552
804,0.0,0.0,0.0,0.0,1,0.0,0.0,0.0,0.0,0.0,0.0,0.0,0.0,1.0,0.0,500,400000,0.004999999888241291,30,True,0.6666666865348816,1.0,0.0,0.0,0.0,0.0,1.0,0.0,0.0,0.0,0.0,0.0,0.0,0.0,0.0,1.0,30.0,20.536,20.535999999999945,43,4096,75000,jul-17-2021_1553
805,0.0,0.0,0.0,0.0,1,0.0,0.0,0.0,0.0,0.0,0.0,0.0,0.0,1.0,0.0,500,400000,0.004999999888241291,30,True,1.0,-1.0,0.0,0.0,0.0,0.0,1.0,0.0,0.0,0.0,0.0,0.0,0.0,0.0,0.0,1.0,30.0,56.088,56.087999999999965,52,37257,325000,jul-17-2021_1553
806,0.0,0.0,0.0,0.0,1,0.0,0.0,0.0,0.0,0.0,0.0,0.0,0.0,1.0,0.0,500,400000,0.004999999888241291,30,True,1.0,-0.6666666865348816,0.0,0.0,0.0,0.0,1.0,0.0,0.0,0.0,0.0,0.0,0.0,0.0,0.0,0.52,11.265333192110061,34.21537704135898,61.16399999999999,56,51511,399999,jul-17-2021_1553
807,0.0,0.0,0.0,0.0,1,0.0,0.0,0.0,0.0,0.0,0.0,0.0,0.0,1.0,0.0,500,400000,0.004999999888241291,30,True,1.0,-0.3333333432674408,0.0,0.0,0.0,0.0,1.0,0.0,0.0,0.0,0.0,0.0,0.0,0.0,0.0,1.0,30.0,53.208,53.20799999999997,53,30092,325000,jul-17-2021_1553
808,0.0,0.0,0.0,0.0,1,0.0,0.0,0.0,0.0,0.0,0.0,0.0,0.0,1.0,0.0,500,400000,0.004999999888241291,30,True,1.0,0.0,0.0,0.0,0.0,0.0,1.0,0.0,0.0,0.0,0.0,0.0,0.0,0.0,0.0,1.0,30.0,37.068,37.067999999999984,46,11093,210000,jul-17-2021_1553
809,0.0,0.0,0.0,0.0,1,0.0,0.0,0.0,0.0,0.0,0.0,0.0,0.0,1.0,0.0,500,400000,0.004999999888241291,30,True,1.0,0.3333333432674408,0.0,0.0,0.0,0.0,1.0,0.0,0.0,0.0,0.0,0.0,0.0,0.0,0.0,1.0,30.0,43.804,43.803999999999974,51,14639,120000,jul-17-2021_1553
810,0.0,0.0,0.0,0.0,1,0.0,0.0,0.0,0.0,0.0,0.0,0.0,0.0,1.0,0.0,500,400000,0.004999999888241291,30,True,1.0,0.6666666865348816,0.0,0.0,0.0,0.0,1.0,0.0,0.0,0.0,0.0,0.0,0.0,0.0,0.0,1.0,30.0,34.764,34.76400000000001,48,9860,220000,jul-17-2021_1553
811,0.0,0.0,0.0,0.0,1,0.0,0.0,0.0,0.0,0.0,0.0,0.0,0.0,1.0,0.0,500,400000,0.004999999888241291,30,True,1.0,1.0,0.0,0.0,0.0,0.0,1.0,0.0,0.0,0.0,0.0,0.0,0.0,0.0,0.0,1.0,30.0,38.668,38.668000000000006,49,10966,180000,jul-17-2021_1553
812,0.0,0.0,0.0,0.0,1,0.0,0.0,0.0,0.0,0.0,0.0,0.0,0.0,1.0,0.0,500,400000,0.004999999888241291,30,True,1.3333333730697632,-1.0,0.0,0.0,0.0,0.0,1.0,0.0,0.0,0.0,0.0,0.0,0.0,0.0,0.0,1.0,30.0,50.076,50.07600000000002,60,25718,365000,jul-17-2021_1553
813,0.0,0.0,0.0,0.0,1,0.0,0.0,0.0,0.0,0.0,0.0,0.0,0.0,1.0,0.0,500,400000,0.004999999888241291,30,True,1.3333333730697632,-0.6666666865348816,0.0,0.0,0.0,0.0,1.0,0.0,0.0,0.0,0.0,0.0,0.0,0.0,0.0,0.432,10.970666801691054,56.31336727549908,52.80799999999999,53,79065,399999,jul-17-2021_1554
814,0.0,0.0,0.0,0.0,1,0.0,0.0,0.0,0.0,0.0,0.0,0.0,0.0,1.0,0.0,500,400000,0.004999999888241291,30,True,1.3333333730697632,-0.3333333432674408,0.0,0.0,0.0,0.0,1.0,0.0,0.0,0.0,0.0,0.0,0.0,0.0,0.0,0.856,25.954000102698803,50.560775160307095,51.799999999999955,50,42881,399999,jul-17-2021_1554
815,0.0,0.0,0.0,0.0,1,0.0,0.0,0.0,0.0,0.0,0.0,0.0,0.0,1.0,0.0,500,400000,0.004999999888241291,30,True,1.3333333730697632,0.0,0.0,0.0,0.0,0.0,1.0,0.0,0.0,0.0,0.0,0.0,0.0,0.0,0.0,0.742,24.370666879177094,46.19860834587027,59.21600000000001,56,44525,399999,jul-17-2021_1554
816,0.0,0.0,0.0,0.0,1,0.0,0.0,0.0,0.0,0.0,0.0,0.0,0.0,1.0,0.0,500,400000,0.004999999888241291,30,True,1.3333333730697632,0.3333333432674408,0.0,0.0,0.0,0.0,1.0,0.0,0.0,0.0,0.0,0.0,0.0,0.0,0.0,0.814,27.434000215470792,51.63675701138427,54.63199999999995,53,26860,399999,jul-17-2021_1554
817,0.0,0.0,0.0,0.0,1,0.0,0.0,0.0,0.0,0.0,0.0,0.0,0.0,1.0,0.0,500,400000,0.004999999888241291,30,True,1.3333333730697632,0.6666666865348816,0.0,0.0,0.0,0.0,1.0,0.0,0.0,0.0,0.0,0.0,0.0,0.0,0.0,1.0,30.0,43.0,43.0,49,12913,190000,jul-17-2021_1554
818,0.0,0.0,0.0,0.0,1,0.0,0.0,0.0,0.0,0.0,0.0,0.0,0.0,1.0,0.0,500,400000,0.004999999888241291,30,True,1.3333333730697632,1.0,0.0,0.0,0.0,0.0,1.0,0.0,0.0,0.0,0.0,0.0,0.0,0.0,0.0,1.0,30.0,29.328,29.327999999999975,46,7228,200000,jul-17-2021_1554
819,0.0,0.0,0.0,0.0,1,0.0,0.0,0.0,0.0,0.0,0.0,0.0,0.0,1.0,0.0,500,400000,0.004999999888241291,30,True,1.6666666269302368,-1.0,0.0,0.0,0.0,0.0,1.0,0.0,0.0,0.0,0.0,0.0,0.0,0.0,0.0,0.0,0.0,0.0,46.75599999999997,50,45122,115000,jul-17-2021_1554
820,0.0,0.0,0.0,0.0,1,0.0,0.0,0.0,0.0,0.0,0.0,0.0,0.0,1.0,0.0,500,400000,0.004999999888241291,30,True,1.6666666269302368,-0.6666666865348816,0.0,0.0,0.0,0.0,1.0,0.0,0.0,0.0,0.0,0.0,0.0,0.0,0.0,0.0,0.0,0.0,54.58000000000004,51,64854,195000,jul-17-2021_1555
821,0.0,0.0,0.0,0.0,1,0.0,0.0,0.0,0.0,0.0,0.0,0.0,0.0,1.0,0.0,500,400000,0.004999999888241291,30,True,1.6666666269302368,-0.3333333432674408,0.0,0.0,0.0,0.0,1.0,0.0,0.0,0.0,0.0,0.0,0.0,0.0,0.0,0.364,13.48133300948143,51.90698274946893,47.36800000000005,52,120078,399999,jul-17-2021_1555
822,0.0,0.0,0.0,0.0,1,0.0,0.0,0.0,0.0,0.0,0.0,0.0,0.0,1.0,0.0,500,400000,0.004999999888241291,30,True,1.6666666269302368,0.0,0.0,0.0,0.0,0.0,1.0,0.0,0.0,0.0,0.0,0.0,0.0,0.0,0.0,0.09,4.297333241462708,6.990703698699956,57.432000000000016,54,146039,399999,jul-17-2021_1555
823,0.0,0.0,0.0,0.0,1,0.0,0.0,0.0,0.0,0.0,0.0,0.0,0.0,1.0,0.0,500,400000,0.004999999888241291,30,True,1.6666666269302368,0.3333333432674408,0.0,0.0,0.0,0.0,1.0,0.0,0.0,0.0,0.0,0.0,0.0,0.0,0.0,0.788,28.519999859809875,80.37448452167474,59.432000000000016,60,44835,399999,jul-17-2021_1555
824,0.0,0.0,0.0,0.0,1,0.0,0.0,0.0,0.0,0.0,0.0,0.0,0.0,1.0,0.0,500,400000,0.004999999888241291,30,True,1.6666666269302368,0.6666666865348816,0.0,0.0,0.0,0.0,1.0,0.0,0.0,0.0,0.0,0.0,0.0,0.0,0.0,1.0,30.0,47.124,47.124000000000024,48,28697,305000,jul-17-2021_1556
825,0.0,0.0,0.0,0.0,1,0.0,0.0,0.0,0.0,0.0,0.0,0.0,0.0,1.0,0.0,500,400000,0.004999999888241291,30,True,1.6666666269302368,1.0,0.0,0.0,0.0,0.0,1.0,0.0,0.0,0.0,0.0,0.0,0.0,0.0,0.0,1.0,30.0,37.38,37.379999999999995,48,9138,355000,jul-17-2021_1556
826,0.0,0.0,0.0,0.0,1,0.0,0.0,0.0,0.0,0.0,0.0,0.0,0.0,1.0,0.0,500,400000,0.004999999888241291,30,True,2.0,-1.0,0.0,0.0,0.0,0.0,1.0,0.0,0.0,0.0,0.0,0.0,0.0,0.0,0.0,0.0,0.0,0.0,55.144000000000005,51,54304,195000,jul-17-2021_1556
827,0.0,0.0,0.0,0.0,1,0.0,0.0,0.0,0.0,0.0,0.0,0.0,0.0,1.0,0.0,500,400000,0.004999999888241291,30,True,2.0,-0.6666666865348816,0.0,0.0,0.0,0.0,1.0,0.0,0.0,0.0,0.0,0.0,0.0,0.0,0.0,0.0,0.0,0.0,49.115999999999985,55,84166,220000,jul-17-2021_1556
828,0.0,0.0,0.0,0.0,1,0.0,0.0,0.0,0.0,0.0,0.0,0.0,0.0,1.0,0.0,500,400000,0.004999999888241291,30,True,2.0,-0.3333333432674408,0.0,0.0,0.0,0.0,1.0,0.0,0.0,0.0,0.0,0.0,0.0,0.0,0.0,0.334,14.309333270430566,77.52253631010555,50.583999999999946,57,104189,399999,jul-17-2021_1556
829,0.0,0.0,0.0,0.0,1,0.0,0.0,0.0,0.0,0.0,0.0,0.0,0.0,1.0,0.0,500,400000,0.004999999888241291,30,True,2.0,0.0,0.0,0.0,0.0,0.0,1.0,0.0,0.0,0.0,0.0,0.0,0.0,0.0,0.0,0.054,3.184,7.510144,58.74000000000001,51,100288,399999,jul-17-2021_1557
830,0.0,0.0,0.0,0.0,1,0.0,0.0,0.0,0.0,0.0,0.0,0.0,0.0,1.0,0.0,500,400000,0.004999999888241291,30,True,2.0,0.3333333432674408,0.0,0.0,0.0,0.0,1.0,0.0,0.0,0.0,0.0,0.0,0.0,0.0,0.0,0.182,11.320000042319299,28.01848930050798,58.096000000000004,55,75923,399999,jul-17-2021_1557
831,0.0,0.0,0.0,0.0,1,0.0,0.0,0.0,0.0,0.0,0.0,0.0,0.0,1.0,0.0,500,400000,0.004999999888241291,30,True,2.0,0.6666666865348816,0.0,0.0,0.0,0.0,1.0,0.0,0.0,0.0,0.0,0.0,0.0,0.0,0.0,0.54,28.10000013899803,67.0571109820896,55.66399999999999,55,40764,399999,jul-17-2021_1557
832,0.0,0.0,0.0,0.0,1,0.0,0.0,0.0,0.0,0.0,0.0,0.0,0.0,1.0,0.0,500,400000,0.004999999888241291,30,True,2.0,1.0,0.0,0.0,0.0,0.0,1.0,0.0,0.0,0.0,0.0,0.0,0.0,0.0,0.0,0.698,32.918,99.11927600000001,54.10400000000004,51,37324,399999,jul-17-2021_1557
833,0.0,0.0,0.0,0.0,1,0.0,0.0,0.0,0.0,0.0,0.0,0.0,0.0,1.0,0.0,500,400000,0.004999999888241291,30,True,0.0,-1.0,0.0,0.0,0.0,0.0,1.0,0.0,0.0,0.0,0.0,0.0,0.0,0.0,0.0,1.0,30.0,24.084,24.083999999999946,42,4801,95000,jul-17-2021_1557
834,0.0,0.0,0.0,0.0,1,0.0,0.0,0.0,0.0,0.0,0.0,0.0,0.0,1.0,0.0,500,400000,0.004999999888241291,30,True,0.0,-0.6666666865348816,0.0,0.0,0.0,0.0,1.0,0.0,0.0,0.0,0.0,0.0,0.0,0.0,0.0,1.0,30.0,34.928,34.928,47,9920,110000,jul-17-2021_1557
835,0.0,0.0,0.0,0.0,1,0.0,0.0,0.0,0.0,0.0,0.0,0.0,0.0,1.0,0.0,500,400000,0.004999999888241291,30,True,0.0,-0.3333333432674408,0.0,0.0,0.0,0.0,1.0,0.0,0.0,0.0,0.0,0.0,0.0,0.0,0.0,1.0,30.0,25.296,25.29600000000005,44,5382,100000,jul-17-2021_1557
836,0.0,0.0,0.0,0.0,1,0.0,0.0,0.0,0.0,0.0,0.0,0.0,0.0,1.0,0.0,500,400000,0.004999999888241291,30,True,0.0,0.0,0.0,0.0,0.0,0.0,1.0,0.0,0.0,0.0,0.0,0.0,0.0,0.0,0.0,1.0,30.0,22.224,22.224000000000046,42,5542,100000,jul-17-2021_1557
837,0.0,0.0,0.0,0.0,1,0.0,0.0,0.0,0.0,0.0,0.0,0.0,0.0,1.0,0.0,500,400000,0.004999999888241291,30,True,0.0,0.3333333432674408,0.0,0.0,0.0,0.0,1.0,0.0,0.0,0.0,0.0,0.0,0.0,0.0,0.0,1.0,30.0,25.648,25.648000000000025,43,6224,80000,jul-17-2021_1557
838,0.0,0.0,0.0,0.0,1,0.0,0.0,0.0,0.0,0.0,0.0,0.0,0.0,1.0,0.0,500,400000,0.004999999888241291,30,True,0.0,0.6666666865348816,0.0,0.0,0.0,0.0,1.0,0.0,0.0,0.0,0.0,0.0,0.0,0.0,0.0,1.0,30.0,29.396,29.395999999999958,43,7163,140000,jul-17-2021_1557
839,0.0,0.0,0.0,0.0,1,0.0,0.0,0.0,0.0,0.0,0.0,0.0,0.0,1.0,0.0,500,400000,0.004999999888241291,30,True,0.0,1.0,0.0,0.0,0.0,0.0,1.0,0.0,0.0,0.0,0.0,0.0,0.0,0.0,0.0,1.0,30.0,18.964,18.964000000000055,41,4016,115000,jul-17-2021_1557
840,0.0,0.0,0.0,0.0,1,0.0,0.0,0.0,0.0,0.0,0.0,0.0,0.0,1.0,0.0,500,400000,0.004999999888241291,30,True,0.3333333432674408,-1.0,0.0,0.0,0.0,0.0,1.0,0.0,0.0,0.0,0.0,0.0,0.0,0.0,0.0,1.0,30.0,37.476,37.476,50,9599,170000,jul-17-2021_1557
841,0.0,0.0,0.0,0.0,1,0.0,0.0,0.0,0.0,0.0,0.0,0.0,0.0,1.0,0.0,500,400000,0.004999999888241291,30,True,0.3333333432674408,-0.6666666865348816,0.0,0.0,0.0,0.0,1.0,0.0,0.0,0.0,0.0,0.0,0.0,0.0,0.0,1.0,30.0,42.94,42.940000000000055,48,15004,175000,jul-17-2021_1558
842,0.0,0.0,0.0,0.0,1,0.0,0.0,0.0,0.0,0.0,0.0,0.0,0.0,1.0,0.0,500,400000,0.004999999888241291,30,True,0.3333333432674408,-0.3333333432674408,0.0,0.0,0.0,0.0,1.0,0.0,0.0,0.0,0.0,0.0,0.0,0.0,0.0,1.0,30.0,32.172,32.172000000000025,48,7759,180000,jul-17-2021_1558
843,0.0,0.0,0.0,0.0,1,0.0,0.0,0.0,0.0,0.0,0.0,0.0,0.0,1.0,0.0,500,400000,0.004999999888241291,30,True,0.3333333432674408,0.0,0.0,0.0,0.0,0.0,1.0,0.0,0.0,0.0,0.0,0.0,0.0,0.0,0.0,1.0,30.0,19.124,19.124000000000024,43,4439,80000,jul-17-2021_1558
844,0.0,0.0,0.0,0.0,1,0.0,0.0,0.0,0.0,0.0,0.0,0.0,0.0,1.0,0.0,500,400000,0.004999999888241291,30,True,0.3333333432674408,0.3333333432674408,0.0,0.0,0.0,0.0,1.0,0.0,0.0,0.0,0.0,0.0,0.0,0.0,0.0,1.0,30.0,24.196,24.196000000000026,42,6009,85000,jul-17-2021_1558
845,0.0,0.0,0.0,0.0,1,0.0,0.0,0.0,0.0,0.0,0.0,0.0,0.0,1.0,0.0,500,400000,0.004999999888241291,30,True,0.3333333432674408,0.6666666865348816,0.0,0.0,0.0,0.0,1.0,0.0,0.0,0.0,0.0,0.0,0.0,0.0,0.0,1.0,30.0,21.524,21.524,45,4136,95000,jul-17-2021_1558
846,0.0,0.0,0.0,0.0,1,0.0,0.0,0.0,0.0,0.0,0.0,0.0,0.0,1.0,0.0,500,400000,0.004999999888241291,30,True,0.3333333432674408,1.0,0.0,0.0,0.0,0.0,1.0,0.0,0.0,0.0,0.0,0.0,0.0,0.0,0.0,1.0,30.0,21.412,21.412000000000035,44,4738,95000,jul-17-2021_1558
847,0.0,0.0,0.0,0.0,1,0.0,0.0,0.0,0.0,0.0,0.0,0.0,0.0,1.0,0.0,500,400000,0.004999999888241291,30,True,0.6666666865348816,-1.0,0.0,0.0,0.0,0.0,1.0,0.0,0.0,0.0,0.0,0.0,0.0,0.0,0.0,0.0,0.0,0.0,52.28399999999999,50,76888,220000,jul-17-2021_1558
848,0.0,0.0,0.0,0.0,1,0.0,0.0,0.0,0.0,0.0,0.0,0.0,0.0,1.0,0.0,500,400000,0.004999999888241291,30,True,0.6666666865348816,-0.6666666865348816,0.0,0.0,0.0,0.0,1.0,0.0,0.0,0.0,0.0,0.0,0.0,0.0,0.0,1.0,30.0,37.152,37.152000000000044,53,9240,120000,jul-17-2021_1558
849,0.0,0.0,0.0,0.0,1,0.0,0.0,0.0,0.0,0.0,0.0,0.0,0.0,1.0,0.0,500,400000,0.004999999888241291,30,True,0.6666666865348816,-0.3333333432674408,0.0,0.0,0.0,0.0,1.0,0.0,0.0,0.0,0.0,0.0,0.0,0.0,0.0,1.0,30.0,21.708,21.70799999999997,41,5404,85000,jul-17-2021_1558
850,0.0,0.0,0.0,0.0,1,0.0,0.0,0.0,0.0,0.0,0.0,0.0,0.0,1.0,0.0,500,400000,0.004999999888241291,30,True,0.6666666865348816,0.0,0.0,0.0,0.0,0.0,1.0,0.0,0.0,0.0,0.0,0.0,0.0,0.0,0.0,1.0,30.0,13.196,13.196000000000026,39,2706,65000,jul-17-2021_1558
851,0.0,0.0,0.0,0.0,1,0.0,0.0,0.0,0.0,0.0,0.0,0.0,0.0,1.0,0.0,500,400000,0.004999999888241291,30,True,0.6666666865348816,0.3333333432674408,0.0,0.0,0.0,0.0,1.0,0.0,0.0,0.0,0.0,0.0,0.0,0.0,0.0,1.0,30.0,24.124,24.124000000000024,43,5388,140000,jul-17-2021_1558
852,0.0,0.0,0.0,0.0,1,0.0,0.0,0.0,0.0,0.0,0.0,0.0,0.0,1.0,0.0,500,400000,0.004999999888241291,30,True,0.6666666865348816,0.6666666865348816,0.0,0.0,0.0,0.0,1.0,0.0,0.0,0.0,0.0,0.0,0.0,0.0,0.0,1.0,30.0,29.408,29.408000000000015,47,6298,140000,jul-17-2021_1558
853,0.0,0.0,0.0,0.0,1,0.0,0.0,0.0,0.0,0.0,0.0,0.0,0.0,1.0,0.0,500,400000,0.004999999888241291,30,True,0.6666666865348816,1.0,0.0,0.0,0.0,0.0,1.0,0.0,0.0,0.0,0.0,0.0,0.0,0.0,0.0,1.0,30.0,31.336,31.336000000000013,47,7535,115000,jul-17-2021_1558
854,0.0,0.0,0.0,0.0,1,0.0,0.0,0.0,0.0,0.0,0.0,0.0,0.0,1.0,0.0,500,400000,0.004999999888241291,30,True,1.0,-1.0,0.0,0.0,0.0,0.0,1.0,0.0,0.0,0.0,0.0,0.0,0.0,0.0,0.0,0.0,0.0,0.0,52.39999999999998,50,136990,385000,jul-17-2021_1558
855,0.0,0.0,0.0,0.0,1,0.0,0.0,0.0,0.0,0.0,0.0,0.0,0.0,1.0,0.0,500,400000,0.004999999888241291,30,True,1.0,-0.6666666865348816,0.0,0.0,0.0,0.0,1.0,0.0,0.0,0.0,0.0,0.0,0.0,0.0,0.0,0.0,0.0,0.0,50.84000000000003,52,91398,250000,jul-17-2021_1559
856,0.0,0.0,0.0,0.0,1,0.0,0.0,0.0,0.0,0.0,0.0,0.0,0.0,1.0,0.0,500,400000,0.004999999888241291,30,True,1.0,-0.3333333432674408,0.0,0.0,0.0,0.0,1.0,0.0,0.0,0.0,0.0,0.0,0.0,0.0,0.0,1.0,30.0,24.8,24.799999999999955,46,6036,105000,jul-17-2021_1559
857,0.0,0.0,0.0,0.0,1,0.0,0.0,0.0,0.0,0.0,0.0,0.0,0.0,1.0,0.0,500,400000,0.004999999888241291,30,True,1.0,0.0,0.0,0.0,0.0,0.0,1.0,0.0,0.0,0.0,0.0,0.0,0.0,0.0,0.0,1.0,30.0,51.576,51.57600000000002,54,20843,180000,jul-17-2021_1559
858,0.0,0.0,0.0,0.0,1,0.0,0.0,0.0,0.0,0.0,0.0,0.0,0.0,1.0,0.0,500,400000,0.004999999888241291,30,True,1.0,0.3333333432674408,0.0,0.0,0.0,0.0,1.0,0.0,0.0,0.0,0.0,0.0,0.0,0.0,0.0,1.0,30.0,44.964,44.964000000000055,57,16354,235000,jul-17-2021_1559
859,0.0,0.0,0.0,0.0,1,0.0,0.0,0.0,0.0,0.0,0.0,0.0,0.0,1.0,0.0,500,400000,0.004999999888241291,30,True,1.0,0.6666666865348816,0.0,0.0,0.0,0.0,1.0,0.0,0.0,0.0,0.0,0.0,0.0,0.0,0.0,1.0,30.0,39.8,39.799999999999955,50,12489,125000,jul-17-2021_1559
860,0.0,0.0,0.0,0.0,1,0.0,0.0,0.0,0.0,0.0,0.0,0.0,0.0,1.0,0.0,500,400000,0.004999999888241291,30,True,1.0,1.0,0.0,0.0,0.0,0.0,1.0,0.0,0.0,0.0,0.0,0.0,0.0,0.0,0.0,1.0,30.0,32.756,32.75599999999997,45,10156,145000,jul-17-2021_1559
861,0.0,0.0,0.0,0.0,1,0.0,0.0,0.0,0.0,0.0,0.0,0.0,0.0,1.0,0.0,500,400000,0.004999999888241291,30,True,1.3333333730697632,-1.0,0.0,0.0,0.0,0.0,1.0,0.0,0.0,0.0,0.0,0.0,0.0,0.0,0.0,0.0,0.0,0.0,54.47199999999998,56,69207,285000,jul-17-2021_1559
862,0.0,0.0,0.0,0.0,1,0.0,0.0,0.0,0.0,0.0,0.0,0.0,0.0,1.0,0.0,500,400000,0.004999999888241291,30,True,1.3333333730697632,-0.6666666865348816,0.0,0.0,0.0,0.0,1.0,0.0,0.0,0.0,0.0,0.0,0.0,0.0,0.0,0.0,0.0,0.0,55.952,51,74548,220000,jul-17-2021_1559
863,0.0,0.0,0.0,0.0,1,0.0,0.0,0.0,0.0,0.0,0.0,0.0,0.0,1.0,0.0,500,400000,0.004999999888241291,30,True,1.3333333730697632,-0.3333333432674408,0.0,0.0,0.0,0.0,1.0,0.0,0.0,0.0,0.0,0.0,0.0,0.0,0.0,0.762,23.116000147223474,46.03676888721651,51.168000000000006,52,31626,399999,jul-17-2021_1600
864,0.0,0.0,0.0,0.0,1,0.0,0.0,0.0,0.0,0.0,0.0,0.0,0.0,1.0,0.0,500,400000,0.004999999888241291,30,True,1.3333333730697632,0.0,0.0,0.0,0.0,0.0,1.0,0.0,0.0,0.0,0.0,0.0,0.0,0.0,0.0,1.0,30.0,48.264,48.26400000000001,57,23382,345000,jul-17-2021_1600
865,0.0,0.0,0.0,0.0,1,0.0,0.0,0.0,0.0,0.0,0.0,0.0,0.0,1.0,0.0,500,400000,0.004999999888241291,30,True,1.3333333730697632,0.3333333432674408,0.0,0.0,0.0,0.0,1.0,0.0,0.0,0.0,0.0,0.0,0.0,0.0,0.0,1.0,30.0,32.432,32.432000000000016,45,9771,145000,jul-17-2021_1600
866,0.0,0.0,0.0,0.0,1,0.0,0.0,0.0,0.0,0.0,0.0,0.0,0.0,1.0,0.0,500,400000,0.004999999888241291,30,True,1.3333333730697632,0.6666666865348816,0.0,0.0,0.0,0.0,1.0,0.0,0.0,0.0,0.0,0.0,0.0,0.0,0.0,1.0,30.0,26.296,26.29600000000005,43,5465,100000,jul-17-2021_1600
867,0.0,0.0,0.0,0.0,1,0.0,0.0,0.0,0.0,0.0,0.0,0.0,0.0,1.0,0.0,500,400000,0.004999999888241291,30,True,1.3333333730697632,1.0,0.0,0.0,0.0,0.0,1.0,0.0,0.0,0.0,0.0,0.0,0.0,0.0,0.0,1.0,30.0,26.016,26.015999999999963,43,6544,90000,jul-17-2021_1600
868,0.0,0.0,0.0,0.0,1,0.0,0.0,0.0,0.0,0.0,0.0,0.0,0.0,1.0,0.0,500,400000,0.004999999888241291,30,True,1.6666666269302368,-1.0,0.0,0.0,0.0,0.0,1.0,0.0,0.0,0.0,0.0,0.0,0.0,0.0,0.0,0.0,0.0,0.0,56.55600000000004,53,91436,265000,jul-17-2021_1600
869,0.0,0.0,0.0,0.0,1,0.0,0.0,0.0,0.0,0.0,0.0,0.0,0.0,1.0,0.0,500,400000,0.004999999888241291,30,True,1.6666666269302368,-0.6666666865348816,0.0,0.0,0.0,0.0,1.0,0.0,0.0,0.0,0.0,0.0,0.0,0.0,0.0,0.054,1.6239999182224274,16.08173568550323,54.29200000000003,51,125341,399999,jul-17-2021_1600
870,0.0,0.0,0.0,0.0,1,0.0,0.0,0.0,0.0,0.0,0.0,0.0,0.0,1.0,0.0,500,400000,0.004999999888241291,30,True,1.6666666269302368,-0.3333333432674408,0.0,0.0,0.0,0.0,1.0,0.0,0.0,0.0,0.0,0.0,0.0,0.0,0.0,1.0,30.0,56.088,56.087999999999965,57,46149,285000,jul-17-2021_1600
871,0.0,0.0,0.0,0.0,1,0.0,0.0,0.0,0.0,0.0,0.0,0.0,0.0,1.0,0.0,500,400000,0.004999999888241291,30,True,1.6666666269302368,0.0,0.0,0.0,0.0,0.0,1.0,0.0,0.0,0.0,0.0,0.0,0.0,0.0,0.0,1.0,30.0,37.556,37.55600000000004,48,12862,145000,jul-17-2021_1601
872,0.0,0.0,0.0,0.0,1,0.0,0.0,0.0,0.0,0.0,0.0,0.0,0.0,1.0,0.0,500,400000,0.004999999888241291,30,True,1.6666666269302368,0.3333333432674408,0.0,0.0,0.0,0.0,1.0,0.0,0.0,0.0,0.0,0.0,0.0,0.0,0.0,0.738,27.899999841332434,68.83266283819692,56.168000000000006,57,26676,399999,jul-17-2021_1601
873,0.0,0.0,0.0,0.0,1,0.0,0.0,0.0,0.0,0.0,0.0,0.0,0.0,1.0,0.0,500,400000,0.004999999888241291,30,True,1.6666666269302368,0.6666666865348816,0.0,0.0,0.0,0.0,1.0,0.0,0.0,0.0,0.0,0.0,0.0,0.0,0.0,0.724,29.684666553616523,66.30078377893695,55.379999999999995,55,29254,399999,jul-17-2021_1601
874,0.0,0.0,0.0,0.0,1,0.0,0.0,0.0,0.0,0.0,0.0,0.0,0.0,1.0,0.0,500,400000,0.004999999888241291,30,True,1.6666666269302368,1.0,0.0,0.0,0.0,0.0,1.0,0.0,0.0,0.0,0.0,0.0,0.0,0.0,0.0,0.872,31.591999874591828,70.73708855235726,50.111999999999966,53,26502,399999,jul-17-2021_1601
875,0.0,0.0,0.0,0.0,1,0.0,0.0,0.0,0.0,0.0,0.0,0.0,0.0,1.0,0.0,500,400000,0.004999999888241291,30,True,2.0,-1.0,0.0,0.0,0.0,0.0,1.0,0.0,0.0,0.0,0.0,0.0,0.0,0.0,0.0,0.0,0.0,0.0,50.75199999999995,55,62748,205000,jul-17-2021_1601
876,0.0,0.0,0.0,0.0,1,0.0,0.0,0.0,0.0,0.0,0.0,0.0,0.0,1.0,0.0,500,400000,0.004999999888241291,30,True,2.0,-0.6666666865348816,0.0,0.0,0.0,0.0,1.0,0.0,0.0,0.0,0.0,0.0,0.0,0.0,0.0,0.0,0.0,0.0,52.01999999999998,51,90159,245000,jul-17-2021_1601
877,0.0,0.0,0.0,0.0,1,0.0,0.0,0.0,0.0,0.0,0.0,0.0,0.0,1.0,0.0,500,400000,0.004999999888241291,30,True,2.0,-0.3333333432674408,0.0,0.0,0.0,0.0,1.0,0.0,0.0,0.0,0.0,0.0,0.0,0.0,0.0,0.454,18.601999929487704,112.7840416994864,54.15999999999997,54,84836,399999,jul-17-2021_1602
878,0.0,0.0,0.0,0.0,1,0.0,0.0,0.0,0.0,0.0,0.0,0.0,0.0,1.0,0.0,500,400000,0.004999999888241291,30,True,2.0,0.0,0.0,0.0,0.0,0.0,1.0,0.0,0.0,0.0,0.0,0.0,0.0,0.0,0.0,0.362,17.72,54.337599999999995,53.539999999999964,52,61593,399999,jul-17-2021_1602
879,0.0,0.0,0.0,0.0,1,0.0,0.0,0.0,0.0,0.0,0.0,0.0,0.0,1.0,0.0,500,400000,0.004999999888241291,30,True,2.0,0.3333333432674408,0.0,0.0,0.0,0.0,1.0,0.0,0.0,0.0,0.0,0.0,0.0,0.0,0.0,0.454,23.42933340418339,56.93300588803875,52.16399999999999,56,71862,399999,jul-17-2021_1602
880,0.0,0.0,0.0,0.0,1,0.0,0.0,0.0,0.0,0.0,0.0,0.0,0.0,1.0,0.0,500,400000,0.004999999888241291,30,True,2.0,0.6666666865348816,0.0,0.0,0.0,0.0,1.0,0.0,0.0,0.0,0.0,0.0,0.0,0.0,0.0,0.756,31.71866677093506,107.55818439347246,50.403999999999996,55,23739,399999,jul-17-2021_1602
881,0.0,0.0,0.0,0.0,1,0.0,0.0,0.0,0.0,0.0,0.0,0.0,0.0,1.0,0.0,500,400000,0.004999999888241291,30,True,2.0,1.0,0.0,0.0,0.0,0.0,1.0,0.0,0.0,0.0,0.0,0.0,0.0,0.0,0.0,0.556,31.04,71.7024,53.591999999999985,54,38471,399999,jul-17-2021_1602
882,0.0,0.0,0.0,0.0,1,0.0,0.0,0.0,0.0,0.0,0.0,0.0,0.0,1.0,0.0,500,400000,0.004999999888241291,30,True,0.0,-1.0,0.0,0.0,0.0,0.0,1.0,0.0,0.0,0.0,0.0,0.0,0.0,0.0,0.0,1.0,30.0,55.352,55.351999999999975,53,101162,370000,jul-17-2021_1603
883,0.0,0.0,0.0,0.0,1,0.0,0.0,0.0,0.0,0.0,0.0,0.0,0.0,1.0,0.0,500,400000,0.004999999888241291,30,True,0.0,-0.6666666865348816,0.0,0.0,0.0,0.0,1.0,0.0,0.0,0.0,0.0,0.0,0.0,0.0,0.0,1.0,30.0,32.412,32.412000000000035,47,7733,150000,jul-17-2021_1603
884,0.0,0.0,0.0,0.0,1,0.0,0.0,0.0,0.0,0.0,0.0,0.0,0.0,1.0,0.0,500,400000,0.004999999888241291,30,True,0.0,-0.3333333432674408,0.0,0.0,0.0,0.0,1.0,0.0,0.0,0.0,0.0,0.0,0.0,0.0,0.0,1.0,30.0,28.912,28.912000000000035,45,6122,105000,jul-17-2021_1603
885,0.0,0.0,0.0,0.0,1,0.0,0.0,0.0,0.0,0.0,0.0,0.0,0.0,1.0,0.0,500,400000,0.004999999888241291,30,True,0.0,0.0,0.0,0.0,0.0,0.0,1.0,0.0,0.0,0.0,0.0,0.0,0.0,0.0,0.0,1.0,30.0,29.36,29.360000000000014,48,7794,180000,jul-17-2021_1603
886,0.0,0.0,0.0,0.0,1,0.0,0.0,0.0,0.0,0.0,0.0,0.0,0.0,1.0,0.0,500,400000,0.004999999888241291,30,True,0.0,0.3333333432674408,0.0,0.0,0.0,0.0,1.0,0.0,0.0,0.0,0.0,0.0,0.0,0.0,0.0,1.0,30.0,22.5,22.5,41,4987,90000,jul-17-2021_1603
887,0.0,0.0,0.0,0.0,1,0.0,0.0,0.0,0.0,0.0,0.0,0.0,0.0,1.0,0.0,500,400000,0.004999999888241291,30,True,0.0,0.6666666865348816,0.0,0.0,0.0,0.0,1.0,0.0,0.0,0.0,0.0,0.0,0.0,0.0,0.0,1.0,30.0,20.188,20.187999999999988,44,4576,75000,jul-17-2021_1603
888,0.0,0.0,0.0,0.0,1,0.0,0.0,0.0,0.0,0.0,0.0,0.0,0.0,1.0,0.0,500,400000,0.004999999888241291,30,True,0.0,1.0,0.0,0.0,0.0,0.0,1.0,0.0,0.0,0.0,0.0,0.0,0.0,0.0,0.0,1.0,30.0,13.624,13.624000000000024,42,3138,80000,jul-17-2021_1603
889,0.0,0.0,0.0,0.0,1,0.0,0.0,0.0,0.0,0.0,0.0,0.0,0.0,1.0,0.0,500,400000,0.004999999888241291,30,True,0.3333333432674408,-1.0,0.0,0.0,0.0,0.0,1.0,0.0,0.0,0.0,0.0,0.0,0.0,0.0,0.0,1.0,30.0,25.368,25.368000000000052,47,5093,85000,jul-17-2021_1603
890,0.0,0.0,0.0,0.0,1,0.0,0.0,0.0,0.0,0.0,0.0,0.0,0.0,1.0,0.0,500,400000,0.004999999888241291,30,True,0.3333333432674408,-0.6666666865348816,0.0,0.0,0.0,0.0,1.0,0.0,0.0,0.0,0.0,0.0,0.0,0.0,0.0,1.0,30.0,55.384,55.384000000000015,52,58557,350000,jul-17-2021_1603
891,0.0,0.0,0.0,0.0,1,0.0,0.0,0.0,0.0,0.0,0.0,0.0,0.0,1.0,0.0,500,400000,0.004999999888241291,30,True,0.3333333432674408,-0.3333333432674408,0.0,0.0,0.0,0.0,1.0,0.0,0.0,0.0,0.0,0.0,0.0,0.0,0.0,1.0,30.0,32.116,32.115999999999985,48,8208,105000,jul-17-2021_1603
892,0.0,0.0,0.0,0.0,1,0.0,0.0,0.0,0.0,0.0,0.0,0.0,0.0,1.0,0.0,500,400000,0.004999999888241291,30,True,0.3333333432674408,0.0,0.0,0.0,0.0,0.0,1.0,0.0,0.0,0.0,0.0,0.0,0.0,0.0,0.0,1.0,30.0,26.504,26.50400000000002,44,5584,135000,jul-17-2021_1603
893,0.0,0.0,0.0,0.0,1,0.0,0.0,0.0,0.0,0.0,0.0,0.0,0.0,1.0,0.0,500,400000,0.004999999888241291,30,True,0.3333333432674408,0.3333333432674408,0.0,0.0,0.0,0.0,1.0,0.0,0.0,0.0,0.0,0.0,0.0,0.0,0.0,1.0,30.0,33.796,33.79600000000005,44,8090,150000,jul-17-2021_1603
894,0.0,0.0,0.0,0.0,1,0.0,0.0,0.0,0.0,0.0,0.0,0.0,0.0,1.0,0.0,500,400000,0.004999999888241291,30,True,0.3333333432674408,0.6666666865348816,0.0,0.0,0.0,0.0,1.0,0.0,0.0,0.0,0.0,0.0,0.0,0.0,0.0,1.0,30.0,26.252,26.251999999999953,47,5793,85000,jul-17-2021_1603
895,0.0,0.0,0.0,0.0,1,0.0,0.0,0.0,0.0,0.0,0.0,0.0,0.0,1.0,0.0,500,400000,0.004999999888241291,30,True,0.3333333432674408,1.0,0.0,0.0,0.0,0.0,1.0,0.0,0.0,0.0,0.0,0.0,0.0,0.0,0.0,1.0,30.0,15.348,15.347999999999956,42,3174,50000,jul-17-2021_1603
896,0.0,0.0,0.0,0.0,1,0.0,0.0,0.0,0.0,0.0,0.0,0.0,0.0,1.0,0.0,500,400000,0.004999999888241291,30,True,0.6666666865348816,-1.0,0.0,0.0,0.0,0.0,1.0,0.0,0.0,0.0,0.0,0.0,0.0,0.0,0.0,1.0,30.0,28.428,28.427999999999997,46,7438,135000,jul-17-2021_1603
897,0.0,0.0,0.0,0.0,1,0.0,0.0,0.0,0.0,0.0,0.0,0.0,0.0,1.0,0.0,500,400000,0.004999999888241291,30,True,0.6666666865348816,-0.6666666865348816,0.0,0.0,0.0,0.0,1.0,0.0,0.0,0.0,0.0,0.0,0.0,0.0,0.0,1.0,30.0,37.884,37.884000000000015,49,10391,140000,jul-17-2021_1603
898,0.0,0.0,0.0,0.0,1,0.0,0.0,0.0,0.0,0.0,0.0,0.0,0.0,1.0,0.0,500,400000,0.004999999888241291,30,True,0.6666666865348816,-0.3333333432674408,0.0,0.0,0.0,0.0,1.0,0.0,0.0,0.0,0.0,0.0,0.0,0.0,0.0,1.0,30.0,36.972,36.97199999999998,44,9218,115000,jul-17-2021_1603
899,0.0,0.0,0.0,0.0,1,0.0,0.0,0.0,0.0,0.0,0.0,0.0,0.0,1.0,0.0,500,400000,0.004999999888241291,30,True,0.6666666865348816,0.0,0.0,0.0,0.0,0.0,1.0,0.0,0.0,0.0,0.0,0.0,0.0,0.0,0.0,1.0,30.0,39.436,39.436000000000035,47,12095,120000,jul-17-2021_1603
900,0.0,0.0,0.0,0.0,1,0.0,0.0,0.0,0.0,0.0,0.0,0.0,0.0,1.0,0.0,500,400000,0.004999999888241291,30,True,0.6666666865348816,0.3333333432674408,0.0,0.0,0.0,0.0,1.0,0.0,0.0,0.0,0.0,0.0,0.0,0.0,0.0,1.0,30.0,26.012,26.011999999999944,44,6413,90000,jul-17-2021_1603
901,0.0,0.0,0.0,0.0,1,0.0,0.0,0.0,0.0,0.0,0.0,0.0,0.0,1.0,0.0,500,400000,0.004999999888241291,30,True,0.6666666865348816,0.6666666865348816,0.0,0.0,0.0,0.0,1.0,0.0,0.0,0.0,0.0,0.0,0.0,0.0,0.0,1.0,30.0,37.416,37.416000000000054,49,9376,145000,jul-17-2021_1604
902,0.0,0.0,0.0,0.0,1,0.0,0.0,0.0,0.0,0.0,0.0,0.0,0.0,1.0,0.0,500,400000,0.004999999888241291,30,True,0.6666666865348816,1.0,0.0,0.0,0.0,0.0,1.0,0.0,0.0,0.0,0.0,0.0,0.0,0.0,0.0,1.0,30.0,23.896,23.895999999999958,43,5969,130000,jul-17-2021_1604
903,0.0,0.0,0.0,0.0,1,0.0,0.0,0.0,0.0,0.0,0.0,0.0,0.0,1.0,0.0,500,400000,0.004999999888241291,30,True,1.0,-1.0,0.0,0.0,0.0,0.0,1.0,0.0,0.0,0.0,0.0,0.0,0.0,0.0,0.0,1.0,30.0,51.648,51.648000000000025,48,21163,350000,jul-17-2021_1604
904,0.0,0.0,0.0,0.0,1,0.0,0.0,0.0,0.0,0.0,0.0,0.0,0.0,1.0,0.0,500,400000,0.004999999888241291,30,True,1.0,-0.6666666865348816,0.0,0.0,0.0,0.0,1.0,0.0,0.0,0.0,0.0,0.0,0.0,0.0,0.0,0.0,0.0,0.0,52.115999999999985,59,101525,280000,jul-17-2021_1604
905,0.0,0.0,0.0,0.0,1,0.0,0.0,0.0,0.0,0.0,0.0,0.0,0.0,1.0,0.0,500,400000,0.004999999888241291,30,True,1.0,-0.3333333432674408,0.0,0.0,0.0,0.0,1.0,0.0,0.0,0.0,0.0,0.0,0.0,0.0,0.0,1.0,30.0,31.744,31.744000000000028,46,7389,125000,jul-17-2021_1604
906,0.0,0.0,0.0,0.0,1,0.0,0.0,0.0,0.0,0.0,0.0,0.0,0.0,1.0,0.0,500,400000,0.004999999888241291,30,True,1.0,0.0,0.0,0.0,0.0,0.0,1.0,0.0,0.0,0.0,0.0,0.0,0.0,0.0,0.0,1.0,30.0,33.932,33.932000000000016,48,8881,125000,jul-17-2021_1604
907,0.0,0.0,0.0,0.0,1,0.0,0.0,0.0,0.0,0.0,0.0,0.0,0.0,1.0,0.0,500,400000,0.004999999888241291,30,True,1.0,0.3333333432674408,0.0,0.0,0.0,0.0,1.0,0.0,0.0,0.0,0.0,0.0,0.0,0.0,0.0,1.0,30.0,38.712,38.71199999999999,54,11584,150000,jul-17-2021_1604
908,0.0,0.0,0.0,0.0,1,0.0,0.0,0.0,0.0,0.0,0.0,0.0,0.0,1.0,0.0,500,400000,0.004999999888241291,30,True,1.0,0.6666666865348816,0.0,0.0,0.0,0.0,1.0,0.0,0.0,0.0,0.0,0.0,0.0,0.0,0.0,1.0,30.0,48.828,48.827999999999975,56,19357,375000,jul-17-2021_1604
909,0.0,0.0,0.0,0.0,1,0.0,0.0,0.0,0.0,0.0,0.0,0.0,0.0,1.0,0.0,500,400000,0.004999999888241291,30,True,1.0,1.0,0.0,0.0,0.0,0.0,1.0,0.0,0.0,0.0,0.0,0.0,0.0,0.0,0.0,1.0,30.0,31.1,31.100000000000023,46,6299,120000,jul-17-2021_1604
910,0.0,0.0,0.0,0.0,1,0.0,0.0,0.0,0.0,0.0,0.0,0.0,0.0,1.0,0.0,500,400000,0.004999999888241291,30,True,1.3333333730697632,-1.0,0.0,0.0,0.0,0.0,1.0,0.0,0.0,0.0,0.0,0.0,0.0,0.0,0.0,0.0,0.0,0.0,60.011999999999944,55,104502,305000,jul-17-2021_1605
911,0.0,0.0,0.0,0.0,1,0.0,0.0,0.0,0.0,0.0,0.0,0.0,0.0,1.0,0.0,500,400000,0.004999999888241291,30,True,1.3333333730697632,-0.6666666865348816,0.0,0.0,0.0,0.0,1.0,0.0,0.0,0.0,0.0,0.0,0.0,0.0,0.0,0.324,7.664000124454498,67.6604432590963,59.799999999999955,54,59578,399999,jul-17-2021_1605
912,0.0,0.0,0.0,0.0,1,0.0,0.0,0.0,0.0,0.0,0.0,0.0,0.0,1.0,0.0,500,400000,0.004999999888241291,30,True,1.3333333730697632,-0.3333333432674408,0.0,0.0,0.0,0.0,1.0,0.0,0.0,0.0,0.0,0.0,0.0,0.0,0.0,0.774,23.326000147879125,53.80372740154115,58.139999999999986,51,40425,399999,jul-17-2021_1605
913,0.0,0.0,0.0,0.0,1,0.0,0.0,0.0,0.0,0.0,0.0,0.0,0.0,1.0,0.0,500,400000,0.004999999888241291,30,True,1.3333333730697632,0.0,0.0,0.0,0.0,0.0,1.0,0.0,0.0,0.0,0.0,0.0,0.0,0.0,0.0,0.56,19.546666947841643,33.48649101429421,53.988000000000056,53,129561,399999,jul-17-2021_1605
914,0.0,0.0,0.0,0.0,1,0.0,0.0,0.0,0.0,0.0,0.0,0.0,0.0,1.0,0.0,500,400000,0.004999999888241291,30,True,1.3333333730697632,0.3333333432674408,0.0,0.0,0.0,0.0,1.0,0.0,0.0,0.0,0.0,0.0,0.0,0.0,0.0,1.0,30.0,43.344,43.34400000000005,47,16133,330000,jul-17-2021_1605
915,0.0,0.0,0.0,0.0,1,0.0,0.0,0.0,0.0,0.0,0.0,0.0,0.0,1.0,0.0,500,400000,0.004999999888241291,30,True,1.3333333730697632,0.6666666865348816,0.0,0.0,0.0,0.0,1.0,0.0,0.0,0.0,0.0,0.0,0.0,0.0,0.0,0.986,29.992000024199484,51.75638078118728,50.89999999999998,55,22666,399999,jul-17-2021_1606
916,0.0,0.0,0.0,0.0,1,0.0,0.0,0.0,0.0,0.0,0.0,0.0,0.0,1.0,0.0,500,400000,0.004999999888241291,30,True,1.3333333730697632,1.0,0.0,0.0,0.0,0.0,1.0,0.0,0.0,0.0,0.0,0.0,0.0,0.0,0.0,1.0,30.0,44.024,44.024,48,16060,225000,jul-17-2021_1606
917,0.0,0.0,0.0,0.0,1,0.0,0.0,0.0,0.0,0.0,0.0,0.0,0.0,1.0,0.0,500,400000,0.004999999888241291,30,True,1.6666666269302368,-1.0,0.0,0.0,0.0,0.0,1.0,0.0,0.0,0.0,0.0,0.0,0.0,0.0,0.0,0.0,0.0,0.0,58.39599999999996,55,54625,205000,jul-17-2021_1606
918,0.0,0.0,0.0,0.0,1,0.0,0.0,0.0,0.0,0.0,0.0,0.0,0.0,1.0,0.0,500,400000,0.004999999888241291,30,True,1.6666666269302368,-0.6666666865348816,0.0,0.0,0.0,0.0,1.0,0.0,0.0,0.0,0.0,0.0,0.0,0.0,0.0,0.0,0.0,0.0,52.847999999999956,51,71689,260000,jul-17-2021_1606
919,0.0,0.0,0.0,0.0,1,0.0,0.0,0.0,0.0,0.0,0.0,0.0,0.0,1.0,0.0,500,400000,0.004999999888241291,30,True,1.6666666269302368,-0.3333333432674408,0.0,0.0,0.0,0.0,1.0,0.0,0.0,0.0,0.0,0.0,0.0,0.0,0.0,0.0,0.0,0.0,56.20399999999995,53,57837,180000,jul-17-2021_1606
920,0.0,0.0,0.0,0.0,1,0.0,0.0,0.0,0.0,0.0,0.0,0.0,0.0,1.0,0.0,500,400000,0.004999999888241291,30,True,1.6666666269302368,0.0,0.0,0.0,0.0,0.0,1.0,0.0,0.0,0.0,0.0,0.0,0.0,0.0,0.0,0.478,19.536666385412214,48.82243022625137,55.011999999999944,54,40170,399999,jul-17-2021_1606
921,0.0,0.0,0.0,0.0,1,0.0,0.0,0.0,0.0,0.0,0.0,0.0,0.0,1.0,0.0,500,400000,0.004999999888241291,30,True,1.6666666269302368,0.3333333432674408,0.0,0.0,0.0,0.0,1.0,0.0,0.0,0.0,0.0,0.0,0.0,0.0,0.0,0.722,27.39199983292818,65.45922078914893,50.0,50,39473,399999,jul-17-2021_1606
922,0.0,0.0,0.0,0.0,1,0.0,0.0,0.0,0.0,0.0,0.0,0.0,0.0,1.0,0.0,500,400000,0.004999999888241291,30,True,1.6666666269302368,0.6666666865348816,0.0,0.0,0.0,0.0,1.0,0.0,0.0,0.0,0.0,0.0,0.0,0.0,0.0,1.0,30.0,40.616,40.615999999999985,48,13702,235000,jul-17-2021_1606
923,0.0,0.0,0.0,0.0,1,0.0,0.0,0.0,0.0,0.0,0.0,0.0,0.0,1.0,0.0,500,400000,0.004999999888241291,30,True,1.6666666269302368,1.0,0.0,0.0,0.0,0.0,1.0,0.0,0.0,0.0,0.0,0.0,0.0,0.0,0.0,1.0,30.0,47.44,47.440000000000055,55,17074,270000,jul-17-2021_1607
924,0.0,0.0,0.0,0.0,1,0.0,0.0,0.0,0.0,0.0,0.0,0.0,0.0,1.0,0.0,500,400000,0.004999999888241291,30,True,2.0,-1.0,0.0,0.0,0.0,0.0,1.0,0.0,0.0,0.0,0.0,0.0,0.0,0.0,0.0,0.0,0.0,0.0,51.30799999999999,60,34786,90000,jul-17-2021_1607
925,0.0,0.0,0.0,0.0,1,0.0,0.0,0.0,0.0,0.0,0.0,0.0,0.0,1.0,0.0,500,400000,0.004999999888241291,30,True,2.0,-0.6666666865348816,0.0,0.0,0.0,0.0,1.0,0.0,0.0,0.0,0.0,0.0,0.0,0.0,0.0,0.0,0.0,0.0,60.41999999999996,52,58661,145000,jul-17-2021_1607
926,0.0,0.0,0.0,0.0,1,0.0,0.0,0.0,0.0,0.0,0.0,0.0,0.0,1.0,0.0,500,400000,0.004999999888241291,30,True,2.0,-0.3333333432674408,0.0,0.0,0.0,0.0,1.0,0.0,0.0,0.0,0.0,0.0,0.0,0.0,0.0,0.196,9.026666621685028,41.8361786469608,51.53200000000004,52,114447,399999,jul-17-2021_1607
927,0.0,0.0,0.0,0.0,1,0.0,0.0,0.0,0.0,0.0,0.0,0.0,0.0,1.0,0.0,500,400000,0.004999999888241291,30,True,2.0,0.0,0.0,0.0,0.0,0.0,1.0,0.0,0.0,0.0,0.0,0.0,0.0,0.0,0.0,0.576,24.628,111.92161599999999,54.05600000000004,54,49481,399999,jul-17-2021_1607
928,0.0,0.0,0.0,0.0,1,0.0,0.0,0.0,0.0,0.0,0.0,0.0,0.0,1.0,0.0,500,400000,0.004999999888241291,30,True,2.0,0.3333333432674408,0.0,0.0,0.0,0.0,1.0,0.0,0.0,0.0,0.0,0.0,0.0,0.0,0.0,1.0,30.0,41.536,41.535999999999945,50,16752,245000,jul-17-2021_1607
929,0.0,0.0,0.0,0.0,1,0.0,0.0,0.0,0.0,0.0,0.0,0.0,0.0,1.0,0.0,500,400000,0.004999999888241291,30,True,2.0,0.6666666865348816,0.0,0.0,0.0,0.0,1.0,0.0,0.0,0.0,0.0,0.0,0.0,0.0,0.0,0.742,31.56933344233036,117.28163684613706,56.639999999999986,55,44317,399999,jul-17-2021_1608
930,0.0,0.0,0.0,0.0,1,0.0,0.0,0.0,0.0,0.0,0.0,0.0,0.0,1.0,0.0,500,400000,0.004999999888241291,30,True,2.0,1.0,0.0,0.0,0.0,0.0,1.0,0.0,0.0,0.0,0.0,0.0,0.0,0.0,0.0,0.958,31.156,94.65566399999999,49.34000000000003,52,27140,399999,jul-17-2021_1608
931,0.0,0.0,0.0,0.0,1,0.0,0.0,0.0,0.0,0.0,0.0,0.0,0.0,1.0,0.0,500,400000,0.004999999888241291,30,True,0.0,-1.0,0.0,0.0,0.0,0.0,1.0,0.0,0.0,0.0,0.0,0.0,0.0,0.0,0.0,1.0,30.0,25.36,25.360000000000014,44,5111,90000,jul-17-2021_1608
932,0.0,0.0,0.0,0.0,1,0.0,0.0,0.0,0.0,0.0,0.0,0.0,0.0,1.0,0.0,500,400000,0.004999999888241291,30,True,0.0,-0.6666666865348816,0.0,0.0,0.0,0.0,1.0,0.0,0.0,0.0,0.0,0.0,0.0,0.0,0.0,1.0,30.0,44.516,44.51599999999996,53,14790,125000,jul-17-2021_1608
933,0.0,0.0,0.0,0.0,1,0.0,0.0,0.0,0.0,0.0,0.0,0.0,0.0,1.0,0.0,500,400000,0.004999999888241291,30,True,0.0,-0.3333333432674408,0.0,0.0,0.0,0.0,1.0,0.0,0.0,0.0,0.0,0.0,0.0,0.0,0.0,1.0,30.0,40.484,40.48400000000004,49,12278,165000,jul-17-2021_1608
934,0.0,0.0,0.0,0.0,1,0.0,0.0,0.0,0.0,0.0,0.0,0.0,0.0,1.0,0.0,500,400000,0.004999999888241291,30,True,0.0,0.0,0.0,0.0,0.0,0.0,1.0,0.0,0.0,0.0,0.0,0.0,0.0,0.0,0.0,1.0,30.0,25.984,25.984000000000037,44,5711,80000,jul-17-2021_1608
935,0.0,0.0,0.0,0.0,1,0.0,0.0,0.0,0.0,0.0,0.0,0.0,0.0,1.0,0.0,500,400000,0.004999999888241291,30,True,0.0,0.3333333432674408,0.0,0.0,0.0,0.0,1.0,0.0,0.0,0.0,0.0,0.0,0.0,0.0,0.0,1.0,30.0,22.376,22.375999999999976,42,5066,75000,jul-17-2021_1608
936,0.0,0.0,0.0,0.0,1,0.0,0.0,0.0,0.0,0.0,0.0,0.0,0.0,1.0,0.0,500,400000,0.004999999888241291,30,True,0.0,0.6666666865348816,0.0,0.0,0.0,0.0,1.0,0.0,0.0,0.0,0.0,0.0,0.0,0.0,0.0,1.0,30.0,20.94,20.940000000000055,43,4502,95000,jul-17-2021_1608
937,0.0,0.0,0.0,0.0,1,0.0,0.0,0.0,0.0,0.0,0.0,0.0,0.0,1.0,0.0,500,400000,0.004999999888241291,30,True,0.0,1.0,0.0,0.0,0.0,0.0,1.0,0.0,0.0,0.0,0.0,0.0,0.0,0.0,0.0,1.0,30.0,21.804,21.803999999999974,45,4869,75000,jul-17-2021_1608
938,0.0,0.0,0.0,0.0,1,0.0,0.0,0.0,0.0,0.0,0.0,0.0,0.0,1.0,0.0,500,400000,0.004999999888241291,30,True,0.3333333432674408,-1.0,0.0,0.0,0.0,0.0,1.0,0.0,0.0,0.0,0.0,0.0,0.0,0.0,0.0,1.0,30.0,39.976,39.976,48,13460,140000,jul-17-2021_1608
939,0.0,0.0,0.0,0.0,1,0.0,0.0,0.0,0.0,0.0,0.0,0.0,0.0,1.0,0.0,500,400000,0.004999999888241291,30,True,0.3333333432674408,-0.6666666865348816,0.0,0.0,0.0,0.0,1.0,0.0,0.0,0.0,0.0,0.0,0.0,0.0,0.0,1.0,30.0,33.62,33.620000000000005,45,8216,145000,jul-17-2021_1608
940,0.0,0.0,0.0,0.0,1,0.0,0.0,0.0,0.0,0.0,0.0,0.0,0.0,1.0,0.0,500,400000,0.004999999888241291,30,True,0.3333333432674408,-0.3333333432674408,0.0,0.0,0.0,0.0,1.0,0.0,0.0,0.0,0.0,0.0,0.0,0.0,0.0,1.0,30.0,27.788,27.78800000000001,44,5508,125000,jul-17-2021_1608
941,0.0,0.0,0.0,0.0,1,0.0,0.0,0.0,0.0,0.0,0.0,0.0,0.0,1.0,0.0,500,400000,0.004999999888241291,30,True,0.3333333432674408,0.0,0.0,0.0,0.0,0.0,1.0,0.0,0.0,0.0,0.0,0.0,0.0,0.0,0.0,1.0,30.0,40.816,40.81600000000003,59,10834,160000,jul-17-2021_1608
942,0.0,0.0,0.0,0.0,1,0.0,0.0,0.0,0.0,0.0,0.0,0.0,0.0,1.0,0.0,500,400000,0.004999999888241291,30,True,0.3333333432674408,0.3333333432674408,0.0,0.0,0.0,0.0,1.0,0.0,0.0,0.0,0.0,0.0,0.0,0.0,0.0,1.0,30.0,16.872,16.871999999999957,42,3190,60000,jul-17-2021_1608
943,0.0,0.0,0.0,0.0,1,0.0,0.0,0.0,0.0,0.0,0.0,0.0,0.0,1.0,0.0,500,400000,0.004999999888241291,30,True,0.3333333432674408,0.6666666865348816,0.0,0.0,0.0,0.0,1.0,0.0,0.0,0.0,0.0,0.0,0.0,0.0,0.0,1.0,30.0,29.944,29.94399999999996,48,8068,110000,jul-17-2021_1608
944,0.0,0.0,0.0,0.0,1,0.0,0.0,0.0,0.0,0.0,0.0,0.0,0.0,1.0,0.0,500,400000,0.004999999888241291,30,True,0.3333333432674408,1.0,0.0,0.0,0.0,0.0,1.0,0.0,0.0,0.0,0.0,0.0,0.0,0.0,0.0,1.0,30.0,24.912,24.912000000000035,46,6073,105000,jul-17-2021_1608
945,0.0,0.0,0.0,0.0,1,0.0,0.0,0.0,0.0,0.0,0.0,0.0,0.0,1.0,0.0,500,400000,0.004999999888241291,30,True,0.6666666865348816,-1.0,0.0,0.0,0.0,0.0,1.0,0.0,0.0,0.0,0.0,0.0,0.0,0.0,0.0,1.0,30.0,47.552,47.55200000000002,53,20147,355000,jul-17-2021_1608
946,0.0,0.0,0.0,0.0,1,0.0,0.0,0.0,0.0,0.0,0.0,0.0,0.0,1.0,0.0,500,400000,0.004999999888241291,30,True,0.6666666865348816,-0.6666666865348816,0.0,0.0,0.0,0.0,1.0,0.0,0.0,0.0,0.0,0.0,0.0,0.0,0.0,1.0,30.0,53.172,53.172000000000025,51,21727,215000,jul-17-2021_1609
947,0.0,0.0,0.0,0.0,1,0.0,0.0,0.0,0.0,0.0,0.0,0.0,0.0,1.0,0.0,500,400000,0.004999999888241291,30,True,0.6666666865348816,-0.3333333432674408,0.0,0.0,0.0,0.0,1.0,0.0,0.0,0.0,0.0,0.0,0.0,0.0,0.0,1.0,30.0,24.96,24.960000000000036,46,6244,90000,jul-17-2021_1609
948,0.0,0.0,0.0,0.0,1,0.0,0.0,0.0,0.0,0.0,0.0,0.0,0.0,1.0,0.0,500,400000,0.004999999888241291,30,True,0.6666666865348816,0.0,0.0,0.0,0.0,0.0,1.0,0.0,0.0,0.0,0.0,0.0,0.0,0.0,0.0,1.0,30.0,23.308,23.307999999999993,45,5300,100000,jul-17-2021_1609
949,0.0,0.0,0.0,0.0,1,0.0,0.0,0.0,0.0,0.0,0.0,0.0,0.0,1.0,0.0,500,400000,0.004999999888241291,30,True,0.6666666865348816,0.3333333432674408,0.0,0.0,0.0,0.0,1.0,0.0,0.0,0.0,0.0,0.0,0.0,0.0,0.0,1.0,30.0,19.664,19.663999999999987,43,4691,80000,jul-17-2021_1609
950,0.0,0.0,0.0,0.0,1,0.0,0.0,0.0,0.0,0.0,0.0,0.0,0.0,1.0,0.0,500,400000,0.004999999888241291,30,True,0.6666666865348816,0.6666666865348816,0.0,0.0,0.0,0.0,1.0,0.0,0.0,0.0,0.0,0.0,0.0,0.0,0.0,1.0,30.0,29.888,29.888000000000034,48,7857,125000,jul-17-2021_1609
951,0.0,0.0,0.0,0.0,1,0.0,0.0,0.0,0.0,0.0,0.0,0.0,0.0,1.0,0.0,500,400000,0.004999999888241291,30,True,0.6666666865348816,1.0,0.0,0.0,0.0,0.0,1.0,0.0,0.0,0.0,0.0,0.0,0.0,0.0,0.0,1.0,30.0,30.196,30.196000000000026,45,8519,135000,jul-17-2021_1609
952,0.0,0.0,0.0,0.0,1,0.0,0.0,0.0,0.0,0.0,0.0,0.0,0.0,1.0,0.0,500,400000,0.004999999888241291,30,True,1.0,-1.0,0.0,0.0,0.0,0.0,1.0,0.0,0.0,0.0,0.0,0.0,0.0,0.0,0.0,1.0,30.0,37.528,37.52800000000002,51,10882,105000,jul-17-2021_1609
953,0.0,0.0,0.0,0.0,1,0.0,0.0,0.0,0.0,0.0,0.0,0.0,0.0,1.0,0.0,500,400000,0.004999999888241291,30,True,1.0,-0.6666666865348816,0.0,0.0,0.0,0.0,1.0,0.0,0.0,0.0,0.0,0.0,0.0,0.0,0.0,1.0,30.0,47.376,47.375999999999976,52,21310,165000,jul-17-2021_1609
954,0.0,0.0,0.0,0.0,1,0.0,0.0,0.0,0.0,0.0,0.0,0.0,0.0,1.0,0.0,500,400000,0.004999999888241291,30,True,1.0,-0.3333333432674408,0.0,0.0,0.0,0.0,1.0,0.0,0.0,0.0,0.0,0.0,0.0,0.0,0.0,1.0,30.0,29.6,29.600000000000023,47,7154,120000,jul-17-2021_1609
955,0.0,0.0,0.0,0.0,1,0.0,0.0,0.0,0.0,0.0,0.0,0.0,0.0,1.0,0.0,500,400000,0.004999999888241291,30,True,1.0,0.0,0.0,0.0,0.0,0.0,1.0,0.0,0.0,0.0,0.0,0.0,0.0,0.0,0.0,1.0,30.0,54.14,54.139999999999986,59,47914,380000,jul-17-2021_1609
956,0.0,0.0,0.0,0.0,1,0.0,0.0,0.0,0.0,0.0,0.0,0.0,0.0,1.0,0.0,500,400000,0.004999999888241291,30,True,1.0,0.3333333432674408,0.0,0.0,0.0,0.0,1.0,0.0,0.0,0.0,0.0,0.0,0.0,0.0,0.0,1.0,30.0,33.968,33.96799999999996,46,11096,130000,jul-17-2021_1609
957,0.0,0.0,0.0,0.0,1,0.0,0.0,0.0,0.0,0.0,0.0,0.0,0.0,1.0,0.0,500,400000,0.004999999888241291,30,True,1.0,0.6666666865348816,0.0,0.0,0.0,0.0,1.0,0.0,0.0,0.0,0.0,0.0,0.0,0.0,0.0,1.0,30.0,17.456,17.456000000000017,40,3331,60000,jul-17-2021_1609
958,0.0,0.0,0.0,0.0,1,0.0,0.0,0.0,0.0,0.0,0.0,0.0,0.0,1.0,0.0,500,400000,0.004999999888241291,30,True,1.0,1.0,0.0,0.0,0.0,0.0,1.0,0.0,0.0,0.0,0.0,0.0,0.0,0.0,0.0,1.0,30.0,39.792,39.79200000000003,47,10503,245000,jul-17-2021_1609
959,0.0,0.0,0.0,0.0,1,0.0,0.0,0.0,0.0,0.0,0.0,0.0,0.0,1.0,0.0,500,400000,0.004999999888241291,30,True,1.3333333730697632,-1.0,0.0,0.0,0.0,0.0,1.0,0.0,0.0,0.0,0.0,0.0,0.0,0.0,0.0,0.0,0.0,0.0,53.79600000000005,55,67653,200000,jul-17-2021_1609
960,0.0,0.0,0.0,0.0,1,0.0,0.0,0.0,0.0,0.0,0.0,0.0,0.0,1.0,0.0,500,400000,0.004999999888241291,30,True,1.3333333730697632,-0.6666666865348816,0.0,0.0,0.0,0.0,1.0,0.0,0.0,0.0,0.0,0.0,0.0,0.0,0.0,0.0,0.0,0.0,52.51999999999998,56,79674,220000,jul-17-2021_1610
961,0.0,0.0,0.0,0.0,1,0.0,0.0,0.0,0.0,0.0,0.0,0.0,0.0,1.0,0.0,500,400000,0.004999999888241291,30,True,1.3333333730697632,-0.3333333432674408,0.0,0.0,0.0,0.0,1.0,0.0,0.0,0.0,0.0,0.0,0.0,0.0,0.0,0.932,28.026000053822994,54.268436590428244,54.32000000000005,51,26643,399999,jul-17-2021_1610
962,0.0,0.0,0.0,0.0,1,0.0,0.0,0.0,0.0,0.0,0.0,0.0,0.0,1.0,0.0,500,400000,0.004999999888241291,30,True,1.3333333730697632,0.0,0.0,0.0,0.0,0.0,1.0,0.0,0.0,0.0,0.0,0.0,0.0,0.0,0.0,1.0,30.0,31.78,31.779999999999973,47,8414,260000,jul-17-2021_1610
963,0.0,0.0,0.0,0.0,1,0.0,0.0,0.0,0.0,0.0,0.0,0.0,0.0,1.0,0.0,500,400000,0.004999999888241291,30,True,1.3333333730697632,0.3333333432674408,0.0,0.0,0.0,0.0,1.0,0.0,0.0,0.0,0.0,0.0,0.0,0.0,0.0,1.0,30.0,47.472,47.47199999999998,53,15310,180000,jul-17-2021_1610
964,0.0,0.0,0.0,0.0,1,0.0,0.0,0.0,0.0,0.0,0.0,0.0,0.0,1.0,0.0,500,400000,0.004999999888241291,30,True,1.3333333730697632,0.6666666865348816,0.0,0.0,0.0,0.0,1.0,0.0,0.0,0.0,0.0,0.0,0.0,0.0,0.0,1.0,30.0,38.588,38.587999999999965,53,9581,275000,jul-17-2021_1610
965,0.0,0.0,0.0,0.0,1,0.0,0.0,0.0,0.0,0.0,0.0,0.0,0.0,1.0,0.0,500,400000,0.004999999888241291,30,True,1.3333333730697632,1.0,0.0,0.0,0.0,0.0,1.0,0.0,0.0,0.0,0.0,0.0,0.0,0.0,0.0,1.0,30.0,35.864,35.86400000000003,48,10185,150000,jul-17-2021_1610
966,0.0,0.0,0.0,0.0,1,0.0,0.0,0.0,0.0,0.0,0.0,0.0,0.0,1.0,0.0,500,400000,0.004999999888241291,30,True,1.6666666269302368,-1.0,0.0,0.0,0.0,0.0,1.0,0.0,0.0,0.0,0.0,0.0,0.0,0.0,0.0,0.0,0.0,0.0,59.77999999999997,52,63299,180000,jul-17-2021_1610
967,0.0,0.0,0.0,0.0,1,0.0,0.0,0.0,0.0,0.0,0.0,0.0,0.0,1.0,0.0,500,400000,0.004999999888241291,30,True,1.6666666269302368,-0.6666666865348816,0.0,0.0,0.0,0.0,1.0,0.0,0.0,0.0,0.0,0.0,0.0,0.0,0.0,0.326,10.115999621629715,93.47498771400029,55.115999999999985,52,35864,399999,jul-17-2021_1610
968,0.0,0.0,0.0,0.0,1,0.0,0.0,0.0,0.0,0.0,0.0,0.0,0.0,1.0,0.0,500,400000,0.004999999888241291,30,True,1.6666666269302368,-0.3333333432674408,0.0,0.0,0.0,0.0,1.0,0.0,0.0,0.0,0.0,0.0,0.0,0.0,0.0,0.036,1.4146666188836097,4.753829325105512,60.200000000000045,53,136253,399999,jul-17-2021_1611
969,0.0,0.0,0.0,0.0,1,0.0,0.0,0.0,0.0,0.0,0.0,0.0,0.0,1.0,0.0,500,400000,0.004999999888241291,30,True,1.6666666269302368,0.0,0.0,0.0,0.0,0.0,1.0,0.0,0.0,0.0,0.0,0.0,0.0,0.0,0.0,0.848,27.951333194494246,77.26851661374347,57.44399999999996,54,38572,399999,jul-17-2021_1611
970,0.0,0.0,0.0,0.0,1,0.0,0.0,0.0,0.0,0.0,0.0,0.0,0.0,1.0,0.0,500,400000,0.004999999888241291,30,True,1.6666666269302368,0.3333333432674408,0.0,0.0,0.0,0.0,1.0,0.0,0.0,0.0,0.0,0.0,0.0,0.0,0.0,1.0,30.0,46.068,46.067999999999984,54,20629,295000,jul-17-2021_1611
971,0.0,0.0,0.0,0.0,1,0.0,0.0,0.0,0.0,0.0,0.0,0.0,0.0,1.0,0.0,500,400000,0.004999999888241291,30,True,1.6666666269302368,0.6666666865348816,0.0,0.0,0.0,0.0,1.0,0.0,0.0,0.0,0.0,0.0,0.0,0.0,0.0,0.854,30.497333262205125,74.98332226345883,50.04399999999998,53,31255,399999,jul-17-2021_1611
972,0.0,0.0,0.0,0.0,1,0.0,0.0,0.0,0.0,0.0,0.0,0.0,0.0,1.0,0.0,500,400000,0.004999999888241291,30,True,1.6666666269302368,1.0,0.0,0.0,0.0,0.0,1.0,0.0,0.0,0.0,0.0,0.0,0.0,0.0,0.0,1.0,30.0,43.684,43.68399999999997,52,11605,230000,jul-17-2021_1611
973,0.0,0.0,0.0,0.0,1,0.0,0.0,0.0,0.0,0.0,0.0,0.0,0.0,1.0,0.0,500,400000,0.004999999888241291,30,True,2.0,-1.0,0.0,0.0,0.0,0.0,1.0,0.0,0.0,0.0,0.0,0.0,0.0,0.0,0.0,0.0,0.0,0.0,52.65599999999995,52,50048,140000,jul-17-2021_1611
974,0.0,0.0,0.0,0.0,1,0.0,0.0,0.0,0.0,0.0,0.0,0.0,0.0,1.0,0.0,500,400000,0.004999999888241291,30,True,2.0,-0.6666666865348816,0.0,0.0,0.0,0.0,1.0,0.0,0.0,0.0,0.0,0.0,0.0,0.0,0.0,0.0,0.0,0.0,47.44799999999998,48,59174,175000,jul-17-2021_1611
975,0.0,0.0,0.0,0.0,1,0.0,0.0,0.0,0.0,0.0,0.0,0.0,0.0,1.0,0.0,500,400000,0.004999999888241291,30,True,2.0,-0.3333333432674408,0.0,0.0,0.0,0.0,1.0,0.0,0.0,0.0,0.0,0.0,0.0,0.0,0.0,0.4,16.86133326458931,104.09143953389054,54.083999999999946,58,122533,399999,jul-17-2021_1612
976,0.0,0.0,0.0,0.0,1,0.0,0.0,0.0,0.0,0.0,0.0,0.0,0.0,1.0,0.0,500,400000,0.004999999888241291,30,True,2.0,0.0,0.0,0.0,0.0,0.0,1.0,0.0,0.0,0.0,0.0,0.0,0.0,0.0,0.0,0.0,0.0,0.0,54.26800000000003,55,72777,195000,jul-17-2021_1612
977,0.0,0.0,0.0,0.0,1,0.0,0.0,0.0,0.0,0.0,0.0,0.0,0.0,1.0,0.0,500,400000,0.004999999888241291,30,True,2.0,0.3333333432674408,0.0,0.0,0.0,0.0,1.0,0.0,0.0,0.0,0.0,0.0,0.0,0.0,0.0,0.744,29.659333386003972,113.1410570301354,55.30799999999999,54,47706,399999,jul-17-2021_1612
978,0.0,0.0,0.0,0.0,1,0.0,0.0,0.0,0.0,0.0,0.0,0.0,0.0,1.0,0.0,500,400000,0.004999999888241291,30,True,2.0,0.6666666865348816,0.0,0.0,0.0,0.0,1.0,0.0,0.0,0.0,0.0,0.0,0.0,0.0,0.0,0.512,27.416000141739847,57.842055020389786,50.39200000000005,59,59696,399999,jul-17-2021_1612
979,0.0,0.0,0.0,0.0,1,0.0,0.0,0.0,0.0,0.0,0.0,0.0,0.0,1.0,0.0,500,400000,0.004999999888241291,30,True,2.0,1.0,0.0,0.0,0.0,0.0,1.0,0.0,0.0,0.0,0.0,0.0,0.0,0.0,0.0,0.868,32.672,125.02841599999999,54.28800000000001,59,36543,399999,jul-17-2021_1613
980,0.0,0.0,0.0,0.0,1,0.0,0.0,0.0,0.0,0.0,0.0,0.0,0.0,2.0,0.0,500,400000,0.004999999888241291,30,True,0.0,-1.0,0.0,0.0,0.0,0.0,1.0,0.0,0.0,0.0,0.0,0.0,0.0,0.0,0.0,1.0,30.0,50.152,50.152000000000044,49,11453,145000,jul-17-2021_1613
981,0.0,0.0,0.0,0.0,1,0.0,0.0,0.0,0.0,0.0,0.0,0.0,0.0,2.0,0.0,500,400000,0.004999999888241291,30,True,0.0,-0.6666666865348816,0.0,0.0,0.0,0.0,1.0,0.0,0.0,0.0,0.0,0.0,0.0,0.0,0.0,1.0,30.0,36.68,36.67999999999995,44,6344,115000,jul-17-2021_1613
982,0.0,0.0,0.0,0.0,1,0.0,0.0,0.0,0.0,0.0,0.0,0.0,0.0,2.0,0.0,500,400000,0.004999999888241291,30,True,0.0,-0.3333333432674408,0.0,0.0,0.0,0.0,1.0,0.0,0.0,0.0,0.0,0.0,0.0,0.0,0.0,1.0,30.0,52.948,52.94799999999998,50,11327,105000,jul-17-2021_1613
983,0.0,0.0,0.0,0.0,1,0.0,0.0,0.0,0.0,0.0,0.0,0.0,0.0,2.0,0.0,500,400000,0.004999999888241291,30,True,0.0,0.0,0.0,0.0,0.0,0.0,1.0,0.0,0.0,0.0,0.0,0.0,0.0,0.0,0.0,1.0,30.0,36.296,36.29600000000005,46,6127,105000,jul-17-2021_1613
984,0.0,0.0,0.0,0.0,1,0.0,0.0,0.0,0.0,0.0,0.0,0.0,0.0,2.0,0.0,500,400000,0.004999999888241291,30,True,0.0,0.3333333432674408,0.0,0.0,0.0,0.0,1.0,0.0,0.0,0.0,0.0,0.0,0.0,0.0,0.0,1.0,30.0,36.88,36.879999999999995,43,5816,75000,jul-17-2021_1613
985,0.0,0.0,0.0,0.0,1,0.0,0.0,0.0,0.0,0.0,0.0,0.0,0.0,2.0,0.0,500,400000,0.004999999888241291,30,True,0.0,0.6666666865348816,0.0,0.0,0.0,0.0,1.0,0.0,0.0,0.0,0.0,0.0,0.0,0.0,0.0,1.0,30.0,34.2,34.200000000000045,46,5471,75000,jul-17-2021_1613
986,0.0,0.0,0.0,0.0,1,0.0,0.0,0.0,0.0,0.0,0.0,0.0,0.0,2.0,0.0,500,400000,0.004999999888241291,30,True,0.0,1.0,0.0,0.0,0.0,0.0,1.0,0.0,0.0,0.0,0.0,0.0,0.0,0.0,0.0,1.0,30.0,37.516,37.51599999999996,47,6962,110000,jul-17-2021_1613
987,0.0,0.0,0.0,0.0,1,0.0,0.0,0.0,0.0,0.0,0.0,0.0,0.0,2.0,0.0,500,400000,0.004999999888241291,30,True,0.3333333432674408,-1.0,0.0,0.0,0.0,0.0,1.0,0.0,0.0,0.0,0.0,0.0,0.0,0.0,0.0,1.0,30.0,48.924,48.92399999999998,49,10866,220000,jul-17-2021_1613
988,0.0,0.0,0.0,0.0,1,0.0,0.0,0.0,0.0,0.0,0.0,0.0,0.0,2.0,0.0,500,400000,0.004999999888241291,30,True,0.3333333432674408,-0.6666666865348816,0.0,0.0,0.0,0.0,1.0,0.0,0.0,0.0,0.0,0.0,0.0,0.0,0.0,1.0,30.0,30.248,30.248000000000047,43,4527,90000,jul-17-2021_1613
989,0.0,0.0,0.0,0.0,1,0.0,0.0,0.0,0.0,0.0,0.0,0.0,0.0,2.0,0.0,500,400000,0.004999999888241291,30,True,0.3333333432674408,-0.3333333432674408,0.0,0.0,0.0,0.0,1.0,0.0,0.0,0.0,0.0,0.0,0.0,0.0,0.0,1.0,30.0,42.996,42.99599999999998,47,8850,175000,jul-17-2021_1613
990,0.0,0.0,0.0,0.0,1,0.0,0.0,0.0,0.0,0.0,0.0,0.0,0.0,2.0,0.0,500,400000,0.004999999888241291,30,True,0.3333333432674408,0.0,0.0,0.0,0.0,0.0,1.0,0.0,0.0,0.0,0.0,0.0,0.0,0.0,0.0,1.0,30.0,41.172,41.172000000000025,46,6920,125000,jul-17-2021_1613
991,0.0,0.0,0.0,0.0,1,0.0,0.0,0.0,0.0,0.0,0.0,0.0,0.0,2.0,0.0,500,400000,0.004999999888241291,30,True,0.3333333432674408,0.3333333432674408,0.0,0.0,0.0,0.0,1.0,0.0,0.0,0.0,0.0,0.0,0.0,0.0,0.0,1.0,30.0,40.752,40.75199999999995,47,8203,115000,jul-17-2021_1613
992,0.0,0.0,0.0,0.0,1,0.0,0.0,0.0,0.0,0.0,0.0,0.0,0.0,2.0,0.0,500,400000,0.004999999888241291,30,True,0.3333333432674408,0.6666666865348816,0.0,0.0,0.0,0.0,1.0,0.0,0.0,0.0,0.0,0.0,0.0,0.0,0.0,1.0,30.0,46.848,46.847999999999956,54,9288,120000,jul-17-2021_1613
993,0.0,0.0,0.0,0.0,1,0.0,0.0,0.0,0.0,0.0,0.0,0.0,0.0,2.0,0.0,500,400000,0.004999999888241291,30,True,0.3333333432674408,1.0,0.0,0.0,0.0,0.0,1.0,0.0,0.0,0.0,0.0,0.0,0.0,0.0,0.0,1.0,30.0,43.92,43.91999999999996,50,9051,110000,jul-17-2021_1613
994,0.0,0.0,0.0,0.0,1,0.0,0.0,0.0,0.0,0.0,0.0,0.0,0.0,2.0,0.0,500,400000,0.004999999888241291,30,True,0.6666666865348816,-1.0,0.0,0.0,0.0,0.0,1.0,0.0,0.0,0.0,0.0,0.0,0.0,0.0,0.0,1.0,30.0,74.02,74.01999999999998,55,23131,320000,jul-17-2021_1613
995,0.0,0.0,0.0,0.0,1,0.0,0.0,0.0,0.0,0.0,0.0,0.0,0.0,2.0,0.0,500,400000,0.004999999888241291,30,True,0.6666666865348816,-0.6666666865348816,0.0,0.0,0.0,0.0,1.0,0.0,0.0,0.0,0.0,0.0,0.0,0.0,0.0,1.0,30.0,66.056,66.05600000000004,56,15390,290000,jul-17-2021_1613
996,0.0,0.0,0.0,0.0,1,0.0,0.0,0.0,0.0,0.0,0.0,0.0,0.0,2.0,0.0,500,400000,0.004999999888241291,30,True,0.6666666865348816,-0.3333333432674408,0.0,0.0,0.0,0.0,1.0,0.0,0.0,0.0,0.0,0.0,0.0,0.0,0.0,1.0,30.0,49.228,49.22799999999995,49,9252,125000,jul-17-2021_1614
997,0.0,0.0,0.0,0.0,1,0.0,0.0,0.0,0.0,0.0,0.0,0.0,0.0,2.0,0.0,500,400000,0.004999999888241291,30,True,0.6666666865348816,0.0,0.0,0.0,0.0,0.0,1.0,0.0,0.0,0.0,0.0,0.0,0.0,0.0,0.0,1.0,30.0,51.28,51.27999999999997,49,11668,135000,jul-17-2021_1614
998,0.0,0.0,0.0,0.0,1,0.0,0.0,0.0,0.0,0.0,0.0,0.0,0.0,2.0,0.0,500,400000,0.004999999888241291,30,True,0.6666666865348816,0.3333333432674408,0.0,0.0,0.0,0.0,1.0,0.0,0.0,0.0,0.0,0.0,0.0,0.0,0.0,1.0,30.0,55.468,55.46799999999996,55,11636,145000,jul-17-2021_1614
999,0.0,0.0,0.0,0.0,1,0.0,0.0,0.0,0.0,0.0,0.0,0.0,0.0,2.0,0.0,500,400000,0.004999999888241291,30,True,0.6666666865348816,0.6666666865348816,0.0,0.0,0.0,0.0,1.0,0.0,0.0,0.0,0.0,0.0,0.0,0.0,0.0,1.0,30.0,57.228,57.22799999999995,54,13399,355000,jul-17-2021_1614
1000,0.0,0.0,0.0,0.0,1,0.0,0.0,0.0,0.0,0.0,0.0,0.0,0.0,2.0,0.0,500,400000,0.004999999888241291,30,True,0.6666666865348816,1.0,0.0,0.0,0.0,0.0,1.0,0.0,0.0,0.0,0.0,0.0,0.0,0.0,0.0,1.0,30.0,47.488,47.488000000000056,47,9672,150000,jul-17-2021_1614
1001,0.0,0.0,0.0,0.0,1,0.0,0.0,0.0,0.0,0.0,0.0,0.0,0.0,2.0,0.0,500,400000,0.004999999888241291,30,True,1.0,-1.0,0.0,0.0,0.0,0.0,1.0,0.0,0.0,0.0,0.0,0.0,0.0,0.0,0.0,1.0,30.0,55.6,55.60000000000002,51,14432,195000,jul-17-2021_1614
1002,0.0,0.0,0.0,0.0,1,0.0,0.0,0.0,0.0,0.0,0.0,0.0,0.0,2.0,0.0,500,400000,0.004999999888241291,30,True,1.0,-0.6666666865348816,0.0,0.0,0.0,0.0,1.0,0.0,0.0,0.0,0.0,0.0,0.0,0.0,0.0,1.0,30.0,65.38,65.38,54,17191,180000,jul-17-2021_1614
1003,0.0,0.0,0.0,0.0,1,0.0,0.0,0.0,0.0,0.0,0.0,0.0,0.0,2.0,0.0,500,400000,0.004999999888241291,30,True,1.0,-0.3333333432674408,0.0,0.0,0.0,0.0,1.0,0.0,0.0,0.0,0.0,0.0,0.0,0.0,0.0,1.0,30.0,55.844,55.84400000000005,52,12904,165000,jul-17-2021_1614
1004,0.0,0.0,0.0,0.0,1,0.0,0.0,0.0,0.0,0.0,0.0,0.0,0.0,2.0,0.0,500,400000,0.004999999888241291,30,True,1.0,0.0,0.0,0.0,0.0,0.0,1.0,0.0,0.0,0.0,0.0,0.0,0.0,0.0,0.0,1.0,30.0,46.812,46.81200000000001,49,9046,160000,jul-17-2021_1614
1005,0.0,0.0,0.0,0.0,1,0.0,0.0,0.0,0.0,0.0,0.0,0.0,0.0,2.0,0.0,500,400000,0.004999999888241291,30,True,1.0,0.3333333432674408,0.0,0.0,0.0,0.0,1.0,0.0,0.0,0.0,0.0,0.0,0.0,0.0,0.0,1.0,30.0,60.948,60.94799999999998,51,16212,265000,jul-17-2021_1614
1006,0.0,0.0,0.0,0.0,1,0.0,0.0,0.0,0.0,0.0,0.0,0.0,0.0,2.0,0.0,500,400000,0.004999999888241291,30,True,1.0,0.6666666865348816,0.0,0.0,0.0,0.0,1.0,0.0,0.0,0.0,0.0,0.0,0.0,0.0,0.0,1.0,30.0,56.072,56.072,52,16412,220000,jul-17-2021_1614
1007,0.0,0.0,0.0,0.0,1,0.0,0.0,0.0,0.0,0.0,0.0,0.0,0.0,2.0,0.0,500,400000,0.004999999888241291,30,True,1.0,1.0,0.0,0.0,0.0,0.0,1.0,0.0,0.0,0.0,0.0,0.0,0.0,0.0,0.0,1.0,30.0,48.008,48.00800000000004,49,9535,170000,jul-17-2021_1614
1008,0.0,0.0,0.0,0.0,1,0.0,0.0,0.0,0.0,0.0,0.0,0.0,0.0,2.0,0.0,500,400000,0.004999999888241291,30,True,1.3333333730697632,-1.0,0.0,0.0,0.0,0.0,1.0,0.0,0.0,0.0,0.0,0.0,0.0,0.0,0.0,1.0,30.0,69.92,69.91999999999996,58,39556,250000,jul-17-2021_1615
1009,0.0,0.0,0.0,0.0,1,0.0,0.0,0.0,0.0,0.0,0.0,0.0,0.0,2.0,0.0,500,400000,0.004999999888241291,30,True,1.3333333730697632,-0.6666666865348816,0.0,0.0,0.0,0.0,1.0,0.0,0.0,0.0,0.0,0.0,0.0,0.0,0.0,1.0,30.0,75.216,75.21600000000001,59,35892,305000,jul-17-2021_1615
1010,0.0,0.0,0.0,0.0,1,0.0,0.0,0.0,0.0,0.0,0.0,0.0,0.0,2.0,0.0,500,400000,0.004999999888241291,30,True,1.3333333730697632,-0.3333333432674408,0.0,0.0,0.0,0.0,1.0,0.0,0.0,0.0,0.0,0.0,0.0,0.0,0.0,1.0,30.0,51.08,51.08000000000004,55,11785,135000,jul-17-2021_1615
1011,0.0,0.0,0.0,0.0,1,0.0,0.0,0.0,0.0,0.0,0.0,0.0,0.0,2.0,0.0,500,400000,0.004999999888241291,30,True,1.3333333730697632,0.0,0.0,0.0,0.0,0.0,1.0,0.0,0.0,0.0,0.0,0.0,0.0,0.0,0.0,1.0,30.0,57.276,57.275999999999954,52,15009,145000,jul-17-2021_1615
1012,0.0,0.0,0.0,0.0,1,0.0,0.0,0.0,0.0,0.0,0.0,0.0,0.0,2.0,0.0,500,400000,0.004999999888241291,30,True,1.3333333730697632,0.3333333432674408,0.0,0.0,0.0,0.0,1.0,0.0,0.0,0.0,0.0,0.0,0.0,0.0,0.0,1.0,30.0,63.6,63.60000000000002,56,16193,280000,jul-17-2021_1615
1013,0.0,0.0,0.0,0.0,1,0.0,0.0,0.0,0.0,0.0,0.0,0.0,0.0,2.0,0.0,500,400000,0.004999999888241291,30,True,1.3333333730697632,0.6666666865348816,0.0,0.0,0.0,0.0,1.0,0.0,0.0,0.0,0.0,0.0,0.0,0.0,0.0,1.0,30.0,52.304,52.303999999999974,53,11123,180000,jul-17-2021_1615
1014,0.0,0.0,0.0,0.0,1,0.0,0.0,0.0,0.0,0.0,0.0,0.0,0.0,2.0,0.0,500,400000,0.004999999888241291,30,True,1.3333333730697632,1.0,0.0,0.0,0.0,0.0,1.0,0.0,0.0,0.0,0.0,0.0,0.0,0.0,0.0,1.0,30.0,66.688,66.68799999999999,52,14219,235000,jul-17-2021_1615
1015,0.0,0.0,0.0,0.0,1,0.0,0.0,0.0,0.0,0.0,0.0,0.0,0.0,2.0,0.0,500,400000,0.004999999888241291,30,True,1.6666666269302368,-1.0,0.0,0.0,0.0,0.0,1.0,0.0,0.0,0.0,0.0,0.0,0.0,0.0,0.0,1.0,30.0,78.232,78.23199999999997,59,49782,375000,jul-17-2021_1615
1016,0.0,0.0,0.0,0.0,1,0.0,0.0,0.0,0.0,0.0,0.0,0.0,0.0,2.0,0.0,500,400000,0.004999999888241291,30,True,1.6666666269302368,-0.6666666865348816,0.0,0.0,0.0,0.0,1.0,0.0,0.0,0.0,0.0,0.0,0.0,0.0,0.0,0.994,29.821999989628793,71.8760934099675,70.0,54,59712,399999,jul-17-2021_1616
1017,0.0,0.0,0.0,0.0,1,0.0,0.0,0.0,0.0,0.0,0.0,0.0,0.0,2.0,0.0,500,400000,0.004999999888241291,30,True,1.6666666269302368,-0.3333333432674408,0.0,0.0,0.0,0.0,1.0,0.0,0.0,0.0,0.0,0.0,0.0,0.0,0.0,0.994,29.90533332657814,67.74837143506728,67.572,64,27015,399999,jul-17-2021_1616
1018,0.0,0.0,0.0,0.0,1,0.0,0.0,0.0,0.0,0.0,0.0,0.0,0.0,2.0,0.0,500,400000,0.004999999888241291,30,True,1.6666666269302368,0.0,0.0,0.0,0.0,0.0,1.0,0.0,0.0,0.0,0.0,0.0,0.0,0.0,0.0,1.0,30.0,75.084,75.08399999999995,59,41936,350000,jul-17-2021_1616
1019,0.0,0.0,0.0,0.0,1,0.0,0.0,0.0,0.0,0.0,0.0,0.0,0.0,2.0,0.0,500,400000,0.004999999888241291,30,True,1.6666666269302368,0.3333333432674408,0.0,0.0,0.0,0.0,1.0,0.0,0.0,0.0,0.0,0.0,0.0,0.0,0.0,0.934,29.871999950766565,83.98405824048261,70.80399999999997,55,28204,399999,jul-17-2021_1616
1020,0.0,0.0,0.0,0.0,1,0.0,0.0,0.0,0.0,0.0,0.0,0.0,0.0,2.0,0.0,500,400000,0.004999999888241291,30,True,1.6666666269302368,0.6666666865348816,0.0,0.0,0.0,0.0,1.0,0.0,0.0,0.0,0.0,0.0,0.0,0.0,0.0,0.968,30.210666649580002,83.28050727780303,74.77999999999997,60,39136,399999,jul-17-2021_1616
1021,0.0,0.0,0.0,0.0,1,0.0,0.0,0.0,0.0,0.0,0.0,0.0,0.0,2.0,0.0,500,400000,0.004999999888241291,30,True,1.6666666269302368,1.0,0.0,0.0,0.0,0.0,1.0,0.0,0.0,0.0,0.0,0.0,0.0,0.0,0.0,1.0,30.0,61.708,61.70799999999997,58,15528,250000,jul-17-2021_1616
1022,0.0,0.0,0.0,0.0,1,0.0,0.0,0.0,0.0,0.0,0.0,0.0,0.0,2.0,0.0,500,400000,0.004999999888241291,30,True,2.0,-1.0,0.0,0.0,0.0,0.0,1.0,0.0,0.0,0.0,0.0,0.0,0.0,0.0,0.0,0.434,13.644,215.037264,61.888000000000034,57,100399,399999,jul-17-2021_1617
1023,0.0,0.0,0.0,0.0,1,0.0,0.0,0.0,0.0,0.0,0.0,0.0,0.0,2.0,0.0,500,400000,0.004999999888241291,30,True,2.0,-0.6666666865348816,0.0,0.0,0.0,0.0,1.0,0.0,0.0,0.0,0.0,0.0,0.0,0.0,0.0,1.0,30.0,75.476,75.476,62,28557,290000,jul-17-2021_1617
1024,0.0,0.0,0.0,0.0,1,0.0,0.0,0.0,0.0,0.0,0.0,0.0,0.0,2.0,0.0,500,400000,0.004999999888241291,30,True,2.0,-0.3333333432674408,0.0,0.0,0.0,0.0,1.0,0.0,0.0,0.0,0.0,0.0,0.0,0.0,0.0,1.0,30.0,75.156,75.15599999999995,73,33191,310000,jul-17-2021_1617
1025,0.0,0.0,0.0,0.0,1,0.0,0.0,0.0,0.0,0.0,0.0,0.0,0.0,2.0,0.0,500,400000,0.004999999888241291,30,True,2.0,0.0,0.0,0.0,0.0,0.0,1.0,0.0,0.0,0.0,0.0,0.0,0.0,0.0,0.0,0.96,29.92,94.4856,75.31200000000001,56,31851,399999,jul-17-2021_1617
1026,0.0,0.0,0.0,0.0,1,0.0,0.0,0.0,0.0,0.0,0.0,0.0,0.0,2.0,0.0,500,400000,0.004999999888241291,30,True,2.0,0.3333333432674408,0.0,0.0,0.0,0.0,1.0,0.0,0.0,0.0,0.0,0.0,0.0,0.0,0.0,1.0,30.0,77.836,77.83600000000001,61,36089,345000,jul-17-2021_1617
1027,0.0,0.0,0.0,0.0,1,0.0,0.0,0.0,0.0,0.0,0.0,0.0,0.0,2.0,0.0,500,400000,0.004999999888241291,30,True,2.0,0.6666666865348816,0.0,0.0,0.0,0.0,1.0,0.0,0.0,0.0,0.0,0.0,0.0,0.0,0.0,1.0,30.0,51.88,51.879999999999995,49,12337,175000,jul-17-2021_1617
1028,0.0,0.0,0.0,0.0,1,0.0,0.0,0.0,0.0,0.0,0.0,0.0,0.0,2.0,0.0,500,400000,0.004999999888241291,30,True,2.0,1.0,0.0,0.0,0.0,0.0,1.0,0.0,0.0,0.0,0.0,0.0,0.0,0.0,0.0,1.0,30.0,72.072,72.072,59,23387,360000,jul-17-2021_1617
1029,0.0,0.0,0.0,0.0,1,0.0,0.0,0.0,0.0,0.0,0.0,0.0,0.0,2.0,0.0,500,400000,0.004999999888241291,30,True,0.0,-1.0,0.0,0.0,0.0,0.0,1.0,0.0,0.0,0.0,0.0,0.0,0.0,0.0,0.0,1.0,30.0,56.168,56.168000000000006,54,12095,110000,jul-17-2021_1617
1030,0.0,0.0,0.0,0.0,1,0.0,0.0,0.0,0.0,0.0,0.0,0.0,0.0,2.0,0.0,500,400000,0.004999999888241291,30,True,0.0,-0.6666666865348816,0.0,0.0,0.0,0.0,1.0,0.0,0.0,0.0,0.0,0.0,0.0,0.0,0.0,1.0,30.0,40.084,40.083999999999946,47,9366,95000,jul-17-2021_1618
1031,0.0,0.0,0.0,0.0,1,0.0,0.0,0.0,0.0,0.0,0.0,0.0,0.0,2.0,0.0,500,400000,0.004999999888241291,30,True,0.0,-0.3333333432674408,0.0,0.0,0.0,0.0,1.0,0.0,0.0,0.0,0.0,0.0,0.0,0.0,0.0,1.0,30.0,47.456,47.45600000000002,52,8699,140000,jul-17-2021_1618
1032,0.0,0.0,0.0,0.0,1,0.0,0.0,0.0,0.0,0.0,0.0,0.0,0.0,2.0,0.0,500,400000,0.004999999888241291,30,True,0.0,0.0,0.0,0.0,0.0,0.0,1.0,0.0,0.0,0.0,0.0,0.0,0.0,0.0,0.0,1.0,30.0,32.168,32.168000000000006,44,5030,100000,jul-17-2021_1618
1033,0.0,0.0,0.0,0.0,1,0.0,0.0,0.0,0.0,0.0,0.0,0.0,0.0,2.0,0.0,500,400000,0.004999999888241291,30,True,0.0,0.3333333432674408,0.0,0.0,0.0,0.0,1.0,0.0,0.0,0.0,0.0,0.0,0.0,0.0,0.0,1.0,30.0,30.32,30.32000000000005,44,4165,70000,jul-17-2021_1618
1034,0.0,0.0,0.0,0.0,1,0.0,0.0,0.0,0.0,0.0,0.0,0.0,0.0,2.0,0.0,500,400000,0.004999999888241291,30,True,0.0,0.6666666865348816,0.0,0.0,0.0,0.0,1.0,0.0,0.0,0.0,0.0,0.0,0.0,0.0,0.0,1.0,30.0,28.108,28.107999999999947,44,4882,125000,jul-17-2021_1618
1035,0.0,0.0,0.0,0.0,1,0.0,0.0,0.0,0.0,0.0,0.0,0.0,0.0,2.0,0.0,500,400000,0.004999999888241291,30,True,0.0,1.0,0.0,0.0,0.0,0.0,1.0,0.0,0.0,0.0,0.0,0.0,0.0,0.0,0.0,1.0,30.0,52.776,52.775999999999954,53,10380,155000,jul-17-2021_1618
1036,0.0,0.0,0.0,0.0,1,0.0,0.0,0.0,0.0,0.0,0.0,0.0,0.0,2.0,0.0,500,400000,0.004999999888241291,30,True,0.3333333432674408,-1.0,0.0,0.0,0.0,0.0,1.0,0.0,0.0,0.0,0.0,0.0,0.0,0.0,0.0,1.0,30.0,51.88,51.879999999999995,48,12067,125000,jul-17-2021_1618
1037,0.0,0.0,0.0,0.0,1,0.0,0.0,0.0,0.0,0.0,0.0,0.0,0.0,2.0,0.0,500,400000,0.004999999888241291,30,True,0.3333333432674408,-0.6666666865348816,0.0,0.0,0.0,0.0,1.0,0.0,0.0,0.0,0.0,0.0,0.0,0.0,0.0,1.0,30.0,48.816,48.81600000000003,53,12022,115000,jul-17-2021_1618
1038,0.0,0.0,0.0,0.0,1,0.0,0.0,0.0,0.0,0.0,0.0,0.0,0.0,2.0,0.0,500,400000,0.004999999888241291,30,True,0.3333333432674408,-0.3333333432674408,0.0,0.0,0.0,0.0,1.0,0.0,0.0,0.0,0.0,0.0,0.0,0.0,0.0,1.0,30.0,34.484,34.48400000000004,47,5405,90000,jul-17-2021_1618
1039,0.0,0.0,0.0,0.0,1,0.0,0.0,0.0,0.0,0.0,0.0,0.0,0.0,2.0,0.0,500,400000,0.004999999888241291,30,True,0.3333333432674408,0.0,0.0,0.0,0.0,0.0,1.0,0.0,0.0,0.0,0.0,0.0,0.0,0.0,0.0,1.0,30.0,40.924,40.92399999999998,48,8622,90000,jul-17-2021_1618
1040,0.0,0.0,0.0,0.0,1,0.0,0.0,0.0,0.0,0.0,0.0,0.0,0.0,2.0,0.0,500,400000,0.004999999888241291,30,True,0.3333333432674408,0.3333333432674408,0.0,0.0,0.0,0.0,1.0,0.0,0.0,0.0,0.0,0.0,0.0,0.0,0.0,1.0,30.0,43.136,43.13599999999997,45,8051,130000,jul-17-2021_1618
1041,0.0,0.0,0.0,0.0,1,0.0,0.0,0.0,0.0,0.0,0.0,0.0,0.0,2.0,0.0,500,400000,0.004999999888241291,30,True,0.3333333432674408,0.6666666865348816,0.0,0.0,0.0,0.0,1.0,0.0,0.0,0.0,0.0,0.0,0.0,0.0,0.0,1.0,30.0,52.056,52.05600000000004,52,12160,150000,jul-17-2021_1618
1042,0.0,0.0,0.0,0.0,1,0.0,0.0,0.0,0.0,0.0,0.0,0.0,0.0,2.0,0.0,500,400000,0.004999999888241291,30,True,0.3333333432674408,1.0,0.0,0.0,0.0,0.0,1.0,0.0,0.0,0.0,0.0,0.0,0.0,0.0,0.0,1.0,30.0,34.868,34.86800000000005,48,6420,75000,jul-17-2021_1618
1043,0.0,0.0,0.0,0.0,1,0.0,0.0,0.0,0.0,0.0,0.0,0.0,0.0,2.0,0.0,500,400000,0.004999999888241291,30,True,0.6666666865348816,-1.0,0.0,0.0,0.0,0.0,1.0,0.0,0.0,0.0,0.0,0.0,0.0,0.0,0.0,1.0,30.0,72.376,72.37599999999998,60,29039,260000,jul-17-2021_1618
1044,0.0,0.0,0.0,0.0,1,0.0,0.0,0.0,0.0,0.0,0.0,0.0,0.0,2.0,0.0,500,400000,0.004999999888241291,30,True,0.6666666865348816,-0.6666666865348816,0.0,0.0,0.0,0.0,1.0,0.0,0.0,0.0,0.0,0.0,0.0,0.0,0.0,1.0,30.0,31.856,31.855999999999995,47,5537,105000,jul-17-2021_1618
1045,0.0,0.0,0.0,0.0,1,0.0,0.0,0.0,0.0,0.0,0.0,0.0,0.0,2.0,0.0,500,400000,0.004999999888241291,30,True,0.6666666865348816,-0.3333333432674408,0.0,0.0,0.0,0.0,1.0,0.0,0.0,0.0,0.0,0.0,0.0,0.0,0.0,1.0,30.0,56.408,56.408000000000015,59,11297,140000,jul-17-2021_1618
1046,0.0,0.0,0.0,0.0,1,0.0,0.0,0.0,0.0,0.0,0.0,0.0,0.0,2.0,0.0,500,400000,0.004999999888241291,30,True,0.6666666865348816,0.0,0.0,0.0,0.0,0.0,1.0,0.0,0.0,0.0,0.0,0.0,0.0,0.0,0.0,1.0,30.0,61.756,61.75599999999997,56,13043,260000,jul-17-2021_1618
1047,0.0,0.0,0.0,0.0,1,0.0,0.0,0.0,0.0,0.0,0.0,0.0,0.0,2.0,0.0,500,400000,0.004999999888241291,30,True,0.6666666865348816,0.3333333432674408,0.0,0.0,0.0,0.0,1.0,0.0,0.0,0.0,0.0,0.0,0.0,0.0,0.0,1.0,30.0,58.04,58.039999999999964,53,12259,190000,jul-17-2021_1619
1048,0.0,0.0,0.0,0.0,1,0.0,0.0,0.0,0.0,0.0,0.0,0.0,0.0,2.0,0.0,500,400000,0.004999999888241291,30,True,0.6666666865348816,0.6666666865348816,0.0,0.0,0.0,0.0,1.0,0.0,0.0,0.0,0.0,0.0,0.0,0.0,0.0,1.0,30.0,43.088,43.087999999999965,50,7879,150000,jul-17-2021_1619
1049,0.0,0.0,0.0,0.0,1,0.0,0.0,0.0,0.0,0.0,0.0,0.0,0.0,2.0,0.0,500,400000,0.004999999888241291,30,True,0.6666666865348816,1.0,0.0,0.0,0.0,0.0,1.0,0.0,0.0,0.0,0.0,0.0,0.0,0.0,0.0,1.0,30.0,42.512,42.511999999999944,48,7349,115000,jul-17-2021_1619
1050,0.0,0.0,0.0,0.0,1,0.0,0.0,0.0,0.0,0.0,0.0,0.0,0.0,2.0,0.0,500,400000,0.004999999888241291,30,True,1.0,-1.0,0.0,0.0,0.0,0.0,1.0,0.0,0.0,0.0,0.0,0.0,0.0,0.0,0.0,1.0,30.0,77.524,77.524,60,32620,260000,jul-17-2021_1619
1051,0.0,0.0,0.0,0.0,1,0.0,0.0,0.0,0.0,0.0,0.0,0.0,0.0,2.0,0.0,500,400000,0.004999999888241291,30,True,1.0,-0.6666666865348816,0.0,0.0,0.0,0.0,1.0,0.0,0.0,0.0,0.0,0.0,0.0,0.0,0.0,1.0,30.0,65.132,65.13199999999995,60,37395,320000,jul-17-2021_1619
1052,0.0,0.0,0.0,0.0,1,0.0,0.0,0.0,0.0,0.0,0.0,0.0,0.0,2.0,0.0,500,400000,0.004999999888241291,30,True,1.0,-0.3333333432674408,0.0,0.0,0.0,0.0,1.0,0.0,0.0,0.0,0.0,0.0,0.0,0.0,0.0,1.0,30.0,66.084,66.08399999999995,56,22801,185000,jul-17-2021_1619
1053,0.0,0.0,0.0,0.0,1,0.0,0.0,0.0,0.0,0.0,0.0,0.0,0.0,2.0,0.0,500,400000,0.004999999888241291,30,True,1.0,0.0,0.0,0.0,0.0,0.0,1.0,0.0,0.0,0.0,0.0,0.0,0.0,0.0,0.0,1.0,30.0,51.792,51.79200000000003,52,11433,210000,jul-17-2021_1619
1054,0.0,0.0,0.0,0.0,1,0.0,0.0,0.0,0.0,0.0,0.0,0.0,0.0,2.0,0.0,500,400000,0.004999999888241291,30,True,1.0,0.3333333432674408,0.0,0.0,0.0,0.0,1.0,0.0,0.0,0.0,0.0,0.0,0.0,0.0,0.0,1.0,30.0,43.812,43.81200000000001,47,9213,150000,jul-17-2021_1619
1055,0.0,0.0,0.0,0.0,1,0.0,0.0,0.0,0.0,0.0,0.0,0.0,0.0,2.0,0.0,500,400000,0.004999999888241291,30,True,1.0,0.6666666865348816,0.0,0.0,0.0,0.0,1.0,0.0,0.0,0.0,0.0,0.0,0.0,0.0,0.0,1.0,30.0,55.592,55.591999999999985,51,10901,135000,jul-17-2021_1619
1056,0.0,0.0,0.0,0.0,1,0.0,0.0,0.0,0.0,0.0,0.0,0.0,0.0,2.0,0.0,500,400000,0.004999999888241291,30,True,1.0,1.0,0.0,0.0,0.0,0.0,1.0,0.0,0.0,0.0,0.0,0.0,0.0,0.0,0.0,1.0,30.0,48.62,48.620000000000005,50,10267,140000,jul-17-2021_1619
1057,0.0,0.0,0.0,0.0,1,0.0,0.0,0.0,0.0,0.0,0.0,0.0,0.0,2.0,0.0,500,400000,0.004999999888241291,30,True,1.3333333730697632,-1.0,0.0,0.0,0.0,0.0,1.0,0.0,0.0,0.0,0.0,0.0,0.0,0.0,0.0,1.0,30.0,77.004,77.00400000000002,62,54154,330000,jul-17-2021_1619
1058,0.0,0.0,0.0,0.0,1,0.0,0.0,0.0,0.0,0.0,0.0,0.0,0.0,2.0,0.0,500,400000,0.004999999888241291,30,True,1.3333333730697632,-0.6666666865348816,0.0,0.0,0.0,0.0,1.0,0.0,0.0,0.0,0.0,0.0,0.0,0.0,0.0,1.0,30.0,65.44,65.44000000000005,53,21307,270000,jul-17-2021_1620
1059,0.0,0.0,0.0,0.0,1,0.0,0.0,0.0,0.0,0.0,0.0,0.0,0.0,2.0,0.0,500,400000,0.004999999888241291,30,True,1.3333333730697632,-0.3333333432674408,0.0,0.0,0.0,0.0,1.0,0.0,0.0,0.0,0.0,0.0,0.0,0.0,0.0,1.0,30.0,57.796,57.79600000000005,56,14183,170000,jul-17-2021_1620
1060,0.0,0.0,0.0,0.0,1,0.0,0.0,0.0,0.0,0.0,0.0,0.0,0.0,2.0,0.0,500,400000,0.004999999888241291,30,True,1.3333333730697632,0.0,0.0,0.0,0.0,0.0,1.0,0.0,0.0,0.0,0.0,0.0,0.0,0.0,0.0,1.0,30.0,57.94,57.940000000000055,54,14193,195000,jul-17-2021_1620
1061,0.0,0.0,0.0,0.0,1,0.0,0.0,0.0,0.0,0.0,0.0,0.0,0.0,2.0,0.0,500,400000,0.004999999888241291,30,True,1.3333333730697632,0.3333333432674408,0.0,0.0,0.0,0.0,1.0,0.0,0.0,0.0,0.0,0.0,0.0,0.0,0.0,1.0,30.0,72.484,72.48400000000004,59,20506,355000,jul-17-2021_1620
1062,0.0,0.0,0.0,0.0,1,0.0,0.0,0.0,0.0,0.0,0.0,0.0,0.0,2.0,0.0,500,400000,0.004999999888241291,30,True,1.3333333730697632,0.6666666865348816,0.0,0.0,0.0,0.0,1.0,0.0,0.0,0.0,0.0,0.0,0.0,0.0,0.0,1.0,30.0,56.636,56.63599999999997,49,14876,325000,jul-17-2021_1620
1063,0.0,0.0,0.0,0.0,1,0.0,0.0,0.0,0.0,0.0,0.0,0.0,0.0,2.0,0.0,500,400000,0.004999999888241291,30,True,1.3333333730697632,1.0,0.0,0.0,0.0,0.0,1.0,0.0,0.0,0.0,0.0,0.0,0.0,0.0,0.0,1.0,30.0,52.692,52.69200000000001,52,10350,140000,jul-17-2021_1620
1064,0.0,0.0,0.0,0.0,1,0.0,0.0,0.0,0.0,0.0,0.0,0.0,0.0,2.0,0.0,500,400000,0.004999999888241291,30,True,1.6666666269302368,-1.0,0.0,0.0,0.0,0.0,1.0,0.0,0.0,0.0,0.0,0.0,0.0,0.0,0.0,0.0,0.0,0.0,54.97199999999998,48,96560,220000,jul-17-2021_1620
1065,0.0,0.0,0.0,0.0,1,0.0,0.0,0.0,0.0,0.0,0.0,0.0,0.0,2.0,0.0,500,400000,0.004999999888241291,30,True,1.6666666269302368,-0.6666666865348816,0.0,0.0,0.0,0.0,1.0,0.0,0.0,0.0,0.0,0.0,0.0,0.0,0.0,1.0,30.0,71.52,71.51999999999998,57,36393,399999,jul-17-2021_1620
1066,0.0,0.0,0.0,0.0,1,0.0,0.0,0.0,0.0,0.0,0.0,0.0,0.0,2.0,0.0,500,400000,0.004999999888241291,30,True,1.6666666269302368,-0.3333333432674408,0.0,0.0,0.0,0.0,1.0,0.0,0.0,0.0,0.0,0.0,0.0,0.0,0.0,1.0,30.0,77.516,77.51599999999996,59,33300,320000,jul-17-2021_1621
1067,0.0,0.0,0.0,0.0,1,0.0,0.0,0.0,0.0,0.0,0.0,0.0,0.0,2.0,0.0,500,400000,0.004999999888241291,30,True,1.6666666269302368,0.0,0.0,0.0,0.0,0.0,1.0,0.0,0.0,0.0,0.0,0.0,0.0,0.0,0.0,1.0,30.0,74.812,74.81200000000001,63,25859,230000,jul-17-2021_1621
1068,0.0,0.0,0.0,0.0,1,0.0,0.0,0.0,0.0,0.0,0.0,0.0,0.0,2.0,0.0,500,400000,0.004999999888241291,30,True,1.6666666269302368,0.3333333432674408,0.0,0.0,0.0,0.0,1.0,0.0,0.0,0.0,0.0,0.0,0.0,0.0,0.0,0.946,29.891999961674212,77.95989028708934,74.67200000000003,65,33610,399999,jul-17-2021_1621
1069,0.0,0.0,0.0,0.0,1,0.0,0.0,0.0,0.0,0.0,0.0,0.0,0.0,2.0,0.0,500,400000,0.004999999888241291,30,True,1.6666666269302368,0.6666666865348816,0.0,0.0,0.0,0.0,1.0,0.0,0.0,0.0,0.0,0.0,0.0,0.0,0.0,1.0,30.0,75.504,75.50400000000002,61,30010,355000,jul-17-2021_1621
1070,0.0,0.0,0.0,0.0,1,0.0,0.0,0.0,0.0,0.0,0.0,0.0,0.0,2.0,0.0,500,400000,0.004999999888241291,30,True,1.6666666269302368,1.0,0.0,0.0,0.0,0.0,1.0,0.0,0.0,0.0,0.0,0.0,0.0,0.0,0.0,1.0,30.0,66.5,66.5,54,23009,335000,jul-17-2021_1621
1071,0.0,0.0,0.0,0.0,1,0.0,0.0,0.0,0.0,0.0,0.0,0.0,0.0,2.0,0.0,500,400000,0.004999999888241291,30,True,2.0,-1.0,0.0,0.0,0.0,0.0,1.0,0.0,0.0,0.0,0.0,0.0,0.0,0.0,0.0,0.182,5.73,117.8931,59.55600000000004,60,216426,399999,jul-17-2021_1622
1072,0.0,0.0,0.0,0.0,1,0.0,0.0,0.0,0.0,0.0,0.0,0.0,0.0,2.0,0.0,500,400000,0.004999999888241291,30,True,2.0,-0.6666666865348816,0.0,0.0,0.0,0.0,1.0,0.0,0.0,0.0,0.0,0.0,0.0,0.0,0.0,0.548,19.33199986445904,153.74133406809943,60.087999999999965,60,55504,399999,jul-17-2021_1622
1073,0.0,0.0,0.0,0.0,1,0.0,0.0,0.0,0.0,0.0,0.0,0.0,0.0,2.0,0.0,500,400000,0.004999999888241291,30,True,2.0,-0.3333333432674408,0.0,0.0,0.0,0.0,1.0,0.0,0.0,0.0,0.0,0.0,0.0,0.0,0.0,0.928,29.137999981105327,120.40873382529877,68.66399999999999,59,20694,399999,jul-17-2021_1622
1074,0.0,0.0,0.0,0.0,1,0.0,0.0,0.0,0.0,0.0,0.0,0.0,0.0,2.0,0.0,500,400000,0.004999999888241291,30,True,2.0,0.0,0.0,0.0,0.0,0.0,1.0,0.0,0.0,0.0,0.0,0.0,0.0,0.0,0.0,0.852,29.264,124.534304,68.45600000000002,53,35815,399999,jul-17-2021_1622
1075,0.0,0.0,0.0,0.0,1,0.0,0.0,0.0,0.0,0.0,0.0,0.0,0.0,2.0,0.0,500,400000,0.004999999888241291,30,True,2.0,0.3333333432674408,0.0,0.0,0.0,0.0,1.0,0.0,0.0,0.0,0.0,0.0,0.0,0.0,0.0,0.856,30.476000034093857,139.77697948647446,76.63999999999999,69,56614,399999,jul-17-2021_1622
1076,0.0,0.0,0.0,0.0,1,0.0,0.0,0.0,0.0,0.0,0.0,0.0,0.0,2.0,0.0,500,400000,0.004999999888241291,30,True,2.0,0.6666666865348816,0.0,0.0,0.0,0.0,1.0,0.0,0.0,0.0,0.0,0.0,0.0,0.0,0.0,1.0,30.0,57.532,57.53200000000004,54,13516,215000,jul-17-2021_1623
1077,0.0,0.0,0.0,0.0,1,0.0,0.0,0.0,0.0,0.0,0.0,0.0,0.0,2.0,0.0,500,400000,0.004999999888241291,30,True,2.0,1.0,0.0,0.0,0.0,0.0,1.0,0.0,0.0,0.0,0.0,0.0,0.0,0.0,0.0,0.854,32.782,132.694476,74.15999999999997,64,33229,399999,jul-17-2021_1623
1078,0.0,0.0,0.0,0.0,1,0.0,0.0,0.0,0.0,0.0,0.0,0.0,0.0,2.0,0.0,500,400000,0.004999999888241291,30,True,0.0,-1.0,0.0,0.0,0.0,0.0,1.0,0.0,0.0,0.0,0.0,0.0,0.0,0.0,0.0,1.0,30.0,48.924,48.92399999999998,49,10368,155000,jul-17-2021_1623
1079,0.0,0.0,0.0,0.0,1,0.0,0.0,0.0,0.0,0.0,0.0,0.0,0.0,2.0,0.0,500,400000,0.004999999888241291,30,True,0.0,-0.6666666865348816,0.0,0.0,0.0,0.0,1.0,0.0,0.0,0.0,0.0,0.0,0.0,0.0,0.0,1.0,30.0,51.972,51.97199999999998,48,11223,100000,jul-17-2021_1623
1080,0.0,0.0,0.0,0.0,1,0.0,0.0,0.0,0.0,0.0,0.0,0.0,0.0,2.0,0.0,500,400000,0.004999999888241291,30,True,0.0,-0.3333333432674408,0.0,0.0,0.0,0.0,1.0,0.0,0.0,0.0,0.0,0.0,0.0,0.0,0.0,1.0,30.0,33.224,33.224000000000046,48,6351,100000,jul-17-2021_1623
1081,0.0,0.0,0.0,0.0,1,0.0,0.0,0.0,0.0,0.0,0.0,0.0,0.0,2.0,0.0,500,400000,0.004999999888241291,30,True,0.0,0.0,0.0,0.0,0.0,0.0,1.0,0.0,0.0,0.0,0.0,0.0,0.0,0.0,0.0,1.0,30.0,52.808,52.80799999999999,57,11561,140000,jul-17-2021_1623
1082,0.0,0.0,0.0,0.0,1,0.0,0.0,0.0,0.0,0.0,0.0,0.0,0.0,2.0,0.0,500,400000,0.004999999888241291,30,True,0.0,0.3333333432674408,0.0,0.0,0.0,0.0,1.0,0.0,0.0,0.0,0.0,0.0,0.0,0.0,0.0,1.0,30.0,45.796,45.79600000000005,47,9903,150000,jul-17-2021_1623
1083,0.0,0.0,0.0,0.0,1,0.0,0.0,0.0,0.0,0.0,0.0,0.0,0.0,2.0,0.0,500,400000,0.004999999888241291,30,True,0.0,0.6666666865348816,0.0,0.0,0.0,0.0,1.0,0.0,0.0,0.0,0.0,0.0,0.0,0.0,0.0,1.0,30.0,44.156,44.15599999999995,48,9685,125000,jul-17-2021_1623
1084,0.0,0.0,0.0,0.0,1,0.0,0.0,0.0,0.0,0.0,0.0,0.0,0.0,2.0,0.0,500,400000,0.004999999888241291,30,True,0.0,1.0,0.0,0.0,0.0,0.0,1.0,0.0,0.0,0.0,0.0,0.0,0.0,0.0,0.0,1.0,30.0,42.596,42.596000000000004,50,7842,85000,jul-17-2021_1623
1085,0.0,0.0,0.0,0.0,1,0.0,0.0,0.0,0.0,0.0,0.0,0.0,0.0,2.0,0.0,500,400000,0.004999999888241291,30,True,0.3333333432674408,-1.0,0.0,0.0,0.0,0.0,1.0,0.0,0.0,0.0,0.0,0.0,0.0,0.0,0.0,1.0,30.0,60.932,60.932000000000016,53,12993,150000,jul-17-2021_1623
1086,0.0,0.0,0.0,0.0,1,0.0,0.0,0.0,0.0,0.0,0.0,0.0,0.0,2.0,0.0,500,400000,0.004999999888241291,30,True,0.3333333432674408,-0.6666666865348816,0.0,0.0,0.0,0.0,1.0,0.0,0.0,0.0,0.0,0.0,0.0,0.0,0.0,1.0,30.0,46.624,46.624000000000024,48,10649,115000,jul-17-2021_1623
1087,0.0,0.0,0.0,0.0,1,0.0,0.0,0.0,0.0,0.0,0.0,0.0,0.0,2.0,0.0,500,400000,0.004999999888241291,30,True,0.3333333432674408,-0.3333333432674408,0.0,0.0,0.0,0.0,1.0,0.0,0.0,0.0,0.0,0.0,0.0,0.0,0.0,1.0,30.0,48.48,48.48000000000002,46,9115,125000,jul-17-2021_1623
1088,0.0,0.0,0.0,0.0,1,0.0,0.0,0.0,0.0,0.0,0.0,0.0,0.0,2.0,0.0,500,400000,0.004999999888241291,30,True,0.3333333432674408,0.0,0.0,0.0,0.0,0.0,1.0,0.0,0.0,0.0,0.0,0.0,0.0,0.0,0.0,1.0,30.0,40.664,40.66399999999999,50,7688,105000,jul-17-2021_1623
1089,0.0,0.0,0.0,0.0,1,0.0,0.0,0.0,0.0,0.0,0.0,0.0,0.0,2.0,0.0,500,400000,0.004999999888241291,30,True,0.3333333432674408,0.3333333432674408,0.0,0.0,0.0,0.0,1.0,0.0,0.0,0.0,0.0,0.0,0.0,0.0,0.0,1.0,30.0,32.616,32.615999999999985,42,5962,60000,jul-17-2021_1623
1090,0.0,0.0,0.0,0.0,1,0.0,0.0,0.0,0.0,0.0,0.0,0.0,0.0,2.0,0.0,500,400000,0.004999999888241291,30,True,0.3333333432674408,0.6666666865348816,0.0,0.0,0.0,0.0,1.0,0.0,0.0,0.0,0.0,0.0,0.0,0.0,0.0,1.0,30.0,58.772,58.77200000000005,53,14599,155000,jul-17-2021_1623
1091,0.0,0.0,0.0,0.0,1,0.0,0.0,0.0,0.0,0.0,0.0,0.0,0.0,2.0,0.0,500,400000,0.004999999888241291,30,True,0.3333333432674408,1.0,0.0,0.0,0.0,0.0,1.0,0.0,0.0,0.0,0.0,0.0,0.0,0.0,0.0,1.0,30.0,45.132,45.13199999999995,50,8941,115000,jul-17-2021_1623
1092,0.0,0.0,0.0,0.0,1,0.0,0.0,0.0,0.0,0.0,0.0,0.0,0.0,2.0,0.0,500,400000,0.004999999888241291,30,True,0.6666666865348816,-1.0,0.0,0.0,0.0,0.0,1.0,0.0,0.0,0.0,0.0,0.0,0.0,0.0,0.0,1.0,30.0,64.992,64.99199999999996,63,26964,180000,jul-17-2021_1624
1093,0.0,0.0,0.0,0.0,1,0.0,0.0,0.0,0.0,0.0,0.0,0.0,0.0,2.0,0.0,500,400000,0.004999999888241291,30,True,0.6666666865348816,-0.6666666865348816,0.0,0.0,0.0,0.0,1.0,0.0,0.0,0.0,0.0,0.0,0.0,0.0,0.0,1.0,30.0,42.78,42.77999999999997,47,6737,135000,jul-17-2021_1624
1094,0.0,0.0,0.0,0.0,1,0.0,0.0,0.0,0.0,0.0,0.0,0.0,0.0,2.0,0.0,500,400000,0.004999999888241291,30,True,0.6666666865348816,-0.3333333432674408,0.0,0.0,0.0,0.0,1.0,0.0,0.0,0.0,0.0,0.0,0.0,0.0,0.0,1.0,30.0,46.232,46.23199999999997,47,9240,180000,jul-17-2021_1624
1095,0.0,0.0,0.0,0.0,1,0.0,0.0,0.0,0.0,0.0,0.0,0.0,0.0,2.0,0.0,500,400000,0.004999999888241291,30,True,0.6666666865348816,0.0,0.0,0.0,0.0,0.0,1.0,0.0,0.0,0.0,0.0,0.0,0.0,0.0,0.0,1.0,30.0,65.844,65.84400000000005,70,22846,180000,jul-17-2021_1624
1096,0.0,0.0,0.0,0.0,1,0.0,0.0,0.0,0.0,0.0,0.0,0.0,0.0,2.0,0.0,500,400000,0.004999999888241291,30,True,0.6666666865348816,0.3333333432674408,0.0,0.0,0.0,0.0,1.0,0.0,0.0,0.0,0.0,0.0,0.0,0.0,0.0,1.0,30.0,37.716,37.71600000000001,45,6423,80000,jul-17-2021_1624
1097,0.0,0.0,0.0,0.0,1,0.0,0.0,0.0,0.0,0.0,0.0,0.0,0.0,2.0,0.0,500,400000,0.004999999888241291,30,True,0.6666666865348816,0.6666666865348816,0.0,0.0,0.0,0.0,1.0,0.0,0.0,0.0,0.0,0.0,0.0,0.0,0.0,1.0,30.0,50.728,50.72799999999995,51,10954,150000,jul-17-2021_1624
1098,0.0,0.0,0.0,0.0,1,0.0,0.0,0.0,0.0,0.0,0.0,0.0,0.0,2.0,0.0,500,400000,0.004999999888241291,30,True,0.6666666865348816,1.0,0.0,0.0,0.0,0.0,1.0,0.0,0.0,0.0,0.0,0.0,0.0,0.0,0.0,1.0,30.0,40.436,40.436000000000035,46,6935,150000,jul-17-2021_1624
1099,0.0,0.0,0.0,0.0,1,0.0,0.0,0.0,0.0,0.0,0.0,0.0,0.0,2.0,0.0,500,400000,0.004999999888241291,30,True,1.0,-1.0,0.0,0.0,0.0,0.0,1.0,0.0,0.0,0.0,0.0,0.0,0.0,0.0,0.0,1.0,30.0,76.888,76.88800000000003,63,47041,290000,jul-17-2021_1624
1100,0.0,0.0,0.0,0.0,1,0.0,0.0,0.0,0.0,0.0,0.0,0.0,0.0,2.0,0.0,500,400000,0.004999999888241291,30,True,1.0,-0.6666666865348816,0.0,0.0,0.0,0.0,1.0,0.0,0.0,0.0,0.0,0.0,0.0,0.0,0.0,1.0,30.0,69.468,69.46799999999996,66,25589,220000,jul-17-2021_1624
1101,0.0,0.0,0.0,0.0,1,0.0,0.0,0.0,0.0,0.0,0.0,0.0,0.0,2.0,0.0,500,400000,0.004999999888241291,30,True,1.0,-0.3333333432674408,0.0,0.0,0.0,0.0,1.0,0.0,0.0,0.0,0.0,0.0,0.0,0.0,0.0,1.0,30.0,74.66,74.65999999999997,63,29767,245000,jul-17-2021_1624
1102,0.0,0.0,0.0,0.0,1,0.0,0.0,0.0,0.0,0.0,0.0,0.0,0.0,2.0,0.0,500,400000,0.004999999888241291,30,True,1.0,0.0,0.0,0.0,0.0,0.0,1.0,0.0,0.0,0.0,0.0,0.0,0.0,0.0,0.0,1.0,30.0,58.476,58.476,52,15070,145000,jul-17-2021_1624
1103,0.0,0.0,0.0,0.0,1,0.0,0.0,0.0,0.0,0.0,0.0,0.0,0.0,2.0,0.0,500,400000,0.004999999888241291,30,True,1.0,0.3333333432674408,0.0,0.0,0.0,0.0,1.0,0.0,0.0,0.0,0.0,0.0,0.0,0.0,0.0,1.0,30.0,61.876,61.875999999999976,54,15296,120000,jul-17-2021_1624
1104,0.0,0.0,0.0,0.0,1,0.0,0.0,0.0,0.0,0.0,0.0,0.0,0.0,2.0,0.0,500,400000,0.004999999888241291,30,True,1.0,0.6666666865348816,0.0,0.0,0.0,0.0,1.0,0.0,0.0,0.0,0.0,0.0,0.0,0.0,0.0,1.0,30.0,40.48,40.48000000000002,51,7860,100000,jul-17-2021_1624
1105,0.0,0.0,0.0,0.0,1,0.0,0.0,0.0,0.0,0.0,0.0,0.0,0.0,2.0,0.0,500,400000,0.004999999888241291,30,True,1.0,1.0,0.0,0.0,0.0,0.0,1.0,0.0,0.0,0.0,0.0,0.0,0.0,0.0,0.0,1.0,30.0,48.432,48.432000000000016,49,9616,145000,jul-17-2021_1625
1106,0.0,0.0,0.0,0.0,1,0.0,0.0,0.0,0.0,0.0,0.0,0.0,0.0,2.0,0.0,500,400000,0.004999999888241291,30,True,1.3333333730697632,-1.0,0.0,0.0,0.0,0.0,1.0,0.0,0.0,0.0,0.0,0.0,0.0,0.0,0.0,0.184,3.0280001702308654,87.61788459086738,58.168000000000006,56,134084,399999,jul-17-2021_1625
1107,0.0,0.0,0.0,0.0,1,0.0,0.0,0.0,0.0,0.0,0.0,0.0,0.0,2.0,0.0,500,400000,0.004999999888241291,30,True,1.3333333730697632,-0.6666666865348816,0.0,0.0,0.0,0.0,1.0,0.0,0.0,0.0,0.0,0.0,0.0,0.0,0.0,0.992,29.728000004053115,77.71046053163232,78.01199999999994,70,44243,399999,jul-17-2021_1625
1108,0.0,0.0,0.0,0.0,1,0.0,0.0,0.0,0.0,0.0,0.0,0.0,0.0,2.0,0.0,500,400000,0.004999999888241291,30,True,1.3333333730697632,-0.3333333432674408,0.0,0.0,0.0,0.0,1.0,0.0,0.0,0.0,0.0,0.0,0.0,0.0,0.0,0.844,25.772000102639197,55.20712891278141,63.36800000000005,56,31573,399999,jul-17-2021_1625
1109,0.0,0.0,0.0,0.0,1,0.0,0.0,0.0,0.0,0.0,0.0,0.0,0.0,2.0,0.0,500,400000,0.004999999888241291,30,True,1.3333333730697632,0.0,0.0,0.0,0.0,0.0,1.0,0.0,0.0,0.0,0.0,0.0,0.0,0.0,0.0,1.0,30.0,48.764,48.76400000000001,50,10004,175000,jul-17-2021_1625
1110,0.0,0.0,0.0,0.0,1,0.0,0.0,0.0,0.0,0.0,0.0,0.0,0.0,2.0,0.0,500,400000,0.004999999888241291,30,True,1.3333333730697632,0.3333333432674408,0.0,0.0,0.0,0.0,1.0,0.0,0.0,0.0,0.0,0.0,0.0,0.0,0.0,1.0,30.0,50.928,50.928,49,9073,115000,jul-17-2021_1625
1111,0.0,0.0,0.0,0.0,1,0.0,0.0,0.0,0.0,0.0,0.0,0.0,0.0,2.0,0.0,500,400000,0.004999999888241291,30,True,1.3333333730697632,0.6666666865348816,0.0,0.0,0.0,0.0,1.0,0.0,0.0,0.0,0.0,0.0,0.0,0.0,0.0,1.0,30.0,65.676,65.67600000000004,56,19230,185000,jul-17-2021_1625
1112,0.0,0.0,0.0,0.0,1,0.0,0.0,0.0,0.0,0.0,0.0,0.0,0.0,2.0,0.0,500,400000,0.004999999888241291,30,True,1.3333333730697632,1.0,0.0,0.0,0.0,0.0,1.0,0.0,0.0,0.0,0.0,0.0,0.0,0.0,0.0,1.0,30.0,53.444,53.44399999999996,53,12854,150000,jul-17-2021_1626
1113,0.0,0.0,0.0,0.0,1,0.0,0.0,0.0,0.0,0.0,0.0,0.0,0.0,2.0,0.0,500,400000,0.004999999888241291,30,True,1.6666666269302368,-1.0,0.0,0.0,0.0,0.0,1.0,0.0,0.0,0.0,0.0,0.0,0.0,0.0,0.0,0.0,0.0,0.0,46.49199999999996,51,117323,230000,jul-17-2021_1626
1114,0.0,0.0,0.0,0.0,1,0.0,0.0,0.0,0.0,0.0,0.0,0.0,0.0,2.0,0.0,500,400000,0.004999999888241291,30,True,1.6666666269302368,-0.6666666865348816,0.0,0.0,0.0,0.0,1.0,0.0,0.0,0.0,0.0,0.0,0.0,0.0,0.0,1.0,30.0,76.976,76.976,58,28229,310000,jul-17-2021_1626
1115,0.0,0.0,0.0,0.0,1,0.0,0.0,0.0,0.0,0.0,0.0,0.0,0.0,2.0,0.0,500,400000,0.004999999888241291,30,True,1.6666666269302368,-0.3333333432674408,0.0,0.0,0.0,0.0,1.0,0.0,0.0,0.0,0.0,0.0,0.0,0.0,0.0,1.0,30.0,60.3,60.299999999999955,55,10790,165000,jul-17-2021_1626
1116,0.0,0.0,0.0,0.0,1,0.0,0.0,0.0,0.0,0.0,0.0,0.0,0.0,2.0,0.0,500,400000,0.004999999888241291,30,True,1.6666666269302368,0.0,0.0,0.0,0.0,0.0,1.0,0.0,0.0,0.0,0.0,0.0,0.0,0.0,0.0,1.0,30.0,69.88,69.88,58,26083,230000,jul-17-2021_1626
1117,0.0,0.0,0.0,0.0,1,0.0,0.0,0.0,0.0,0.0,0.0,0.0,0.0,2.0,0.0,500,400000,0.004999999888241291,30,True,1.6666666269302368,0.3333333432674408,0.0,0.0,0.0,0.0,1.0,0.0,0.0,0.0,0.0,0.0,0.0,0.0,0.0,0.966,29.931999971866606,75.47715220959468,64.08399999999995,59,19645,399999,jul-17-2021_1626
1118,0.0,0.0,0.0,0.0,1,0.0,0.0,0.0,0.0,0.0,0.0,0.0,0.0,2.0,0.0,500,400000,0.004999999888241291,30,True,1.6666666269302368,0.6666666865348816,0.0,0.0,0.0,0.0,1.0,0.0,0.0,0.0,0.0,0.0,0.0,0.0,0.0,1.0,30.0,65.744,65.74400000000003,56,16985,295000,jul-17-2021_1626
1119,0.0,0.0,0.0,0.0,1,0.0,0.0,0.0,0.0,0.0,0.0,0.0,0.0,2.0,0.0,500,400000,0.004999999888241291,30,True,1.6666666269302368,1.0,0.0,0.0,0.0,0.0,1.0,0.0,0.0,0.0,0.0,0.0,0.0,0.0,0.0,0.928,30.949333261728288,78.4134308305974,63.28800000000001,57,17653,399999,jul-17-2021_1627
1120,0.0,0.0,0.0,0.0,1,0.0,0.0,0.0,0.0,0.0,0.0,0.0,0.0,2.0,0.0,500,400000,0.004999999888241291,30,True,2.0,-1.0,0.0,0.0,0.0,0.0,1.0,0.0,0.0,0.0,0.0,0.0,0.0,0.0,0.0,0.344,10.58,193.1036,66.976,60,168653,399999,jul-17-2021_1627
1121,0.0,0.0,0.0,0.0,1,0.0,0.0,0.0,0.0,0.0,0.0,0.0,0.0,2.0,0.0,500,400000,0.004999999888241291,30,True,2.0,-0.6666666865348816,0.0,0.0,0.0,0.0,1.0,0.0,0.0,0.0,0.0,0.0,0.0,0.0,0.0,0.524,18.759999865174294,150.33306914396925,72.26800000000003,67,129420,399999,jul-17-2021_1627
1122,0.0,0.0,0.0,0.0,1,0.0,0.0,0.0,0.0,0.0,0.0,0.0,0.0,2.0,0.0,500,400000,0.004999999888241291,30,True,2.0,-0.3333333432674408,0.0,0.0,0.0,0.0,1.0,0.0,0.0,0.0,0.0,0.0,0.0,0.0,0.0,1.0,30.0,67.424,67.42399999999998,56,15227,235000,jul-17-2021_1627
1123,0.0,0.0,0.0,0.0,1,0.0,0.0,0.0,0.0,0.0,0.0,0.0,0.0,2.0,0.0,500,400000,0.004999999888241291,30,True,2.0,0.0,0.0,0.0,0.0,0.0,1.0,0.0,0.0,0.0,0.0,0.0,0.0,0.0,0.0,0.846,29.256,138.25846399999998,76.39999999999998,63,43717,399999,jul-17-2021_1628
1124,0.0,0.0,0.0,0.0,1,0.0,0.0,0.0,0.0,0.0,0.0,0.0,0.0,2.0,0.0,500,400000,0.004999999888241291,30,True,2.0,0.3333333432674408,0.0,0.0,0.0,0.0,1.0,0.0,0.0,0.0,0.0,0.0,0.0,0.0,0.0,1.0,30.0,73.84,73.84000000000003,54,22935,215000,jul-17-2021_1628
1125,0.0,0.0,0.0,0.0,1,0.0,0.0,0.0,0.0,0.0,0.0,0.0,0.0,2.0,0.0,500,400000,0.004999999888241291,30,True,2.0,0.6666666865348816,0.0,0.0,0.0,0.0,1.0,0.0,0.0,0.0,0.0,0.0,0.0,0.0,0.0,0.946,30.81733336162567,103.29907740258533,71.13199999999995,56,35531,399999,jul-17-2021_1628
1126,0.0,0.0,0.0,0.0,1,0.0,0.0,0.0,0.0,0.0,0.0,0.0,0.0,2.0,0.0,500,400000,0.004999999888241291,30,True,2.0,1.0,0.0,0.0,0.0,0.0,1.0,0.0,0.0,0.0,0.0,0.0,0.0,0.0,0.0,1.0,30.0,74.616,74.61599999999999,62,30934,250000,jul-17-2021_1628
1127,0.0,0.0,0.0,0.0,1,0.0,0.0,0.0,0.0,0.0,0.0,0.0,0.0,2.0,0.0,500,400000,0.004999999888241291,30,True,0.0,-1.0,0.0,0.0,0.0,0.0,1.0,0.0,0.0,0.0,0.0,0.0,0.0,0.0,0.0,1.0,30.0,61.292,61.29200000000003,54,14851,195000,jul-17-2021_1628
1128,0.0,0.0,0.0,0.0,1,0.0,0.0,0.0,0.0,0.0,0.0,0.0,0.0,2.0,0.0,500,400000,0.004999999888241291,30,True,0.0,-0.6666666865348816,0.0,0.0,0.0,0.0,1.0,0.0,0.0,0.0,0.0,0.0,0.0,0.0,0.0,1.0,30.0,42.6,42.60000000000002,45,9293,95000,jul-17-2021_1628
1129,0.0,0.0,0.0,0.0,1,0.0,0.0,0.0,0.0,0.0,0.0,0.0,0.0,2.0,0.0,500,400000,0.004999999888241291,30,True,0.0,-0.3333333432674408,0.0,0.0,0.0,0.0,1.0,0.0,0.0,0.0,0.0,0.0,0.0,0.0,0.0,1.0,30.0,53.464,53.464000000000055,57,12721,145000,jul-17-2021_1628
1130,0.0,0.0,0.0,0.0,1,0.0,0.0,0.0,0.0,0.0,0.0,0.0,0.0,2.0,0.0,500,400000,0.004999999888241291,30,True,0.0,0.0,0.0,0.0,0.0,0.0,1.0,0.0,0.0,0.0,0.0,0.0,0.0,0.0,0.0,1.0,30.0,56.184,56.18399999999997,52,13923,175000,jul-17-2021_1628
1131,0.0,0.0,0.0,0.0,1,0.0,0.0,0.0,0.0,0.0,0.0,0.0,0.0,2.0,0.0,500,400000,0.004999999888241291,30,True,0.0,0.3333333432674408,0.0,0.0,0.0,0.0,1.0,0.0,0.0,0.0,0.0,0.0,0.0,0.0,0.0,1.0,30.0,28.816,28.81600000000003,46,4623,115000,jul-17-2021_1628
1132,0.0,0.0,0.0,0.0,1,0.0,0.0,0.0,0.0,0.0,0.0,0.0,0.0,2.0,0.0,500,400000,0.004999999888241291,30,True,0.0,0.6666666865348816,0.0,0.0,0.0,0.0,1.0,0.0,0.0,0.0,0.0,0.0,0.0,0.0,0.0,1.0,30.0,46.692,46.69200000000001,52,12789,150000,jul-17-2021_1628
1133,0.0,0.0,0.0,0.0,1,0.0,0.0,0.0,0.0,0.0,0.0,0.0,0.0,2.0,0.0,500,400000,0.004999999888241291,30,True,0.0,1.0,0.0,0.0,0.0,0.0,1.0,0.0,0.0,0.0,0.0,0.0,0.0,0.0,0.0,1.0,30.0,44.596,44.596000000000004,51,8947,125000,jul-17-2021_1628
1134,0.0,0.0,0.0,0.0,1,0.0,0.0,0.0,0.0,0.0,0.0,0.0,0.0,2.0,0.0,500,400000,0.004999999888241291,30,True,0.3333333432674408,-1.0,0.0,0.0,0.0,0.0,1.0,0.0,0.0,0.0,0.0,0.0,0.0,0.0,0.0,1.0,30.0,51.488,51.488000000000056,51,9816,110000,jul-17-2021_1628
1135,0.0,0.0,0.0,0.0,1,0.0,0.0,0.0,0.0,0.0,0.0,0.0,0.0,2.0,0.0,500,400000,0.004999999888241291,30,True,0.3333333432674408,-0.6666666865348816,0.0,0.0,0.0,0.0,1.0,0.0,0.0,0.0,0.0,0.0,0.0,0.0,0.0,1.0,30.0,48.896,48.89599999999996,51,9756,175000,jul-17-2021_1628
1136,0.0,0.0,0.0,0.0,1,0.0,0.0,0.0,0.0,0.0,0.0,0.0,0.0,2.0,0.0,500,400000,0.004999999888241291,30,True,0.3333333432674408,-0.3333333432674408,0.0,0.0,0.0,0.0,1.0,0.0,0.0,0.0,0.0,0.0,0.0,0.0,0.0,1.0,30.0,56.444,56.44399999999996,53,13021,230000,jul-17-2021_1629
1137,0.0,0.0,0.0,0.0,1,0.0,0.0,0.0,0.0,0.0,0.0,0.0,0.0,2.0,0.0,500,400000,0.004999999888241291,30,True,0.3333333432674408,0.0,0.0,0.0,0.0,0.0,1.0,0.0,0.0,0.0,0.0,0.0,0.0,0.0,0.0,1.0,30.0,48.652,48.652000000000044,52,8892,130000,jul-17-2021_1629
1138,0.0,0.0,0.0,0.0,1,0.0,0.0,0.0,0.0,0.0,0.0,0.0,0.0,2.0,0.0,500,400000,0.004999999888241291,30,True,0.3333333432674408,0.3333333432674408,0.0,0.0,0.0,0.0,1.0,0.0,0.0,0.0,0.0,0.0,0.0,0.0,0.0,1.0,30.0,45.056,45.05600000000004,49,10384,170000,jul-17-2021_1629
1139,0.0,0.0,0.0,0.0,1,0.0,0.0,0.0,0.0,0.0,0.0,0.0,0.0,2.0,0.0,500,400000,0.004999999888241291,30,True,0.3333333432674408,0.6666666865348816,0.0,0.0,0.0,0.0,1.0,0.0,0.0,0.0,0.0,0.0,0.0,0.0,0.0,1.0,30.0,39.508,39.50800000000004,47,6387,85000,jul-17-2021_1629
1140,0.0,0.0,0.0,0.0,1,0.0,0.0,0.0,0.0,0.0,0.0,0.0,0.0,2.0,0.0,500,400000,0.004999999888241291,30,True,0.3333333432674408,1.0,0.0,0.0,0.0,0.0,1.0,0.0,0.0,0.0,0.0,0.0,0.0,0.0,0.0,1.0,30.0,28.892,28.892000000000053,45,4323,115000,jul-17-2021_1629
1141,0.0,0.0,0.0,0.0,1,0.0,0.0,0.0,0.0,0.0,0.0,0.0,0.0,2.0,0.0,500,400000,0.004999999888241291,30,True,0.6666666865348816,-1.0,0.0,0.0,0.0,0.0,1.0,0.0,0.0,0.0,0.0,0.0,0.0,0.0,0.0,1.0,30.0,58.868,58.86800000000005,55,20741,140000,jul-17-2021_1629
1142,0.0,0.0,0.0,0.0,1,0.0,0.0,0.0,0.0,0.0,0.0,0.0,0.0,2.0,0.0,500,400000,0.004999999888241291,30,True,0.6666666865348816,-0.6666666865348816,0.0,0.0,0.0,0.0,1.0,0.0,0.0,0.0,0.0,0.0,0.0,0.0,0.0,1.0,30.0,44.004,44.00400000000002,48,9430,120000,jul-17-2021_1629
1143,0.0,0.0,0.0,0.0,1,0.0,0.0,0.0,0.0,0.0,0.0,0.0,0.0,2.0,0.0,500,400000,0.004999999888241291,30,True,0.6666666865348816,-0.3333333432674408,0.0,0.0,0.0,0.0,1.0,0.0,0.0,0.0,0.0,0.0,0.0,0.0,0.0,1.0,30.0,52.832,52.831999999999994,54,12073,170000,jul-17-2021_1629
1144,0.0,0.0,0.0,0.0,1,0.0,0.0,0.0,0.0,0.0,0.0,0.0,0.0,2.0,0.0,500,400000,0.004999999888241291,30,True,0.6666666865348816,0.0,0.0,0.0,0.0,0.0,1.0,0.0,0.0,0.0,0.0,0.0,0.0,0.0,0.0,1.0,30.0,49.68,49.67999999999995,50,14010,165000,jul-17-2021_1629
1145,0.0,0.0,0.0,0.0,1,0.0,0.0,0.0,0.0,0.0,0.0,0.0,0.0,2.0,0.0,500,400000,0.004999999888241291,30,True,0.6666666865348816,0.3333333432674408,0.0,0.0,0.0,0.0,1.0,0.0,0.0,0.0,0.0,0.0,0.0,0.0,0.0,1.0,30.0,42.74,42.74000000000001,45,8832,160000,jul-17-2021_1629
1146,0.0,0.0,0.0,0.0,1,0.0,0.0,0.0,0.0,0.0,0.0,0.0,0.0,2.0,0.0,500,400000,0.004999999888241291,30,True,0.6666666865348816,0.6666666865348816,0.0,0.0,0.0,0.0,1.0,0.0,0.0,0.0,0.0,0.0,0.0,0.0,0.0,1.0,30.0,50.008,50.00800000000004,49,12158,145000,jul-17-2021_1629
1147,0.0,0.0,0.0,0.0,1,0.0,0.0,0.0,0.0,0.0,0.0,0.0,0.0,2.0,0.0,500,400000,0.004999999888241291,30,True,0.6666666865348816,1.0,0.0,0.0,0.0,0.0,1.0,0.0,0.0,0.0,0.0,0.0,0.0,0.0,0.0,1.0,30.0,42.472,42.47199999999998,51,8224,125000,jul-17-2021_1629
1148,0.0,0.0,0.0,0.0,1,0.0,0.0,0.0,0.0,0.0,0.0,0.0,0.0,2.0,0.0,500,400000,0.004999999888241291,30,True,1.0,-1.0,0.0,0.0,0.0,0.0,1.0,0.0,0.0,0.0,0.0,0.0,0.0,0.0,0.0,1.0,30.0,53.108,53.10799999999995,54,14755,200000,jul-17-2021_1629
1149,0.0,0.0,0.0,0.0,1,0.0,0.0,0.0,0.0,0.0,0.0,0.0,0.0,2.0,0.0,500,400000,0.004999999888241291,30,True,1.0,-0.6666666865348816,0.0,0.0,0.0,0.0,1.0,0.0,0.0,0.0,0.0,0.0,0.0,0.0,0.0,1.0,30.0,65.044,65.04399999999998,52,25274,280000,jul-17-2021_1629
1150,0.0,0.0,0.0,0.0,1,0.0,0.0,0.0,0.0,0.0,0.0,0.0,0.0,2.0,0.0,500,400000,0.004999999888241291,30,True,1.0,-0.3333333432674408,0.0,0.0,0.0,0.0,1.0,0.0,0.0,0.0,0.0,0.0,0.0,0.0,0.0,1.0,30.0,55.996,55.99599999999998,53,17358,150000,jul-17-2021_1630
1151,0.0,0.0,0.0,0.0,1,0.0,0.0,0.0,0.0,0.0,0.0,0.0,0.0,2.0,0.0,500,400000,0.004999999888241291,30,True,1.0,0.0,0.0,0.0,0.0,0.0,1.0,0.0,0.0,0.0,0.0,0.0,0.0,0.0,0.0,1.0,30.0,66.612,66.61199999999997,54,19071,315000,jul-17-2021_1630
1152,0.0,0.0,0.0,0.0,1,0.0,0.0,0.0,0.0,0.0,0.0,0.0,0.0,2.0,0.0,500,400000,0.004999999888241291,30,True,1.0,0.3333333432674408,0.0,0.0,0.0,0.0,1.0,0.0,0.0,0.0,0.0,0.0,0.0,0.0,0.0,1.0,30.0,59.112,59.111999999999966,50,13542,180000,jul-17-2021_1630
1153,0.0,0.0,0.0,0.0,1,0.0,0.0,0.0,0.0,0.0,0.0,0.0,0.0,2.0,0.0,500,400000,0.004999999888241291,30,True,1.0,0.6666666865348816,0.0,0.0,0.0,0.0,1.0,0.0,0.0,0.0,0.0,0.0,0.0,0.0,0.0,1.0,30.0,49.368,49.36800000000005,49,9128,110000,jul-17-2021_1630
1154,0.0,0.0,0.0,0.0,1,0.0,0.0,0.0,0.0,0.0,0.0,0.0,0.0,2.0,0.0,500,400000,0.004999999888241291,30,True,1.0,1.0,0.0,0.0,0.0,0.0,1.0,0.0,0.0,0.0,0.0,0.0,0.0,0.0,0.0,1.0,30.0,40.884,40.884000000000015,50,8344,175000,jul-17-2021_1630
1155,0.0,0.0,0.0,0.0,1,0.0,0.0,0.0,0.0,0.0,0.0,0.0,0.0,2.0,0.0,500,400000,0.004999999888241291,30,True,1.3333333730697632,-1.0,0.0,0.0,0.0,0.0,1.0,0.0,0.0,0.0,0.0,0.0,0.0,0.0,0.0,1.0,30.0,74.744,74.74400000000003,65,21980,305000,jul-17-2021_1630
1156,0.0,0.0,0.0,0.0,1,0.0,0.0,0.0,0.0,0.0,0.0,0.0,0.0,2.0,0.0,500,400000,0.004999999888241291,30,True,1.3333333730697632,-0.6666666865348816,0.0,0.0,0.0,0.0,1.0,0.0,0.0,0.0,0.0,0.0,0.0,0.0,0.0,1.0,30.0,56.872,56.87199999999996,52,15973,160000,jul-17-2021_1630
1157,0.0,0.0,0.0,0.0,1,0.0,0.0,0.0,0.0,0.0,0.0,0.0,0.0,2.0,0.0,500,400000,0.004999999888241291,30,True,1.3333333730697632,-0.3333333432674408,0.0,0.0,0.0,0.0,1.0,0.0,0.0,0.0,0.0,0.0,0.0,0.0,0.0,0.908,27.410000069439413,67.17834613998674,73.41600000000005,58,34373,399999,jul-17-2021_1630
1158,0.0,0.0,0.0,0.0,1,0.0,0.0,0.0,0.0,0.0,0.0,0.0,0.0,2.0,0.0,500,400000,0.004999999888241291,30,True,1.3333333730697632,0.0,0.0,0.0,0.0,0.0,1.0,0.0,0.0,0.0,0.0,0.0,0.0,0.0,0.0,1.0,30.0,61.48,61.48000000000002,56,15982,200000,jul-17-2021_1630
1159,0.0,0.0,0.0,0.0,1,0.0,0.0,0.0,0.0,0.0,0.0,0.0,0.0,2.0,0.0,500,400000,0.004999999888241291,30,True,1.3333333730697632,0.3333333432674408,0.0,0.0,0.0,0.0,1.0,0.0,0.0,0.0,0.0,0.0,0.0,0.0,0.0,1.0,30.0,56.72,56.72000000000003,53,15402,145000,jul-17-2021_1630
1160,0.0,0.0,0.0,0.0,1,0.0,0.0,0.0,0.0,0.0,0.0,0.0,0.0,2.0,0.0,500,400000,0.004999999888241291,30,True,1.3333333730697632,0.6666666865348816,0.0,0.0,0.0,0.0,1.0,0.0,0.0,0.0,0.0,0.0,0.0,0.0,0.0,0.96,29.93200005745888,65.45670976060552,66.31200000000001,52,15007,399999,jul-17-2021_1631
1161,0.0,0.0,0.0,0.0,1,0.0,0.0,0.0,0.0,0.0,0.0,0.0,0.0,2.0,0.0,500,400000,0.004999999888241291,30,True,1.3333333730697632,1.0,0.0,0.0,0.0,0.0,1.0,0.0,0.0,0.0,0.0,0.0,0.0,0.0,0.0,1.0,30.0,31.508,31.508000000000038,45,5067,100000,jul-17-2021_1631
1162,0.0,0.0,0.0,0.0,1,0.0,0.0,0.0,0.0,0.0,0.0,0.0,0.0,2.0,0.0,500,400000,0.004999999888241291,30,True,1.6666666269302368,-1.0,0.0,0.0,0.0,0.0,1.0,0.0,0.0,0.0,0.0,0.0,0.0,0.0,0.0,1.0,30.0,76.688,76.68799999999999,56,34040,335000,jul-17-2021_1631
1163,0.0,0.0,0.0,0.0,1,0.0,0.0,0.0,0.0,0.0,0.0,0.0,0.0,2.0,0.0,500,400000,0.004999999888241291,30,True,1.6666666269302368,-0.6666666865348816,0.0,0.0,0.0,0.0,1.0,0.0,0.0,0.0,0.0,0.0,0.0,0.0,0.0,1.0,30.0,63.808,63.80799999999999,58,16398,180000,jul-17-2021_1631
1164,0.0,0.0,0.0,0.0,1,0.0,0.0,0.0,0.0,0.0,0.0,0.0,0.0,2.0,0.0,500,400000,0.004999999888241291,30,True,1.6666666269302368,-0.3333333432674408,0.0,0.0,0.0,0.0,1.0,0.0,0.0,0.0,0.0,0.0,0.0,0.0,0.0,1.0,30.0,44.56,44.559999999999945,49,7857,125000,jul-17-2021_1631
1165,0.0,0.0,0.0,0.0,1,0.0,0.0,0.0,0.0,0.0,0.0,0.0,0.0,2.0,0.0,500,400000,0.004999999888241291,30,True,1.6666666269302368,0.0,0.0,0.0,0.0,0.0,1.0,0.0,0.0,0.0,0.0,0.0,0.0,0.0,0.0,0.966,29.675333301782608,72.20147972592092,71.10400000000004,59,40072,399999,jul-17-2021_1631
1166,0.0,0.0,0.0,0.0,1,0.0,0.0,0.0,0.0,0.0,0.0,0.0,0.0,2.0,0.0,500,400000,0.004999999888241291,30,True,1.6666666269302368,0.3333333432674408,0.0,0.0,0.0,0.0,1.0,0.0,0.0,0.0,0.0,0.0,0.0,0.0,0.0,1.0,30.0,65.544,65.54399999999998,58,24872,310000,jul-17-2021_1631
1167,0.0,0.0,0.0,0.0,1,0.0,0.0,0.0,0.0,0.0,0.0,0.0,0.0,2.0,0.0,500,400000,0.004999999888241291,30,True,1.6666666269302368,0.6666666865348816,0.0,0.0,0.0,0.0,1.0,0.0,0.0,0.0,0.0,0.0,0.0,0.0,0.0,1.0,30.0,62.336,62.33600000000001,54,17398,320000,jul-17-2021_1631
1168,0.0,0.0,0.0,0.0,1,0.0,0.0,0.0,0.0,0.0,0.0,0.0,0.0,2.0,0.0,500,400000,0.004999999888241291,30,True,1.6666666269302368,1.0,0.0,0.0,0.0,0.0,1.0,0.0,0.0,0.0,0.0,0.0,0.0,0.0,0.0,1.0,30.0,71.32,71.32000000000005,55,22798,295000,jul-17-2021_1631
1169,0.0,0.0,0.0,0.0,1,0.0,0.0,0.0,0.0,0.0,0.0,0.0,0.0,2.0,0.0,500,400000,0.004999999888241291,30,True,2.0,-1.0,0.0,0.0,0.0,0.0,1.0,0.0,0.0,0.0,0.0,0.0,0.0,0.0,0.0,0.372,11.774,189.034924,64.44000000000005,56,108333,399999,jul-17-2021_1632
1170,0.0,0.0,0.0,0.0,1,0.0,0.0,0.0,0.0,0.0,0.0,0.0,0.0,2.0,0.0,500,400000,0.004999999888241291,30,True,2.0,-0.6666666865348816,0.0,0.0,0.0,0.0,1.0,0.0,0.0,0.0,0.0,0.0,0.0,0.0,0.0,0.69,23.30666655123234,164.44729030341574,74.29200000000003,69,54603,399999,jul-17-2021_1632
1171,0.0,0.0,0.0,0.0,1,0.0,0.0,0.0,0.0,0.0,0.0,0.0,0.0,2.0,0.0,500,400000,0.004999999888241291,30,True,2.0,-0.3333333432674408,0.0,0.0,0.0,0.0,1.0,0.0,0.0,0.0,0.0,0.0,0.0,0.0,0.0,1.0,30.0,56.776,56.775999999999954,53,12952,245000,jul-17-2021_1632
1172,0.0,0.0,0.0,0.0,1,0.0,0.0,0.0,0.0,0.0,0.0,0.0,0.0,2.0,0.0,500,400000,0.004999999888241291,30,True,2.0,0.0,0.0,0.0,0.0,0.0,1.0,0.0,0.0,0.0,0.0,0.0,0.0,0.0,0.0,0.914,29.732,124.736176,70.21600000000001,55,28689,399999,jul-17-2021_1632
1173,0.0,0.0,0.0,0.0,1,0.0,0.0,0.0,0.0,0.0,0.0,0.0,0.0,2.0,0.0,500,400000,0.004999999888241291,30,True,2.0,0.3333333432674408,0.0,0.0,0.0,0.0,1.0,0.0,0.0,0.0,0.0,0.0,0.0,0.0,0.0,1.0,30.0,55.568,55.567999999999984,52,16194,330000,jul-17-2021_1632
1174,0.0,0.0,0.0,0.0,1,0.0,0.0,0.0,0.0,0.0,0.0,0.0,0.0,2.0,0.0,500,400000,0.004999999888241291,30,True,2.0,0.6666666865348816,0.0,0.0,0.0,0.0,1.0,0.0,0.0,0.0,0.0,0.0,0.0,0.0,0.0,1.0,30.0,79.044,79.04399999999998,64,30020,390000,jul-17-2021_1632
1175,0.0,0.0,0.0,0.0,1,0.0,0.0,0.0,0.0,0.0,0.0,0.0,0.0,2.0,0.0,500,400000,0.004999999888241291,30,True,2.0,1.0,0.0,0.0,0.0,0.0,1.0,0.0,0.0,0.0,0.0,0.0,0.0,0.0,0.0,1.0,30.0,74.244,74.24400000000003,65,29265,325000,jul-17-2021_1633
1176,0.0,0.0,0.0,0.0,1,0.0,0.0,0.0,0.0,0.0,0.0,0.0,0.0,2.0,0.0,500,400000,0.004999999888241291,30,True,0.0,-1.0,0.0,0.0,0.0,0.0,1.0,0.0,0.0,0.0,0.0,0.0,0.0,0.0,0.0,1.0,30.0,50.76,50.75999999999999,48,10120,140000,jul-17-2021_1633
1177,0.0,0.0,0.0,0.0,1,0.0,0.0,0.0,0.0,0.0,0.0,0.0,0.0,2.0,0.0,500,400000,0.004999999888241291,30,True,0.0,-0.6666666865348816,0.0,0.0,0.0,0.0,1.0,0.0,0.0,0.0,0.0,0.0,0.0,0.0,0.0,1.0,30.0,38.748,38.74800000000005,45,6456,95000,jul-17-2021_1633
1178,0.0,0.0,0.0,0.0,1,0.0,0.0,0.0,0.0,0.0,0.0,0.0,0.0,2.0,0.0,500,400000,0.004999999888241291,30,True,0.0,-0.3333333432674408,0.0,0.0,0.0,0.0,1.0,0.0,0.0,0.0,0.0,0.0,0.0,0.0,0.0,1.0,30.0,38.9,38.89999999999998,47,7035,130000,jul-17-2021_1633
1179,0.0,0.0,0.0,0.0,1,0.0,0.0,0.0,0.0,0.0,0.0,0.0,0.0,2.0,0.0,500,400000,0.004999999888241291,30,True,0.0,0.0,0.0,0.0,0.0,0.0,1.0,0.0,0.0,0.0,0.0,0.0,0.0,0.0,0.0,1.0,30.0,51.332,51.331999999999994,53,10507,110000,jul-17-2021_1633
1180,0.0,0.0,0.0,0.0,1,0.0,0.0,0.0,0.0,0.0,0.0,0.0,0.0,2.0,0.0,500,400000,0.004999999888241291,30,True,0.0,0.3333333432674408,0.0,0.0,0.0,0.0,1.0,0.0,0.0,0.0,0.0,0.0,0.0,0.0,0.0,1.0,30.0,38.508,38.50800000000004,47,7676,120000,jul-17-2021_1633
1181,0.0,0.0,0.0,0.0,1,0.0,0.0,0.0,0.0,0.0,0.0,0.0,0.0,2.0,0.0,500,400000,0.004999999888241291,30,True,0.0,0.6666666865348816,0.0,0.0,0.0,0.0,1.0,0.0,0.0,0.0,0.0,0.0,0.0,0.0,0.0,1.0,30.0,33.304,33.303999999999974,43,5482,100000,jul-17-2021_1633
1182,0.0,0.0,0.0,0.0,1,0.0,0.0,0.0,0.0,0.0,0.0,0.0,0.0,2.0,0.0,500,400000,0.004999999888241291,30,True,0.0,1.0,0.0,0.0,0.0,0.0,1.0,0.0,0.0,0.0,0.0,0.0,0.0,0.0,0.0,1.0,30.0,52.672,52.672000000000025,51,11068,190000,jul-17-2021_1633
1183,0.0,0.0,0.0,0.0,1,0.0,0.0,0.0,0.0,0.0,0.0,0.0,0.0,2.0,0.0,500,400000,0.004999999888241291,30,True,0.3333333432674408,-1.0,0.0,0.0,0.0,0.0,1.0,0.0,0.0,0.0,0.0,0.0,0.0,0.0,0.0,1.0,30.0,43.308,43.30799999999999,47,8288,105000,jul-17-2021_1633
1184,0.0,0.0,0.0,0.0,1,0.0,0.0,0.0,0.0,0.0,0.0,0.0,0.0,2.0,0.0,500,400000,0.004999999888241291,30,True,0.3333333432674408,-0.6666666865348816,0.0,0.0,0.0,0.0,1.0,0.0,0.0,0.0,0.0,0.0,0.0,0.0,0.0,1.0,30.0,68.156,68.15599999999995,53,33934,200000,jul-17-2021_1633
1185,0.0,0.0,0.0,0.0,1,0.0,0.0,0.0,0.0,0.0,0.0,0.0,0.0,2.0,0.0,500,400000,0.004999999888241291,30,True,0.3333333432674408,-0.3333333432674408,0.0,0.0,0.0,0.0,1.0,0.0,0.0,0.0,0.0,0.0,0.0,0.0,0.0,1.0,30.0,55.304,55.303999999999974,53,12340,140000,jul-17-2021_1633
1186,0.0,0.0,0.0,0.0,1,0.0,0.0,0.0,0.0,0.0,0.0,0.0,0.0,2.0,0.0,500,400000,0.004999999888241291,30,True,0.3333333432674408,0.0,0.0,0.0,0.0,0.0,1.0,0.0,0.0,0.0,0.0,0.0,0.0,0.0,0.0,1.0,30.0,53.268,53.26800000000003,52,11180,150000,jul-17-2021_1633
1187,0.0,0.0,0.0,0.0,1,0.0,0.0,0.0,0.0,0.0,0.0,0.0,0.0,2.0,0.0,500,400000,0.004999999888241291,30,True,0.3333333432674408,0.3333333432674408,0.0,0.0,0.0,0.0,1.0,0.0,0.0,0.0,0.0,0.0,0.0,0.0,0.0,1.0,30.0,47.052,47.05200000000002,48,9036,160000,jul-17-2021_1633
1188,0.0,0.0,0.0,0.0,1,0.0,0.0,0.0,0.0,0.0,0.0,0.0,0.0,2.0,0.0,500,400000,0.004999999888241291,30,True,0.3333333432674408,0.6666666865348816,0.0,0.0,0.0,0.0,1.0,0.0,0.0,0.0,0.0,0.0,0.0,0.0,0.0,1.0,30.0,30.1,30.100000000000023,44,5266,70000,jul-17-2021_1633
1189,0.0,0.0,0.0,0.0,1,0.0,0.0,0.0,0.0,0.0,0.0,0.0,0.0,2.0,0.0,500,400000,0.004999999888241291,30,True,0.3333333432674408,1.0,0.0,0.0,0.0,0.0,1.0,0.0,0.0,0.0,0.0,0.0,0.0,0.0,0.0,1.0,30.0,22.252,22.251999999999953,42,3623,65000,jul-17-2021_1633
1190,0.0,0.0,0.0,0.0,1,0.0,0.0,0.0,0.0,0.0,0.0,0.0,0.0,2.0,0.0,500,400000,0.004999999888241291,30,True,0.6666666865348816,-1.0,0.0,0.0,0.0,0.0,1.0,0.0,0.0,0.0,0.0,0.0,0.0,0.0,0.0,1.0,30.0,59.364,59.36400000000003,53,13181,205000,jul-17-2021_1633
1191,0.0,0.0,0.0,0.0,1,0.0,0.0,0.0,0.0,0.0,0.0,0.0,0.0,2.0,0.0,500,400000,0.004999999888241291,30,True,0.6666666865348816,-0.6666666865348816,0.0,0.0,0.0,0.0,1.0,0.0,0.0,0.0,0.0,0.0,0.0,0.0,0.0,1.0,30.0,55.324,55.323999999999955,49,11493,175000,jul-17-2021_1634
1192,0.0,0.0,0.0,0.0,1,0.0,0.0,0.0,0.0,0.0,0.0,0.0,0.0,2.0,0.0,500,400000,0.004999999888241291,30,True,0.6666666865348816,-0.3333333432674408,0.0,0.0,0.0,0.0,1.0,0.0,0.0,0.0,0.0,0.0,0.0,0.0,0.0,1.0,30.0,62.216,62.21600000000001,58,16558,225000,jul-17-2021_1634
1193,0.0,0.0,0.0,0.0,1,0.0,0.0,0.0,0.0,0.0,0.0,0.0,0.0,2.0,0.0,500,400000,0.004999999888241291,30,True,0.6666666865348816,0.0,0.0,0.0,0.0,0.0,1.0,0.0,0.0,0.0,0.0,0.0,0.0,0.0,0.0,1.0,30.0,64.588,64.58799999999997,59,17371,205000,jul-17-2021_1634
1194,0.0,0.0,0.0,0.0,1,0.0,0.0,0.0,0.0,0.0,0.0,0.0,0.0,2.0,0.0,500,400000,0.004999999888241291,30,True,0.6666666865348816,0.3333333432674408,0.0,0.0,0.0,0.0,1.0,0.0,0.0,0.0,0.0,0.0,0.0,0.0,0.0,1.0,30.0,44.752,44.75199999999995,49,10867,115000,jul-17-2021_1634
1195,0.0,0.0,0.0,0.0,1,0.0,0.0,0.0,0.0,0.0,0.0,0.0,0.0,2.0,0.0,500,400000,0.004999999888241291,30,True,0.6666666865348816,0.6666666865348816,0.0,0.0,0.0,0.0,1.0,0.0,0.0,0.0,0.0,0.0,0.0,0.0,0.0,1.0,30.0,55.608,55.60799999999995,51,15290,245000,jul-17-2021_1634
1196,0.0,0.0,0.0,0.0,1,0.0,0.0,0.0,0.0,0.0,0.0,0.0,0.0,2.0,0.0,500,400000,0.004999999888241291,30,True,0.6666666865348816,1.0,0.0,0.0,0.0,0.0,1.0,0.0,0.0,0.0,0.0,0.0,0.0,0.0,0.0,1.0,30.0,41.224,41.224000000000046,53,8086,130000,jul-17-2021_1634
1197,0.0,0.0,0.0,0.0,1,0.0,0.0,0.0,0.0,0.0,0.0,0.0,0.0,2.0,0.0,500,400000,0.004999999888241291,30,True,1.0,-1.0,0.0,0.0,0.0,0.0,1.0,0.0,0.0,0.0,0.0,0.0,0.0,0.0,0.0,1.0,30.0,68.42,68.41999999999996,58,16227,225000,jul-17-2021_1634
1198,0.0,0.0,0.0,0.0,1,0.0,0.0,0.0,0.0,0.0,0.0,0.0,0.0,2.0,0.0,500,400000,0.004999999888241291,30,True,1.0,-0.6666666865348816,0.0,0.0,0.0,0.0,1.0,0.0,0.0,0.0,0.0,0.0,0.0,0.0,0.0,1.0,30.0,67.04,67.03999999999996,55,17026,185000,jul-17-2021_1634
1199,0.0,0.0,0.0,0.0,1,0.0,0.0,0.0,0.0,0.0,0.0,0.0,0.0,2.0,0.0,500,400000,0.004999999888241291,30,True,1.0,-0.3333333432674408,0.0,0.0,0.0,0.0,1.0,0.0,0.0,0.0,0.0,0.0,0.0,0.0,0.0,1.0,30.0,58.36,58.360000000000014,55,14008,340000,jul-17-2021_1634
1200,0.0,0.0,0.0,0.0,1,0.0,0.0,0.0,0.0,0.0,0.0,0.0,0.0,2.0,0.0,500,400000,0.004999999888241291,30,True,1.0,0.0,0.0,0.0,0.0,0.0,1.0,0.0,0.0,0.0,0.0,0.0,0.0,0.0,0.0,1.0,30.0,39.056,39.05600000000004,48,7995,210000,jul-17-2021_1634
1201,0.0,0.0,0.0,0.0,1,0.0,0.0,0.0,0.0,0.0,0.0,0.0,0.0,2.0,0.0,500,400000,0.004999999888241291,30,True,1.0,0.3333333432674408,0.0,0.0,0.0,0.0,1.0,0.0,0.0,0.0,0.0,0.0,0.0,0.0,0.0,1.0,30.0,54.572,54.572,51,10767,130000,jul-17-2021_1634
1202,0.0,0.0,0.0,0.0,1,0.0,0.0,0.0,0.0,0.0,0.0,0.0,0.0,2.0,0.0,500,400000,0.004999999888241291,30,True,1.0,0.6666666865348816,0.0,0.0,0.0,0.0,1.0,0.0,0.0,0.0,0.0,0.0,0.0,0.0,0.0,1.0,30.0,54.884,54.884000000000015,49,11324,150000,jul-17-2021_1634
1203,0.0,0.0,0.0,0.0,1,0.0,0.0,0.0,0.0,0.0,0.0,0.0,0.0,2.0,0.0,500,400000,0.004999999888241291,30,True,1.0,1.0,0.0,0.0,0.0,0.0,1.0,0.0,0.0,0.0,0.0,0.0,0.0,0.0,0.0,1.0,30.0,47.776,47.775999999999954,49,9845,115000,jul-17-2021_1634
1204,0.0,0.0,0.0,0.0,1,0.0,0.0,0.0,0.0,0.0,0.0,0.0,0.0,2.0,0.0,500,400000,0.004999999888241291,30,True,1.3333333730697632,-1.0,0.0,0.0,0.0,0.0,1.0,0.0,0.0,0.0,0.0,0.0,0.0,0.0,0.0,0.412,8.402000272035599,108.44351219715497,65.62400000000002,58,131787,399999,jul-17-2021_1635
1205,0.0,0.0,0.0,0.0,1,0.0,0.0,0.0,0.0,0.0,0.0,0.0,0.0,2.0,0.0,500,400000,0.004999999888241291,30,True,1.3333333730697632,-0.6666666865348816,0.0,0.0,0.0,0.0,1.0,0.0,0.0,0.0,0.0,0.0,0.0,0.0,0.0,1.0,30.0,72.42,72.41999999999996,72,34776,300000,jul-17-2021_1635
1206,0.0,0.0,0.0,0.0,1,0.0,0.0,0.0,0.0,0.0,0.0,0.0,0.0,2.0,0.0,500,400000,0.004999999888241291,30,True,1.3333333730697632,-0.3333333432674408,0.0,0.0,0.0,0.0,1.0,0.0,0.0,0.0,0.0,0.0,0.0,0.0,0.0,1.0,30.0,67.656,67.65599999999995,57,22015,310000,jul-17-2021_1635
1207,0.0,0.0,0.0,0.0,1,0.0,0.0,0.0,0.0,0.0,0.0,0.0,0.0,2.0,0.0,500,400000,0.004999999888241291,30,True,1.3333333730697632,0.0,0.0,0.0,0.0,0.0,1.0,0.0,0.0,0.0,0.0,0.0,0.0,0.0,0.0,1.0,30.0,72.448,72.44799999999998,66,21742,195000,jul-17-2021_1635
1208,0.0,0.0,0.0,0.0,1,0.0,0.0,0.0,0.0,0.0,0.0,0.0,0.0,2.0,0.0,500,400000,0.004999999888241291,30,True,1.3333333730697632,0.3333333432674408,0.0,0.0,0.0,0.0,1.0,0.0,0.0,0.0,0.0,0.0,0.0,0.0,0.0,1.0,30.0,69.672,69.67200000000003,55,61629,385000,jul-17-2021_1635
1209,0.0,0.0,0.0,0.0,1,0.0,0.0,0.0,0.0,0.0,0.0,0.0,0.0,2.0,0.0,500,400000,0.004999999888241291,30,True,1.3333333730697632,0.6666666865348816,0.0,0.0,0.0,0.0,1.0,0.0,0.0,0.0,0.0,0.0,0.0,0.0,0.0,1.0,30.0,60.008,60.00800000000004,54,11429,180000,jul-17-2021_1635
1210,0.0,0.0,0.0,0.0,1,0.0,0.0,0.0,0.0,0.0,0.0,0.0,0.0,2.0,0.0,500,400000,0.004999999888241291,30,True,1.3333333730697632,1.0,0.0,0.0,0.0,0.0,1.0,0.0,0.0,0.0,0.0,0.0,0.0,0.0,0.0,1.0,30.0,49.564,49.563999999999965,51,11002,180000,jul-17-2021_1636
1211,0.0,0.0,0.0,0.0,1,0.0,0.0,0.0,0.0,0.0,0.0,0.0,0.0,2.0,0.0,500,400000,0.004999999888241291,30,True,1.6666666269302368,-1.0,0.0,0.0,0.0,0.0,1.0,0.0,0.0,0.0,0.0,0.0,0.0,0.0,0.0,1.0,30.0,64.488,64.48800000000006,57,18825,150000,jul-17-2021_1636
1212,0.0,0.0,0.0,0.0,1,0.0,0.0,0.0,0.0,0.0,0.0,0.0,0.0,2.0,0.0,500,400000,0.004999999888241291,30,True,1.6666666269302368,-0.6666666865348816,0.0,0.0,0.0,0.0,1.0,0.0,0.0,0.0,0.0,0.0,0.0,0.0,0.0,1.0,30.0,62.94,62.940000000000055,55,14418,210000,jul-17-2021_1636
1213,0.0,0.0,0.0,0.0,1,0.0,0.0,0.0,0.0,0.0,0.0,0.0,0.0,2.0,0.0,500,400000,0.004999999888241291,30,True,1.6666666269302368,-0.3333333432674408,0.0,0.0,0.0,0.0,1.0,0.0,0.0,0.0,0.0,0.0,0.0,0.0,0.0,1.0,30.0,65.932,65.93200000000002,59,23039,225000,jul-17-2021_1636
1214,0.0,0.0,0.0,0.0,1,0.0,0.0,0.0,0.0,0.0,0.0,0.0,0.0,2.0,0.0,500,400000,0.004999999888241291,30,True,1.6666666269302368,0.0,0.0,0.0,0.0,0.0,1.0,0.0,0.0,0.0,0.0,0.0,0.0,0.0,0.0,1.0,30.0,69.668,69.668,58,23228,220000,jul-17-2021_1636
1215,0.0,0.0,0.0,0.0,1,0.0,0.0,0.0,0.0,0.0,0.0,0.0,0.0,2.0,0.0,500,400000,0.004999999888241291,30,True,1.6666666269302368,0.3333333432674408,0.0,0.0,0.0,0.0,1.0,0.0,0.0,0.0,0.0,0.0,0.0,0.0,0.0,1.0,30.0,67.472,67.47199999999998,56,20368,265000,jul-17-2021_1636
1216,0.0,0.0,0.0,0.0,1,0.0,0.0,0.0,0.0,0.0,0.0,0.0,0.0,2.0,0.0,500,400000,0.004999999888241291,30,True,1.6666666269302368,0.6666666865348816,0.0,0.0,0.0,0.0,1.0,0.0,0.0,0.0,0.0,0.0,0.0,0.0,0.0,1.0,30.0,66.236,66.23599999999999,53,21102,220000,jul-17-2021_1636
1217,0.0,0.0,0.0,0.0,1,0.0,0.0,0.0,0.0,0.0,0.0,0.0,0.0,2.0,0.0,500,400000,0.004999999888241291,30,True,1.6666666269302368,1.0,0.0,0.0,0.0,0.0,1.0,0.0,0.0,0.0,0.0,0.0,0.0,0.0,0.0,1.0,30.0,62.1,62.10000000000002,54,23408,285000,jul-17-2021_1636
1218,0.0,0.0,0.0,0.0,1,0.0,0.0,0.0,0.0,0.0,0.0,0.0,0.0,2.0,0.0,500,400000,0.004999999888241291,30,True,2.0,-1.0,0.0,0.0,0.0,0.0,1.0,0.0,0.0,0.0,0.0,0.0,0.0,0.0,0.0,0.186,5.966,136.20484399999998,62.91999999999996,56,119422,399999,jul-17-2021_1637
1219,0.0,0.0,0.0,0.0,1,0.0,0.0,0.0,0.0,0.0,0.0,0.0,0.0,2.0,0.0,500,400000,0.004999999888241291,30,True,2.0,-0.6666666865348816,0.0,0.0,0.0,0.0,1.0,0.0,0.0,0.0,0.0,0.0,0.0,0.0,0.0,0.39,14.465333198428153,141.30346836485748,60.860000000000014,60,100513,399999,jul-17-2021_1637
1220,0.0,0.0,0.0,0.0,1,0.0,0.0,0.0,0.0,0.0,0.0,0.0,0.0,2.0,0.0,500,400000,0.004999999888241291,30,True,2.0,-0.3333333432674408,0.0,0.0,0.0,0.0,1.0,0.0,0.0,0.0,0.0,0.0,0.0,0.0,0.0,0.908,28.924666643679142,123.81143604380965,74.25599999999997,61,66161,399999,jul-17-2021_1637
1221,0.0,0.0,0.0,0.0,1,0.0,0.0,0.0,0.0,0.0,0.0,0.0,0.0,2.0,0.0,500,400000,0.004999999888241291,30,True,2.0,0.0,0.0,0.0,0.0,0.0,1.0,0.0,0.0,0.0,0.0,0.0,0.0,0.0,0.0,0.904,29.68,133.58159999999998,70.62400000000002,55,41556,399999,jul-17-2021_1637
1222,0.0,0.0,0.0,0.0,1,0.0,0.0,0.0,0.0,0.0,0.0,0.0,0.0,2.0,0.0,500,400000,0.004999999888241291,30,True,2.0,0.3333333432674408,0.0,0.0,0.0,0.0,1.0,0.0,0.0,0.0,0.0,0.0,0.0,0.0,0.0,1.0,30.0,69.656,69.65599999999995,61,26662,385000,jul-17-2021_1637
1223,0.0,0.0,0.0,0.0,1,0.0,0.0,0.0,0.0,0.0,0.0,0.0,0.0,2.0,0.0,500,400000,0.004999999888241291,30,True,2.0,0.6666666865348816,0.0,0.0,0.0,0.0,1.0,0.0,0.0,0.0,0.0,0.0,0.0,0.0,0.0,1.0,30.0,80.332,80.332,63,23975,240000,jul-17-2021_1638
1224,0.0,0.0,0.0,0.0,1,0.0,0.0,0.0,0.0,0.0,0.0,0.0,0.0,2.0,0.0,500,400000,0.004999999888241291,30,True,2.0,1.0,0.0,0.0,0.0,0.0,1.0,0.0,0.0,0.0,0.0,0.0,0.0,0.0,0.0,1.0,30.0,67.808,67.80799999999999,54,21405,240000,jul-17-2021_1638
1225,0.0,0.0,0.0,0.0,1,0.0,0.0,0.0,0.0,0.0,0.0,0.0,0.0,2.0,0.0,500,400000,0.004999999888241291,30,True,0.0,-1.0,0.0,0.0,0.0,0.0,1.0,0.0,0.0,0.0,0.0,0.0,0.0,0.0,0.0,1.0,30.0,46.684,46.68399999999997,49,10033,90000,jul-17-2021_1638
1226,0.0,0.0,0.0,0.0,1,0.0,0.0,0.0,0.0,0.0,0.0,0.0,0.0,2.0,0.0,500,400000,0.004999999888241291,30,True,0.0,-0.6666666865348816,0.0,0.0,0.0,0.0,1.0,0.0,0.0,0.0,0.0,0.0,0.0,0.0,0.0,1.0,30.0,50.532,50.53200000000004,47,9247,185000,jul-17-2021_1638
1227,0.0,0.0,0.0,0.0,1,0.0,0.0,0.0,0.0,0.0,0.0,0.0,0.0,2.0,0.0,500,400000,0.004999999888241291,30,True,0.0,-0.3333333432674408,0.0,0.0,0.0,0.0,1.0,0.0,0.0,0.0,0.0,0.0,0.0,0.0,0.0,1.0,30.0,53.304,53.303999999999974,52,13369,130000,jul-17-2021_1638
1228,0.0,0.0,0.0,0.0,1,0.0,0.0,0.0,0.0,0.0,0.0,0.0,0.0,2.0,0.0,500,400000,0.004999999888241291,30,True,0.0,0.0,0.0,0.0,0.0,0.0,1.0,0.0,0.0,0.0,0.0,0.0,0.0,0.0,0.0,1.0,30.0,39.576,39.57600000000002,45,7296,100000,jul-17-2021_1638
1229,0.0,0.0,0.0,0.0,1,0.0,0.0,0.0,0.0,0.0,0.0,0.0,0.0,2.0,0.0,500,400000,0.004999999888241291,30,True,0.0,0.3333333432674408,0.0,0.0,0.0,0.0,1.0,0.0,0.0,0.0,0.0,0.0,0.0,0.0,0.0,1.0,30.0,41.528,41.52800000000002,47,9093,135000,jul-17-2021_1638
1230,0.0,0.0,0.0,0.0,1,0.0,0.0,0.0,0.0,0.0,0.0,0.0,0.0,2.0,0.0,500,400000,0.004999999888241291,30,True,0.0,0.6666666865348816,0.0,0.0,0.0,0.0,1.0,0.0,0.0,0.0,0.0,0.0,0.0,0.0,0.0,1.0,30.0,36.736,36.73599999999999,48,6646,85000,jul-17-2021_1638
1231,0.0,0.0,0.0,0.0,1,0.0,0.0,0.0,0.0,0.0,0.0,0.0,0.0,2.0,0.0,500,400000,0.004999999888241291,30,True,0.0,1.0,0.0,0.0,0.0,0.0,1.0,0.0,0.0,0.0,0.0,0.0,0.0,0.0,0.0,1.0,30.0,33.048,33.048,43,5566,100000,jul-17-2021_1638
1232,0.0,0.0,0.0,0.0,1,0.0,0.0,0.0,0.0,0.0,0.0,0.0,0.0,2.0,0.0,500,400000,0.004999999888241291,30,True,0.3333333432674408,-1.0,0.0,0.0,0.0,0.0,1.0,0.0,0.0,0.0,0.0,0.0,0.0,0.0,0.0,1.0,30.0,55.956,55.95600000000002,52,10951,165000,jul-17-2021_1638
1233,0.0,0.0,0.0,0.0,1,0.0,0.0,0.0,0.0,0.0,0.0,0.0,0.0,2.0,0.0,500,400000,0.004999999888241291,30,True,0.3333333432674408,-0.6666666865348816,0.0,0.0,0.0,0.0,1.0,0.0,0.0,0.0,0.0,0.0,0.0,0.0,0.0,1.0,30.0,46.564,46.563999999999965,49,10354,140000,jul-17-2021_1638
1234,0.0,0.0,0.0,0.0,1,0.0,0.0,0.0,0.0,0.0,0.0,0.0,0.0,2.0,0.0,500,400000,0.004999999888241291,30,True,0.3333333432674408,-0.3333333432674408,0.0,0.0,0.0,0.0,1.0,0.0,0.0,0.0,0.0,0.0,0.0,0.0,0.0,1.0,30.0,55.24,55.24000000000001,51,12701,120000,jul-17-2021_1638
1235,0.0,0.0,0.0,0.0,1,0.0,0.0,0.0,0.0,0.0,0.0,0.0,0.0,2.0,0.0,500,400000,0.004999999888241291,30,True,0.3333333432674408,0.0,0.0,0.0,0.0,0.0,1.0,0.0,0.0,0.0,0.0,0.0,0.0,0.0,0.0,1.0,30.0,47.62,47.620000000000005,54,14705,200000,jul-17-2021_1638
1236,0.0,0.0,0.0,0.0,1,0.0,0.0,0.0,0.0,0.0,0.0,0.0,0.0,2.0,0.0,500,400000,0.004999999888241291,30,True,0.3333333432674408,0.3333333432674408,0.0,0.0,0.0,0.0,1.0,0.0,0.0,0.0,0.0,0.0,0.0,0.0,0.0,1.0,30.0,48.568,48.567999999999984,49,9129,160000,jul-17-2021_1638
1237,0.0,0.0,0.0,0.0,1,0.0,0.0,0.0,0.0,0.0,0.0,0.0,0.0,2.0,0.0,500,400000,0.004999999888241291,30,True,0.3333333432674408,0.6666666865348816,0.0,0.0,0.0,0.0,1.0,0.0,0.0,0.0,0.0,0.0,0.0,0.0,0.0,1.0,30.0,38.36,38.360000000000014,49,7181,95000,jul-17-2021_1638
1238,0.0,0.0,0.0,0.0,1,0.0,0.0,0.0,0.0,0.0,0.0,0.0,0.0,2.0,0.0,500,400000,0.004999999888241291,30,True,0.3333333432674408,1.0,0.0,0.0,0.0,0.0,1.0,0.0,0.0,0.0,0.0,0.0,0.0,0.0,0.0,1.0,30.0,44.604,44.60400000000004,51,9004,150000,jul-17-2021_1638
1239,0.0,0.0,0.0,0.0,1,0.0,0.0,0.0,0.0,0.0,0.0,0.0,0.0,2.0,0.0,500,400000,0.004999999888241291,30,True,0.6666666865348816,-1.0,0.0,0.0,0.0,0.0,1.0,0.0,0.0,0.0,0.0,0.0,0.0,0.0,0.0,1.0,30.0,60.792,60.79200000000003,56,11514,125000,jul-17-2021_1638
1240,0.0,0.0,0.0,0.0,1,0.0,0.0,0.0,0.0,0.0,0.0,0.0,0.0,2.0,0.0,500,400000,0.004999999888241291,30,True,0.6666666865348816,-0.6666666865348816,0.0,0.0,0.0,0.0,1.0,0.0,0.0,0.0,0.0,0.0,0.0,0.0,0.0,1.0,30.0,63.288,63.28800000000001,53,19470,265000,jul-17-2021_1639
1241,0.0,0.0,0.0,0.0,1,0.0,0.0,0.0,0.0,0.0,0.0,0.0,0.0,2.0,0.0,500,400000,0.004999999888241291,30,True,0.6666666865348816,-0.3333333432674408,0.0,0.0,0.0,0.0,1.0,0.0,0.0,0.0,0.0,0.0,0.0,0.0,0.0,1.0,30.0,71.996,71.99599999999998,54,19067,225000,jul-17-2021_1639
1242,0.0,0.0,0.0,0.0,1,0.0,0.0,0.0,0.0,0.0,0.0,0.0,0.0,2.0,0.0,500,400000,0.004999999888241291,30,True,0.6666666865348816,0.0,0.0,0.0,0.0,0.0,1.0,0.0,0.0,0.0,0.0,0.0,0.0,0.0,0.0,1.0,30.0,52.624,52.624000000000024,51,10808,160000,jul-17-2021_1639
1243,0.0,0.0,0.0,0.0,1,0.0,0.0,0.0,0.0,0.0,0.0,0.0,0.0,2.0,0.0,500,400000,0.004999999888241291,30,True,0.6666666865348816,0.3333333432674408,0.0,0.0,0.0,0.0,1.0,0.0,0.0,0.0,0.0,0.0,0.0,0.0,0.0,1.0,30.0,64.584,64.58399999999995,56,19300,215000,jul-17-2021_1639
1244,0.0,0.0,0.0,0.0,1,0.0,0.0,0.0,0.0,0.0,0.0,0.0,0.0,2.0,0.0,500,400000,0.004999999888241291,30,True,0.6666666865348816,0.6666666865348816,0.0,0.0,0.0,0.0,1.0,0.0,0.0,0.0,0.0,0.0,0.0,0.0,0.0,1.0,30.0,52.216,52.21600000000001,57,13418,170000,jul-17-2021_1639
1245,0.0,0.0,0.0,0.0,1,0.0,0.0,0.0,0.0,0.0,0.0,0.0,0.0,2.0,0.0,500,400000,0.004999999888241291,30,True,0.6666666865348816,1.0,0.0,0.0,0.0,0.0,1.0,0.0,0.0,0.0,0.0,0.0,0.0,0.0,0.0,1.0,30.0,37.288,37.28800000000001,46,6489,105000,jul-17-2021_1639
1246,0.0,0.0,0.0,0.0,1,0.0,0.0,0.0,0.0,0.0,0.0,0.0,0.0,2.0,0.0,500,400000,0.004999999888241291,30,True,1.0,-1.0,0.0,0.0,0.0,0.0,1.0,0.0,0.0,0.0,0.0,0.0,0.0,0.0,0.0,1.0,30.0,64.744,64.74400000000003,56,20493,185000,jul-17-2021_1639
1247,0.0,0.0,0.0,0.0,1,0.0,0.0,0.0,0.0,0.0,0.0,0.0,0.0,2.0,0.0,500,400000,0.004999999888241291,30,True,1.0,-0.6666666865348816,0.0,0.0,0.0,0.0,1.0,0.0,0.0,0.0,0.0,0.0,0.0,0.0,0.0,1.0,30.0,82.028,82.02800000000002,64,31792,240000,jul-17-2021_1639
1248,0.0,0.0,0.0,0.0,1,0.0,0.0,0.0,0.0,0.0,0.0,0.0,0.0,2.0,0.0,500,400000,0.004999999888241291,30,True,1.0,-0.3333333432674408,0.0,0.0,0.0,0.0,1.0,0.0,0.0,0.0,0.0,0.0,0.0,0.0,0.0,1.0,30.0,58.108,58.10799999999995,52,12616,300000,jul-17-2021_1639
1249,0.0,0.0,0.0,0.0,1,0.0,0.0,0.0,0.0,0.0,0.0,0.0,0.0,2.0,0.0,500,400000,0.004999999888241291,30,True,1.0,0.0,0.0,0.0,0.0,0.0,1.0,0.0,0.0,0.0,0.0,0.0,0.0,0.0,0.0,1.0,30.0,61.4,61.39999999999998,54,16078,295000,jul-17-2021_1639
1250,0.0,0.0,0.0,0.0,1,0.0,0.0,0.0,0.0,0.0,0.0,0.0,0.0,2.0,0.0,500,400000,0.004999999888241291,30,True,1.0,0.3333333432674408,0.0,0.0,0.0,0.0,1.0,0.0,0.0,0.0,0.0,0.0,0.0,0.0,0.0,1.0,30.0,47.34,47.34000000000003,48,8408,155000,jul-17-2021_1639
1251,0.0,0.0,0.0,0.0,1,0.0,0.0,0.0,0.0,0.0,0.0,0.0,0.0,2.0,0.0,500,400000,0.004999999888241291,30,True,1.0,0.6666666865348816,0.0,0.0,0.0,0.0,1.0,0.0,0.0,0.0,0.0,0.0,0.0,0.0,0.0,1.0,30.0,42.948,42.94799999999998,48,7751,120000,jul-17-2021_1640
1252,0.0,0.0,0.0,0.0,1,0.0,0.0,0.0,0.0,0.0,0.0,0.0,0.0,2.0,0.0,500,400000,0.004999999888241291,30,True,1.0,1.0,0.0,0.0,0.0,0.0,1.0,0.0,0.0,0.0,0.0,0.0,0.0,0.0,0.0,1.0,30.0,52.672,52.672000000000025,52,12706,155000,jul-17-2021_1640
1253,0.0,0.0,0.0,0.0,1,0.0,0.0,0.0,0.0,0.0,0.0,0.0,0.0,2.0,0.0,500,400000,0.004999999888241291,30,True,1.3333333730697632,-1.0,0.0,0.0,0.0,0.0,1.0,0.0,0.0,0.0,0.0,0.0,0.0,0.0,0.0,1.0,30.0,62.688,62.68799999999999,55,24592,360000,jul-17-2021_1640
1254,0.0,0.0,0.0,0.0,1,0.0,0.0,0.0,0.0,0.0,0.0,0.0,0.0,2.0,0.0,500,400000,0.004999999888241291,30,True,1.3333333730697632,-0.6666666865348816,0.0,0.0,0.0,0.0,1.0,0.0,0.0,0.0,0.0,0.0,0.0,0.0,0.0,1.0,30.0,66.096,66.096,54,30547,325000,jul-17-2021_1640
1255,0.0,0.0,0.0,0.0,1,0.0,0.0,0.0,0.0,0.0,0.0,0.0,0.0,2.0,0.0,500,400000,0.004999999888241291,30,True,1.3333333730697632,-0.3333333432674408,0.0,0.0,0.0,0.0,1.0,0.0,0.0,0.0,0.0,0.0,0.0,0.0,0.0,1.0,30.0,72.592,72.59199999999998,58,38808,325000,jul-17-2021_1640
1256,0.0,0.0,0.0,0.0,1,0.0,0.0,0.0,0.0,0.0,0.0,0.0,0.0,2.0,0.0,500,400000,0.004999999888241291,30,True,1.3333333730697632,0.0,0.0,0.0,0.0,0.0,1.0,0.0,0.0,0.0,0.0,0.0,0.0,0.0,0.0,1.0,30.0,68.892,68.89200000000005,54,23753,250000,jul-17-2021_1640
1257,0.0,0.0,0.0,0.0,1,0.0,0.0,0.0,0.0,0.0,0.0,0.0,0.0,2.0,0.0,500,400000,0.004999999888241291,30,True,1.3333333730697632,0.3333333432674408,0.0,0.0,0.0,0.0,1.0,0.0,0.0,0.0,0.0,0.0,0.0,0.0,0.0,1.0,30.0,66.816,66.81600000000003,59,32525,330000,jul-17-2021_1640
1258,0.0,0.0,0.0,0.0,1,0.0,0.0,0.0,0.0,0.0,0.0,0.0,0.0,2.0,0.0,500,400000,0.004999999888241291,30,True,1.3333333730697632,0.6666666865348816,0.0,0.0,0.0,0.0,1.0,0.0,0.0,0.0,0.0,0.0,0.0,0.0,0.0,1.0,30.0,58.02,58.01999999999998,53,17922,170000,jul-17-2021_1640
1259,0.0,0.0,0.0,0.0,1,0.0,0.0,0.0,0.0,0.0,0.0,0.0,0.0,2.0,0.0,500,400000,0.004999999888241291,30,True,1.3333333730697632,1.0,0.0,0.0,0.0,0.0,1.0,0.0,0.0,0.0,0.0,0.0,0.0,0.0,0.0,1.0,30.0,60.908,60.908000000000015,57,16178,255000,jul-17-2021_1641
1260,0.0,0.0,0.0,0.0,1,0.0,0.0,0.0,0.0,0.0,0.0,0.0,0.0,2.0,0.0,500,400000,0.004999999888241291,30,True,1.6666666269302368,-1.0,0.0,0.0,0.0,0.0,1.0,0.0,0.0,0.0,0.0,0.0,0.0,0.0,0.0,0.06,1.5626665956974028,47.6989612967754,65.08000000000004,53,155259,399999,jul-17-2021_1641
1261,0.0,0.0,0.0,0.0,1,0.0,0.0,0.0,0.0,0.0,0.0,0.0,0.0,2.0,0.0,500,400000,0.004999999888241291,30,True,1.6666666269302368,-0.6666666865348816,0.0,0.0,0.0,0.0,1.0,0.0,0.0,0.0,0.0,0.0,0.0,0.0,0.0,0.438,13.873999587178231,98.76701014021299,71.11599999999999,56,120448,399999,jul-17-2021_1641
1262,0.0,0.0,0.0,0.0,1,0.0,0.0,0.0,0.0,0.0,0.0,0.0,0.0,2.0,0.0,500,400000,0.004999999888241291,30,True,1.6666666269302368,-0.3333333432674408,0.0,0.0,0.0,0.0,1.0,0.0,0.0,0.0,0.0,0.0,0.0,0.0,0.0,0.336,12.50533301872015,50.53352519066087,65.67200000000003,57,65455,399999,jul-17-2021_1641
1263,0.0,0.0,0.0,0.0,1,0.0,0.0,0.0,0.0,0.0,0.0,0.0,0.0,2.0,0.0,500,400000,0.004999999888241291,30,True,1.6666666269302368,0.0,0.0,0.0,0.0,0.0,1.0,0.0,0.0,0.0,0.0,0.0,0.0,0.0,0.0,1.0,30.0,67.796,67.79600000000005,55,68918,380000,jul-17-2021_1642
1264,0.0,0.0,0.0,0.0,1,0.0,0.0,0.0,0.0,0.0,0.0,0.0,0.0,2.0,0.0,500,400000,0.004999999888241291,30,True,1.6666666269302368,0.3333333432674408,0.0,0.0,0.0,0.0,1.0,0.0,0.0,0.0,0.0,0.0,0.0,0.0,0.0,1.0,30.0,67.076,67.07600000000002,58,29176,270000,jul-17-2021_1642
1265,0.0,0.0,0.0,0.0,1,0.0,0.0,0.0,0.0,0.0,0.0,0.0,0.0,2.0,0.0,500,400000,0.004999999888241291,30,True,1.6666666269302368,0.6666666865348816,0.0,0.0,0.0,0.0,1.0,0.0,0.0,0.0,0.0,0.0,0.0,0.0,0.0,1.0,30.0,46.868,46.86800000000005,49,9498,150000,jul-17-2021_1642
1266,0.0,0.0,0.0,0.0,1,0.0,0.0,0.0,0.0,0.0,0.0,0.0,0.0,2.0,0.0,500,400000,0.004999999888241291,30,True,1.6666666269302368,1.0,0.0,0.0,0.0,0.0,1.0,0.0,0.0,0.0,0.0,0.0,0.0,0.0,0.0,1.0,30.0,45.716,45.71600000000001,47,8851,140000,jul-17-2021_1642
1267,0.0,0.0,0.0,0.0,1,0.0,0.0,0.0,0.0,0.0,0.0,0.0,0.0,2.0,0.0,500,400000,0.004999999888241291,30,True,2.0,-1.0,0.0,0.0,0.0,0.0,1.0,0.0,0.0,0.0,0.0,0.0,0.0,0.0,0.0,0.894,27.024,126.531424,74.84799999999996,64,67927,399999,jul-17-2021_1642
1268,0.0,0.0,0.0,0.0,1,0.0,0.0,0.0,0.0,0.0,0.0,0.0,0.0,2.0,0.0,500,400000,0.004999999888241291,30,True,2.0,-0.6666666865348816,0.0,0.0,0.0,0.0,1.0,0.0,0.0,0.0,0.0,0.0,0.0,0.0,0.0,0.792,25.758666580677033,148.37020328385992,79.11199999999997,71,56301,399999,jul-17-2021_1642
1269,0.0,0.0,0.0,0.0,1,0.0,0.0,0.0,0.0,0.0,0.0,0.0,0.0,2.0,0.0,500,400000,0.004999999888241291,30,True,2.0,-0.3333333432674408,0.0,0.0,0.0,0.0,1.0,0.0,0.0,0.0,0.0,0.0,0.0,0.0,0.0,1.0,30.0,64.144,64.144,61,20247,185000,jul-17-2021_1642
1270,0.0,0.0,0.0,0.0,1,0.0,0.0,0.0,0.0,0.0,0.0,0.0,0.0,2.0,0.0,500,400000,0.004999999888241291,30,True,2.0,0.0,0.0,0.0,0.0,0.0,1.0,0.0,0.0,0.0,0.0,0.0,0.0,0.0,0.0,0.956,29.9,103.594,72.51999999999998,56,32299,399999,jul-17-2021_1643
1271,0.0,0.0,0.0,0.0,1,0.0,0.0,0.0,0.0,0.0,0.0,0.0,0.0,2.0,0.0,500,400000,0.004999999888241291,30,True,2.0,0.3333333432674408,0.0,0.0,0.0,0.0,1.0,0.0,0.0,0.0,0.0,0.0,0.0,0.0,0.0,1.0,30.0,43.86,43.860000000000014,47,7637,80000,jul-17-2021_1643
1272,0.0,0.0,0.0,0.0,1,0.0,0.0,0.0,0.0,0.0,0.0,0.0,0.0,2.0,0.0,500,400000,0.004999999888241291,30,True,2.0,0.6666666865348816,0.0,0.0,0.0,0.0,1.0,0.0,0.0,0.0,0.0,0.0,0.0,0.0,0.0,1.0,30.0,69.36,69.36000000000001,61,24769,220000,jul-17-2021_1643
1273,0.0,0.0,0.0,0.0,1,0.0,0.0,0.0,0.0,0.0,0.0,0.0,0.0,2.0,0.0,500,400000,0.004999999888241291,30,True,2.0,1.0,0.0,0.0,0.0,0.0,1.0,0.0,0.0,0.0,0.0,0.0,0.0,0.0,0.0,1.0,30.0,53.22,53.22000000000003,54,12842,130000,jul-17-2021_1643
1274,0.0,0.0,0.0,0.0,1,0.0,0.0,0.0,0.0,0.0,0.0,0.0,0.0,2.0,0.0,500,400000,0.004999999888241291,30,True,0.0,-1.0,0.0,0.0,0.0,0.0,1.0,0.0,0.0,0.0,0.0,0.0,0.0,0.0,0.0,1.0,30.0,45.956,45.95600000000002,47,10010,85000,jul-17-2021_1643
1275,0.0,0.0,0.0,0.0,1,0.0,0.0,0.0,0.0,0.0,0.0,0.0,0.0,2.0,0.0,500,400000,0.004999999888241291,30,True,0.0,-0.6666666865348816,0.0,0.0,0.0,0.0,1.0,0.0,0.0,0.0,0.0,0.0,0.0,0.0,0.0,1.0,30.0,38.712,38.71199999999999,47,6939,90000,jul-17-2021_1643
1276,0.0,0.0,0.0,0.0,1,0.0,0.0,0.0,0.0,0.0,0.0,0.0,0.0,2.0,0.0,500,400000,0.004999999888241291,30,True,0.0,-0.3333333432674408,0.0,0.0,0.0,0.0,1.0,0.0,0.0,0.0,0.0,0.0,0.0,0.0,0.0,1.0,30.0,35.236,35.23599999999999,43,5785,130000,jul-17-2021_1643
1277,0.0,0.0,0.0,0.0,1,0.0,0.0,0.0,0.0,0.0,0.0,0.0,0.0,2.0,0.0,500,400000,0.004999999888241291,30,True,0.0,0.0,0.0,0.0,0.0,0.0,1.0,0.0,0.0,0.0,0.0,0.0,0.0,0.0,0.0,1.0,30.0,56.396,56.39599999999996,50,15025,165000,jul-17-2021_1643
1278,0.0,0.0,0.0,0.0,1,0.0,0.0,0.0,0.0,0.0,0.0,0.0,0.0,2.0,0.0,500,400000,0.004999999888241291,30,True,0.0,0.3333333432674408,0.0,0.0,0.0,0.0,1.0,0.0,0.0,0.0,0.0,0.0,0.0,0.0,0.0,1.0,30.0,36.704,36.70399999999995,49,6322,95000,jul-17-2021_1643
1279,0.0,0.0,0.0,0.0,1,0.0,0.0,0.0,0.0,0.0,0.0,0.0,0.0,2.0,0.0,500,400000,0.004999999888241291,30,True,0.0,0.6666666865348816,0.0,0.0,0.0,0.0,1.0,0.0,0.0,0.0,0.0,0.0,0.0,0.0,0.0,1.0,30.0,39.856,39.855999999999995,48,8087,120000,jul-17-2021_1643
1280,0.0,0.0,0.0,0.0,1,0.0,0.0,0.0,0.0,0.0,0.0,0.0,0.0,2.0,0.0,500,400000,0.004999999888241291,30,True,0.0,1.0,0.0,0.0,0.0,0.0,1.0,0.0,0.0,0.0,0.0,0.0,0.0,0.0,0.0,1.0,30.0,42.252,42.25199999999995,47,8035,145000,jul-17-2021_1643
1281,0.0,0.0,0.0,0.0,1,0.0,0.0,0.0,0.0,0.0,0.0,0.0,0.0,2.0,0.0,500,400000,0.004999999888241291,30,True,0.3333333432674408,-1.0,0.0,0.0,0.0,0.0,1.0,0.0,0.0,0.0,0.0,0.0,0.0,0.0,0.0,1.0,30.0,58.392,58.39200000000005,51,17822,170000,jul-17-2021_1643
1282,0.0,0.0,0.0,0.0,1,0.0,0.0,0.0,0.0,0.0,0.0,0.0,0.0,2.0,0.0,500,400000,0.004999999888241291,30,True,0.3333333432674408,-0.6666666865348816,0.0,0.0,0.0,0.0,1.0,0.0,0.0,0.0,0.0,0.0,0.0,0.0,0.0,1.0,30.0,54.852,54.851999999999975,51,12938,120000,jul-17-2021_1643
1283,0.0,0.0,0.0,0.0,1,0.0,0.0,0.0,0.0,0.0,0.0,0.0,0.0,2.0,0.0,500,400000,0.004999999888241291,30,True,0.3333333432674408,-0.3333333432674408,0.0,0.0,0.0,0.0,1.0,0.0,0.0,0.0,0.0,0.0,0.0,0.0,0.0,1.0,30.0,43.02,43.01999999999998,47,8471,120000,jul-17-2021_1643
1284,0.0,0.0,0.0,0.0,1,0.0,0.0,0.0,0.0,0.0,0.0,0.0,0.0,2.0,0.0,500,400000,0.004999999888241291,30,True,0.3333333432674408,0.0,0.0,0.0,0.0,0.0,1.0,0.0,0.0,0.0,0.0,0.0,0.0,0.0,0.0,1.0,30.0,50.824,50.823999999999955,49,11716,120000,jul-17-2021_1643
1285,0.0,0.0,0.0,0.0,1,0.0,0.0,0.0,0.0,0.0,0.0,0.0,0.0,2.0,0.0,500,400000,0.004999999888241291,30,True,0.3333333432674408,0.3333333432674408,0.0,0.0,0.0,0.0,1.0,0.0,0.0,0.0,0.0,0.0,0.0,0.0,0.0,1.0,30.0,40.008,40.00800000000004,47,6866,145000,jul-17-2021_1643
1286,0.0,0.0,0.0,0.0,1,0.0,0.0,0.0,0.0,0.0,0.0,0.0,0.0,2.0,0.0,500,400000,0.004999999888241291,30,True,0.3333333432674408,0.6666666865348816,0.0,0.0,0.0,0.0,1.0,0.0,0.0,0.0,0.0,0.0,0.0,0.0,0.0,1.0,30.0,49.36,49.360000000000014,50,9629,130000,jul-17-2021_1643
1287,0.0,0.0,0.0,0.0,1,0.0,0.0,0.0,0.0,0.0,0.0,0.0,0.0,2.0,0.0,500,400000,0.004999999888241291,30,True,0.3333333432674408,1.0,0.0,0.0,0.0,0.0,1.0,0.0,0.0,0.0,0.0,0.0,0.0,0.0,0.0,1.0,30.0,56.08,56.08000000000004,53,12903,220000,jul-17-2021_1644
1288,0.0,0.0,0.0,0.0,1,0.0,0.0,0.0,0.0,0.0,0.0,0.0,0.0,2.0,0.0,500,400000,0.004999999888241291,30,True,0.6666666865348816,-1.0,0.0,0.0,0.0,0.0,1.0,0.0,0.0,0.0,0.0,0.0,0.0,0.0,0.0,1.0,30.0,40.124,40.124000000000024,49,8558,100000,jul-17-2021_1644
1289,0.0,0.0,0.0,0.0,1,0.0,0.0,0.0,0.0,0.0,0.0,0.0,0.0,2.0,0.0,500,400000,0.004999999888241291,30,True,0.6666666865348816,-0.6666666865348816,0.0,0.0,0.0,0.0,1.0,0.0,0.0,0.0,0.0,0.0,0.0,0.0,0.0,1.0,30.0,60.692,60.69200000000001,50,15182,120000,jul-17-2021_1644
1290,0.0,0.0,0.0,0.0,1,0.0,0.0,0.0,0.0,0.0,0.0,0.0,0.0,2.0,0.0,500,400000,0.004999999888241291,30,True,0.6666666865348816,-0.3333333432674408,0.0,0.0,0.0,0.0,1.0,0.0,0.0,0.0,0.0,0.0,0.0,0.0,0.0,1.0,30.0,70.92,70.91999999999996,63,22848,235000,jul-17-2021_1644
1291,0.0,0.0,0.0,0.0,1,0.0,0.0,0.0,0.0,0.0,0.0,0.0,0.0,2.0,0.0,500,400000,0.004999999888241291,30,True,0.6666666865348816,0.0,0.0,0.0,0.0,0.0,1.0,0.0,0.0,0.0,0.0,0.0,0.0,0.0,0.0,1.0,30.0,58.536,58.535999999999945,54,12840,175000,jul-17-2021_1644
1292,0.0,0.0,0.0,0.0,1,0.0,0.0,0.0,0.0,0.0,0.0,0.0,0.0,2.0,0.0,500,400000,0.004999999888241291,30,True,0.6666666865348816,0.3333333432674408,0.0,0.0,0.0,0.0,1.0,0.0,0.0,0.0,0.0,0.0,0.0,0.0,0.0,1.0,30.0,62.016,62.01599999999996,51,17696,225000,jul-17-2021_1644
1293,0.0,0.0,0.0,0.0,1,0.0,0.0,0.0,0.0,0.0,0.0,0.0,0.0,2.0,0.0,500,400000,0.004999999888241291,30,True,0.6666666865348816,0.6666666865348816,0.0,0.0,0.0,0.0,1.0,0.0,0.0,0.0,0.0,0.0,0.0,0.0,0.0,1.0,30.0,50.112,50.111999999999966,54,10503,180000,jul-17-2021_1644
1294,0.0,0.0,0.0,0.0,1,0.0,0.0,0.0,0.0,0.0,0.0,0.0,0.0,2.0,0.0,500,400000,0.004999999888241291,30,True,0.6666666865348816,1.0,0.0,0.0,0.0,0.0,1.0,0.0,0.0,0.0,0.0,0.0,0.0,0.0,0.0,1.0,30.0,30.936,30.936000000000035,44,5494,130000,jul-17-2021_1644
1295,0.0,0.0,0.0,0.0,1,0.0,0.0,0.0,0.0,0.0,0.0,0.0,0.0,2.0,0.0,500,400000,0.004999999888241291,30,True,1.0,-1.0,0.0,0.0,0.0,0.0,1.0,0.0,0.0,0.0,0.0,0.0,0.0,0.0,0.0,1.0,30.0,65.732,65.73199999999997,57,16291,205000,jul-17-2021_1644
1296,0.0,0.0,0.0,0.0,1,0.0,0.0,0.0,0.0,0.0,0.0,0.0,0.0,2.0,0.0,500,400000,0.004999999888241291,30,True,1.0,-0.6666666865348816,0.0,0.0,0.0,0.0,1.0,0.0,0.0,0.0,0.0,0.0,0.0,0.0,0.0,1.0,30.0,73.0,73.0,58,25814,275000,jul-17-2021_1644
1297,0.0,0.0,0.0,0.0,1,0.0,0.0,0.0,0.0,0.0,0.0,0.0,0.0,2.0,0.0,500,400000,0.004999999888241291,30,True,1.0,-0.3333333432674408,0.0,0.0,0.0,0.0,1.0,0.0,0.0,0.0,0.0,0.0,0.0,0.0,0.0,1.0,30.0,41.236,41.23599999999999,46,7939,135000,jul-17-2021_1644
1298,0.0,0.0,0.0,0.0,1,0.0,0.0,0.0,0.0,0.0,0.0,0.0,0.0,2.0,0.0,500,400000,0.004999999888241291,30,True,1.0,0.0,0.0,0.0,0.0,0.0,1.0,0.0,0.0,0.0,0.0,0.0,0.0,0.0,0.0,1.0,30.0,56.748,56.74800000000005,61,15053,205000,jul-17-2021_1644
1299,0.0,0.0,0.0,0.0,1,0.0,0.0,0.0,0.0,0.0,0.0,0.0,0.0,2.0,0.0,500,400000,0.004999999888241291,30,True,1.0,0.3333333432674408,0.0,0.0,0.0,0.0,1.0,0.0,0.0,0.0,0.0,0.0,0.0,0.0,0.0,1.0,30.0,55.844,55.84400000000005,55,13109,170000,jul-17-2021_1645
1300,0.0,0.0,0.0,0.0,1,0.0,0.0,0.0,0.0,0.0,0.0,0.0,0.0,2.0,0.0,500,400000,0.004999999888241291,30,True,1.0,0.6666666865348816,0.0,0.0,0.0,0.0,1.0,0.0,0.0,0.0,0.0,0.0,0.0,0.0,0.0,1.0,30.0,62.964,62.964000000000055,51,15341,140000,jul-17-2021_1645
1301,0.0,0.0,0.0,0.0,1,0.0,0.0,0.0,0.0,0.0,0.0,0.0,0.0,2.0,0.0,500,400000,0.004999999888241291,30,True,1.0,1.0,0.0,0.0,0.0,0.0,1.0,0.0,0.0,0.0,0.0,0.0,0.0,0.0,0.0,1.0,30.0,46.16,46.15999999999997,50,10125,175000,jul-17-2021_1645
1302,0.0,0.0,0.0,0.0,1,0.0,0.0,0.0,0.0,0.0,0.0,0.0,0.0,2.0,0.0,500,400000,0.004999999888241291,30,True,1.3333333730697632,-1.0,0.0,0.0,0.0,0.0,1.0,0.0,0.0,0.0,0.0,0.0,0.0,0.0,0.0,1.0,30.0,71.292,71.29200000000003,56,54303,399999,jul-17-2021_1645
1303,0.0,0.0,0.0,0.0,1,0.0,0.0,0.0,0.0,0.0,0.0,0.0,0.0,2.0,0.0,500,400000,0.004999999888241291,30,True,1.3333333730697632,-0.6666666865348816,0.0,0.0,0.0,0.0,1.0,0.0,0.0,0.0,0.0,0.0,0.0,0.0,0.0,1.0,30.0,58.176,58.176000000000045,56,13810,220000,jul-17-2021_1645
1304,0.0,0.0,0.0,0.0,1,0.0,0.0,0.0,0.0,0.0,0.0,0.0,0.0,2.0,0.0,500,400000,0.004999999888241291,30,True,1.3333333730697632,-0.3333333432674408,0.0,0.0,0.0,0.0,1.0,0.0,0.0,0.0,0.0,0.0,0.0,0.0,0.0,1.0,30.0,71.372,71.37199999999996,62,31344,285000,jul-17-2021_1645
1305,0.0,0.0,0.0,0.0,1,0.0,0.0,0.0,0.0,0.0,0.0,0.0,0.0,2.0,0.0,500,400000,0.004999999888241291,30,True,1.3333333730697632,0.0,0.0,0.0,0.0,0.0,1.0,0.0,0.0,0.0,0.0,0.0,0.0,0.0,0.0,1.0,30.0,66.66,66.65999999999997,72,23377,235000,jul-17-2021_1645
1306,0.0,0.0,0.0,0.0,1,0.0,0.0,0.0,0.0,0.0,0.0,0.0,0.0,2.0,0.0,500,400000,0.004999999888241291,30,True,1.3333333730697632,0.3333333432674408,0.0,0.0,0.0,0.0,1.0,0.0,0.0,0.0,0.0,0.0,0.0,0.0,0.0,1.0,30.0,59.908,59.908000000000015,64,15418,180000,jul-17-2021_1645
1307,0.0,0.0,0.0,0.0,1,0.0,0.0,0.0,0.0,0.0,0.0,0.0,0.0,2.0,0.0,500,400000,0.004999999888241291,30,True,1.3333333730697632,0.6666666865348816,0.0,0.0,0.0,0.0,1.0,0.0,0.0,0.0,0.0,0.0,0.0,0.0,0.0,1.0,30.0,55.744,55.74400000000003,52,14462,140000,jul-17-2021_1645
1308,0.0,0.0,0.0,0.0,1,0.0,0.0,0.0,0.0,0.0,0.0,0.0,0.0,2.0,0.0,500,400000,0.004999999888241291,30,True,1.3333333730697632,1.0,0.0,0.0,0.0,0.0,1.0,0.0,0.0,0.0,0.0,0.0,0.0,0.0,0.0,1.0,30.0,50.308,50.30799999999999,55,11931,205000,jul-17-2021_1645
1309,0.0,0.0,0.0,0.0,1,0.0,0.0,0.0,0.0,0.0,0.0,0.0,0.0,2.0,0.0,500,400000,0.004999999888241291,30,True,1.6666666269302368,-1.0,0.0,0.0,0.0,0.0,1.0,0.0,0.0,0.0,0.0,0.0,0.0,0.0,0.0,0.834,23.791999845266343,111.37939674880359,71.44399999999996,58,49189,399999,jul-17-2021_1646
1310,0.0,0.0,0.0,0.0,1,0.0,0.0,0.0,0.0,0.0,0.0,0.0,0.0,2.0,0.0,500,400000,0.004999999888241291,30,True,1.6666666269302368,-0.6666666865348816,0.0,0.0,0.0,0.0,1.0,0.0,0.0,0.0,0.0,0.0,0.0,0.0,0.0,1.0,30.0,71.632,71.63199999999995,57,31310,345000,jul-17-2021_1646
1311,0.0,0.0,0.0,0.0,1,0.0,0.0,0.0,0.0,0.0,0.0,0.0,0.0,2.0,0.0,500,400000,0.004999999888241291,30,True,1.6666666269302368,-0.3333333432674408,0.0,0.0,0.0,0.0,1.0,0.0,0.0,0.0,0.0,0.0,0.0,0.0,0.0,0.822,26.122666461229326,96.08139213155822,66.74400000000003,54,70071,399999,jul-17-2021_1646
1312,0.0,0.0,0.0,0.0,1,0.0,0.0,0.0,0.0,0.0,0.0,0.0,0.0,2.0,0.0,500,400000,0.004999999888241291,30,True,1.6666666269302368,0.0,0.0,0.0,0.0,0.0,1.0,0.0,0.0,0.0,0.0,0.0,0.0,0.0,0.0,1.0,30.0,59.26,59.25999999999999,53,12915,240000,jul-17-2021_1646
1313,0.0,0.0,0.0,0.0,1,0.0,0.0,0.0,0.0,0.0,0.0,0.0,0.0,2.0,0.0,500,400000,0.004999999888241291,30,True,1.6666666269302368,0.3333333432674408,0.0,0.0,0.0,0.0,1.0,0.0,0.0,0.0,0.0,0.0,0.0,0.0,0.0,1.0,30.0,57.472,57.47199999999998,54,13460,135000,jul-17-2021_1646
1314,0.0,0.0,0.0,0.0,1,0.0,0.0,0.0,0.0,0.0,0.0,0.0,0.0,2.0,0.0,500,400000,0.004999999888241291,30,True,1.6666666269302368,0.6666666865348816,0.0,0.0,0.0,0.0,1.0,0.0,0.0,0.0,0.0,0.0,0.0,0.0,0.0,1.0,30.0,64.168,64.168,55,22332,265000,jul-17-2021_1646
1315,0.0,0.0,0.0,0.0,1,0.0,0.0,0.0,0.0,0.0,0.0,0.0,0.0,2.0,0.0,500,400000,0.004999999888241291,30,True,1.6666666269302368,1.0,0.0,0.0,0.0,0.0,1.0,0.0,0.0,0.0,0.0,0.0,0.0,0.0,0.0,1.0,30.0,64.6,64.60000000000002,54,19783,195000,jul-17-2021_1646
1316,0.0,0.0,0.0,0.0,1,0.0,0.0,0.0,0.0,0.0,0.0,0.0,0.0,2.0,0.0,500,400000,0.004999999888241291,30,True,2.0,-1.0,0.0,0.0,0.0,0.0,1.0,0.0,0.0,0.0,0.0,0.0,0.0,0.0,0.0,0.062,1.924,47.774224000000004,57.99199999999996,57,151064,399999,jul-17-2021_1647
1317,0.0,0.0,0.0,0.0,1,0.0,0.0,0.0,0.0,0.0,0.0,0.0,0.0,2.0,0.0,500,400000,0.004999999888241291,30,True,2.0,-0.6666666865348816,0.0,0.0,0.0,0.0,1.0,0.0,0.0,0.0,0.0,0.0,0.0,0.0,0.0,0.524,18.714666528224946,160.34392100463847,68.81200000000001,60,106342,399999,jul-17-2021_1647
1318,0.0,0.0,0.0,0.0,1,0.0,0.0,0.0,0.0,0.0,0.0,0.0,0.0,2.0,0.0,500,400000,0.004999999888241291,30,True,2.0,-0.3333333432674408,0.0,0.0,0.0,0.0,1.0,0.0,0.0,0.0,0.0,0.0,0.0,0.0,0.0,0.612,23.31999993669987,124.24826736883004,75.28800000000001,63,85136,399999,jul-17-2021_1647
1319,0.0,0.0,0.0,0.0,1,0.0,0.0,0.0,0.0,0.0,0.0,0.0,0.0,2.0,0.0,500,400000,0.004999999888241291,30,True,2.0,0.0,0.0,0.0,0.0,0.0,1.0,0.0,0.0,0.0,0.0,0.0,0.0,0.0,0.0,1.0,30.0,64.424,64.42399999999998,59,31329,390000,jul-17-2021_1647
1320,0.0,0.0,0.0,0.0,1,0.0,0.0,0.0,0.0,0.0,0.0,0.0,0.0,2.0,0.0,500,400000,0.004999999888241291,30,True,2.0,0.3333333432674408,0.0,0.0,0.0,0.0,1.0,0.0,0.0,0.0,0.0,0.0,0.0,0.0,0.0,0.812,30.23733337533474,128.85122828425142,68.01999999999998,56,44554,399999,jul-17-2021_1648
1321,0.0,0.0,0.0,0.0,1,0.0,0.0,0.0,0.0,0.0,0.0,0.0,0.0,2.0,0.0,500,400000,0.004999999888241291,30,True,2.0,0.6666666865348816,0.0,0.0,0.0,0.0,1.0,0.0,0.0,0.0,0.0,0.0,0.0,0.0,0.0,1.0,30.0,61.0,61.0,53,18044,225000,jul-17-2021_1648
1322,0.0,0.0,0.0,0.0,1,0.0,0.0,0.0,0.0,0.0,0.0,0.0,0.0,2.0,0.0,500,400000,0.004999999888241291,30,True,2.0,1.0,0.0,0.0,0.0,0.0,1.0,0.0,0.0,0.0,0.0,0.0,0.0,0.0,0.0,1.0,30.0,67.388,67.38800000000003,60,17396,265000,jul-17-2021_1648
1323,0.0,0.0,0.0,0.0,1,0.0,0.0,0.0,0.0,0.0,0.0,0.0,0.0,2.0,0.0,500,400000,0.004999999888241291,30,True,0.0,-1.0,0.0,0.0,0.0,0.0,1.0,0.0,0.0,0.0,0.0,0.0,0.0,0.0,0.0,1.0,30.0,44.792,44.79200000000003,49,7682,200000,jul-17-2021_1648
1324,0.0,0.0,0.0,0.0,1,0.0,0.0,0.0,0.0,0.0,0.0,0.0,0.0,2.0,0.0,500,400000,0.004999999888241291,30,True,0.0,-0.6666666865348816,0.0,0.0,0.0,0.0,1.0,0.0,0.0,0.0,0.0,0.0,0.0,0.0,0.0,1.0,30.0,32.2,32.200000000000045,44,5085,90000,jul-17-2021_1648
1325,0.0,0.0,0.0,0.0,1,0.0,0.0,0.0,0.0,0.0,0.0,0.0,0.0,2.0,0.0,500,400000,0.004999999888241291,30,True,0.0,-0.3333333432674408,0.0,0.0,0.0,0.0,1.0,0.0,0.0,0.0,0.0,0.0,0.0,0.0,0.0,1.0,30.0,35.472,35.47199999999998,44,5932,95000,jul-17-2021_1648
1326,0.0,0.0,0.0,0.0,1,0.0,0.0,0.0,0.0,0.0,0.0,0.0,0.0,2.0,0.0,500,400000,0.004999999888241291,30,True,0.0,0.0,0.0,0.0,0.0,0.0,1.0,0.0,0.0,0.0,0.0,0.0,0.0,0.0,0.0,1.0,30.0,37.272,37.27200000000005,45,6143,105000,jul-17-2021_1648
1327,0.0,0.0,0.0,0.0,1,0.0,0.0,0.0,0.0,0.0,0.0,0.0,0.0,2.0,0.0,500,400000,0.004999999888241291,30,True,0.0,0.3333333432674408,0.0,0.0,0.0,0.0,1.0,0.0,0.0,0.0,0.0,0.0,0.0,0.0,0.0,1.0,30.0,41.632,41.63199999999995,49,7746,120000,jul-17-2021_1648
1328,0.0,0.0,0.0,0.0,1,0.0,0.0,0.0,0.0,0.0,0.0,0.0,0.0,2.0,0.0,500,400000,0.004999999888241291,30,True,0.0,0.6666666865348816,0.0,0.0,0.0,0.0,1.0,0.0,0.0,0.0,0.0,0.0,0.0,0.0,0.0,1.0,30.0,37.092,37.091999999999985,45,5587,90000,jul-17-2021_1648
1329,0.0,0.0,0.0,0.0,1,0.0,0.0,0.0,0.0,0.0,0.0,0.0,0.0,2.0,0.0,500,400000,0.004999999888241291,30,True,0.0,1.0,0.0,0.0,0.0,0.0,1.0,0.0,0.0,0.0,0.0,0.0,0.0,0.0,0.0,1.0,30.0,30.3,30.299999999999955,45,4485,65000,jul-17-2021_1648
1330,0.0,0.0,0.0,0.0,1,0.0,0.0,0.0,0.0,0.0,0.0,0.0,0.0,2.0,0.0,500,400000,0.004999999888241291,30,True,0.3333333432674408,-1.0,0.0,0.0,0.0,0.0,1.0,0.0,0.0,0.0,0.0,0.0,0.0,0.0,0.0,1.0,30.0,66.356,66.356,51,15739,200000,jul-17-2021_1648
1331,0.0,0.0,0.0,0.0,1,0.0,0.0,0.0,0.0,0.0,0.0,0.0,0.0,2.0,0.0,500,400000,0.004999999888241291,30,True,0.3333333432674408,-0.6666666865348816,0.0,0.0,0.0,0.0,1.0,0.0,0.0,0.0,0.0,0.0,0.0,0.0,0.0,1.0,30.0,43.136,43.13599999999997,45,7881,170000,jul-17-2021_1648
1332,0.0,0.0,0.0,0.0,1,0.0,0.0,0.0,0.0,0.0,0.0,0.0,0.0,2.0,0.0,500,400000,0.004999999888241291,30,True,0.3333333432674408,-0.3333333432674408,0.0,0.0,0.0,0.0,1.0,0.0,0.0,0.0,0.0,0.0,0.0,0.0,0.0,1.0,30.0,38.768,38.76800000000003,46,7220,100000,jul-17-2021_1648
1333,0.0,0.0,0.0,0.0,1,0.0,0.0,0.0,0.0,0.0,0.0,0.0,0.0,2.0,0.0,500,400000,0.004999999888241291,30,True,0.3333333432674408,0.0,0.0,0.0,0.0,0.0,1.0,0.0,0.0,0.0,0.0,0.0,0.0,0.0,0.0,1.0,30.0,52.684,52.68399999999997,58,12190,145000,jul-17-2021_1648
1334,0.0,0.0,0.0,0.0,1,0.0,0.0,0.0,0.0,0.0,0.0,0.0,0.0,2.0,0.0,500,400000,0.004999999888241291,30,True,0.3333333432674408,0.3333333432674408,0.0,0.0,0.0,0.0,1.0,0.0,0.0,0.0,0.0,0.0,0.0,0.0,0.0,1.0,30.0,38.372,38.37199999999996,46,6063,145000,jul-17-2021_1649
1335,0.0,0.0,0.0,0.0,1,0.0,0.0,0.0,0.0,0.0,0.0,0.0,0.0,2.0,0.0,500,400000,0.004999999888241291,30,True,0.3333333432674408,0.6666666865348816,0.0,0.0,0.0,0.0,1.0,0.0,0.0,0.0,0.0,0.0,0.0,0.0,0.0,1.0,30.0,47.748,47.74800000000005,49,8646,170000,jul-17-2021_1649
1336,0.0,0.0,0.0,0.0,1,0.0,0.0,0.0,0.0,0.0,0.0,0.0,0.0,2.0,0.0,500,400000,0.004999999888241291,30,True,0.3333333432674408,1.0,0.0,0.0,0.0,0.0,1.0,0.0,0.0,0.0,0.0,0.0,0.0,0.0,0.0,1.0,30.0,39.92,39.91999999999996,45,7701,90000,jul-17-2021_1649
1337,0.0,0.0,0.0,0.0,1,0.0,0.0,0.0,0.0,0.0,0.0,0.0,0.0,2.0,0.0,500,400000,0.004999999888241291,30,True,0.6666666865348816,-1.0,0.0,0.0,0.0,0.0,1.0,0.0,0.0,0.0,0.0,0.0,0.0,0.0,0.0,0.914,24.79466670870781,65.0320598695306,73.856,65,52419,399999,jul-17-2021_1649
1338,0.0,0.0,0.0,0.0,1,0.0,0.0,0.0,0.0,0.0,0.0,0.0,0.0,2.0,0.0,500,400000,0.004999999888241291,30,True,0.6666666865348816,-0.6666666865348816,0.0,0.0,0.0,0.0,1.0,0.0,0.0,0.0,0.0,0.0,0.0,0.0,0.0,1.0,30.0,62.648,62.648000000000025,54,16574,285000,jul-17-2021_1649
1339,0.0,0.0,0.0,0.0,1,0.0,0.0,0.0,0.0,0.0,0.0,0.0,0.0,2.0,0.0,500,400000,0.004999999888241291,30,True,0.6666666865348816,-0.3333333432674408,0.0,0.0,0.0,0.0,1.0,0.0,0.0,0.0,0.0,0.0,0.0,0.0,0.0,1.0,30.0,40.308,40.30799999999999,49,6076,120000,jul-17-2021_1649
1340,0.0,0.0,0.0,0.0,1,0.0,0.0,0.0,0.0,0.0,0.0,0.0,0.0,2.0,0.0,500,400000,0.004999999888241291,30,True,0.6666666865348816,0.0,0.0,0.0,0.0,0.0,1.0,0.0,0.0,0.0,0.0,0.0,0.0,0.0,0.0,1.0,30.0,60.008,60.00800000000004,49,11695,235000,jul-17-2021_1649
1341,0.0,0.0,0.0,0.0,1,0.0,0.0,0.0,0.0,0.0,0.0,0.0,0.0,2.0,0.0,500,400000,0.004999999888241291,30,True,0.6666666865348816,0.3333333432674408,0.0,0.0,0.0,0.0,1.0,0.0,0.0,0.0,0.0,0.0,0.0,0.0,0.0,1.0,30.0,48.932,48.932000000000016,46,9982,140000,jul-17-2021_1649
1342,0.0,0.0,0.0,0.0,1,0.0,0.0,0.0,0.0,0.0,0.0,0.0,0.0,2.0,0.0,500,400000,0.004999999888241291,30,True,0.6666666865348816,0.6666666865348816,0.0,0.0,0.0,0.0,1.0,0.0,0.0,0.0,0.0,0.0,0.0,0.0,0.0,1.0,30.0,39.092,39.091999999999985,48,6937,85000,jul-17-2021_1649
1343,0.0,0.0,0.0,0.0,1,0.0,0.0,0.0,0.0,0.0,0.0,0.0,0.0,2.0,0.0,500,400000,0.004999999888241291,30,True,0.6666666865348816,1.0,0.0,0.0,0.0,0.0,1.0,0.0,0.0,0.0,0.0,0.0,0.0,0.0,0.0,1.0,30.0,38.68,38.67999999999995,45,6634,105000,jul-17-2021_1649
1344,0.0,0.0,0.0,0.0,1,0.0,0.0,0.0,0.0,0.0,0.0,0.0,0.0,2.0,0.0,500,400000,0.004999999888241291,30,True,1.0,-1.0,0.0,0.0,0.0,0.0,1.0,0.0,0.0,0.0,0.0,0.0,0.0,0.0,0.0,1.0,30.0,51.932,51.932000000000016,50,10656,220000,jul-17-2021_1649
1345,0.0,0.0,0.0,0.0,1,0.0,0.0,0.0,0.0,0.0,0.0,0.0,0.0,2.0,0.0,500,400000,0.004999999888241291,30,True,1.0,-0.6666666865348816,0.0,0.0,0.0,0.0,1.0,0.0,0.0,0.0,0.0,0.0,0.0,0.0,0.0,1.0,30.0,48.844,48.84400000000005,50,9618,105000,jul-17-2021_1649
1346,0.0,0.0,0.0,0.0,1,0.0,0.0,0.0,0.0,0.0,0.0,0.0,0.0,2.0,0.0,500,400000,0.004999999888241291,30,True,1.0,-0.3333333432674408,0.0,0.0,0.0,0.0,1.0,0.0,0.0,0.0,0.0,0.0,0.0,0.0,0.0,1.0,30.0,46.86,46.860000000000014,51,9435,120000,jul-17-2021_1649
1347,0.0,0.0,0.0,0.0,1,0.0,0.0,0.0,0.0,0.0,0.0,0.0,0.0,2.0,0.0,500,400000,0.004999999888241291,30,True,1.0,0.0,0.0,0.0,0.0,0.0,1.0,0.0,0.0,0.0,0.0,0.0,0.0,0.0,0.0,1.0,30.0,58.712,58.71199999999999,51,12569,155000,jul-17-2021_1649
1348,0.0,0.0,0.0,0.0,1,0.0,0.0,0.0,0.0,0.0,0.0,0.0,0.0,2.0,0.0,500,400000,0.004999999888241291,30,True,1.0,0.3333333432674408,0.0,0.0,0.0,0.0,1.0,0.0,0.0,0.0,0.0,0.0,0.0,0.0,0.0,1.0,30.0,52.856,52.855999999999995,53,9024,225000,jul-17-2021_1650
1349,0.0,0.0,0.0,0.0,1,0.0,0.0,0.0,0.0,0.0,0.0,0.0,0.0,2.0,0.0,500,400000,0.004999999888241291,30,True,1.0,0.6666666865348816,0.0,0.0,0.0,0.0,1.0,0.0,0.0,0.0,0.0,0.0,0.0,0.0,0.0,1.0,30.0,48.736,48.73599999999999,51,10709,155000,jul-17-2021_1650
1350,0.0,0.0,0.0,0.0,1,0.0,0.0,0.0,0.0,0.0,0.0,0.0,0.0,2.0,0.0,500,400000,0.004999999888241291,30,True,1.0,1.0,0.0,0.0,0.0,0.0,1.0,0.0,0.0,0.0,0.0,0.0,0.0,0.0,0.0,1.0,30.0,52.032,52.03200000000004,53,14841,160000,jul-17-2021_1650
1351,0.0,0.0,0.0,0.0,1,0.0,0.0,0.0,0.0,0.0,0.0,0.0,0.0,2.0,0.0,500,400000,0.004999999888241291,30,True,1.3333333730697632,-1.0,0.0,0.0,0.0,0.0,1.0,0.0,0.0,0.0,0.0,0.0,0.0,0.0,0.0,0.914,26.172666750669478,63.74996545819322,69.34799999999996,59,35070,399999,jul-17-2021_1650
1352,0.0,0.0,0.0,0.0,1,0.0,0.0,0.0,0.0,0.0,0.0,0.0,0.0,2.0,0.0,500,400000,0.004999999888241291,30,True,1.3333333730697632,-0.6666666865348816,0.0,0.0,0.0,0.0,1.0,0.0,0.0,0.0,0.0,0.0,0.0,0.0,0.0,0.918,27.150666705965996,73.51152342085201,78.976,61,73126,399999,jul-17-2021_1650
1353,0.0,0.0,0.0,0.0,1,0.0,0.0,0.0,0.0,0.0,0.0,0.0,0.0,2.0,0.0,500,400000,0.004999999888241291,30,True,1.3333333730697632,-0.3333333432674408,0.0,0.0,0.0,0.0,1.0,0.0,0.0,0.0,0.0,0.0,0.0,0.0,0.0,1.0,30.0,75.22,75.22000000000003,69,36947,350000,jul-17-2021_1650
1354,0.0,0.0,0.0,0.0,1,0.0,0.0,0.0,0.0,0.0,0.0,0.0,0.0,2.0,0.0,500,400000,0.004999999888241291,30,True,1.3333333730697632,0.0,0.0,0.0,0.0,0.0,1.0,0.0,0.0,0.0,0.0,0.0,0.0,0.0,0.0,1.0,30.0,53.2,53.200000000000045,52,11835,170000,jul-17-2021_1650
1355,0.0,0.0,0.0,0.0,1,0.0,0.0,0.0,0.0,0.0,0.0,0.0,0.0,2.0,0.0,500,400000,0.004999999888241291,30,True,1.3333333730697632,0.3333333432674408,0.0,0.0,0.0,0.0,1.0,0.0,0.0,0.0,0.0,0.0,0.0,0.0,0.0,1.0,30.0,52.444,52.44399999999996,48,9552,195000,jul-17-2021_1650
1356,0.0,0.0,0.0,0.0,1,0.0,0.0,0.0,0.0,0.0,0.0,0.0,0.0,2.0,0.0,500,400000,0.004999999888241291,30,True,1.3333333730697632,0.6666666865348816,0.0,0.0,0.0,0.0,1.0,0.0,0.0,0.0,0.0,0.0,0.0,0.0,0.0,1.0,30.0,71.22,71.22000000000003,68,26237,295000,jul-17-2021_1651
1357,0.0,0.0,0.0,0.0,1,0.0,0.0,0.0,0.0,0.0,0.0,0.0,0.0,2.0,0.0,500,400000,0.004999999888241291,30,True,1.3333333730697632,1.0,0.0,0.0,0.0,0.0,1.0,0.0,0.0,0.0,0.0,0.0,0.0,0.0,0.0,1.0,30.0,68.476,68.476,52,16149,235000,jul-17-2021_1651
1358,0.0,0.0,0.0,0.0,1,0.0,0.0,0.0,0.0,0.0,0.0,0.0,0.0,2.0,0.0,500,400000,0.004999999888241291,30,True,1.6666666269302368,-1.0,0.0,0.0,0.0,0.0,1.0,0.0,0.0,0.0,0.0,0.0,0.0,0.0,0.0,1.0,30.0,70.008,70.00800000000004,56,28898,275000,jul-17-2021_1651
1359,0.0,0.0,0.0,0.0,1,0.0,0.0,0.0,0.0,0.0,0.0,0.0,0.0,2.0,0.0,500,400000,0.004999999888241291,30,True,1.6666666269302368,-0.6666666865348816,0.0,0.0,0.0,0.0,1.0,0.0,0.0,0.0,0.0,0.0,0.0,0.0,0.0,0.798,24.44399974870682,84.7210822019703,70.856,66,44113,399999,jul-17-2021_1651
1360,0.0,0.0,0.0,0.0,1,0.0,0.0,0.0,0.0,0.0,0.0,0.0,0.0,2.0,0.0,500,400000,0.004999999888241291,30,True,1.6666666269302368,-0.3333333432674408,0.0,0.0,0.0,0.0,1.0,0.0,0.0,0.0,0.0,0.0,0.0,0.0,0.0,1.0,30.0,70.444,70.44399999999996,61,37152,275000,jul-17-2021_1651
1361,0.0,0.0,0.0,0.0,1,0.0,0.0,0.0,0.0,0.0,0.0,0.0,0.0,2.0,0.0,500,400000,0.004999999888241291,30,True,1.6666666269302368,0.0,0.0,0.0,0.0,0.0,1.0,0.0,0.0,0.0,0.0,0.0,0.0,0.0,0.0,1.0,30.0,72.652,72.65200000000004,57,35914,290000,jul-17-2021_1651
1362,0.0,0.0,0.0,0.0,1,0.0,0.0,0.0,0.0,0.0,0.0,0.0,0.0,2.0,0.0,500,400000,0.004999999888241291,30,True,1.6666666269302368,0.3333333432674408,0.0,0.0,0.0,0.0,1.0,0.0,0.0,0.0,0.0,0.0,0.0,0.0,0.0,1.0,30.0,62.996,62.99599999999998,54,18870,295000,jul-17-2021_1651
1363,0.0,0.0,0.0,0.0,1,0.0,0.0,0.0,0.0,0.0,0.0,0.0,0.0,2.0,0.0,500,400000,0.004999999888241291,30,True,1.6666666269302368,0.6666666865348816,0.0,0.0,0.0,0.0,1.0,0.0,0.0,0.0,0.0,0.0,0.0,0.0,0.0,1.0,30.0,62.94,62.940000000000055,54,17935,260000,jul-17-2021_1651
1364,0.0,0.0,0.0,0.0,1,0.0,0.0,0.0,0.0,0.0,0.0,0.0,0.0,2.0,0.0,500,400000,0.004999999888241291,30,True,1.6666666269302368,1.0,0.0,0.0,0.0,0.0,1.0,0.0,0.0,0.0,0.0,0.0,0.0,0.0,0.0,1.0,30.0,55.02,55.01999999999998,50,11458,105000,jul-17-2021_1652
1365,0.0,0.0,0.0,0.0,1,0.0,0.0,0.0,0.0,0.0,0.0,0.0,0.0,2.0,0.0,500,400000,0.004999999888241291,30,True,2.0,-1.0,0.0,0.0,0.0,0.0,1.0,0.0,0.0,0.0,0.0,0.0,0.0,0.0,0.0,0.198,6.004,122.263984,63.24400000000003,54,112398,399999,jul-17-2021_1652
1366,0.0,0.0,0.0,0.0,1,0.0,0.0,0.0,0.0,0.0,0.0,0.0,0.0,2.0,0.0,500,400000,0.004999999888241291,30,True,2.0,-0.6666666865348816,0.0,0.0,0.0,0.0,1.0,0.0,0.0,0.0,0.0,0.0,0.0,0.0,0.0,0.698,23.253333216786384,178.4327126573107,73.23199999999997,70,92473,399999,jul-17-2021_1652
1367,0.0,0.0,0.0,0.0,1,0.0,0.0,0.0,0.0,0.0,0.0,0.0,0.0,2.0,0.0,500,400000,0.004999999888241291,30,True,2.0,-0.3333333432674408,0.0,0.0,0.0,0.0,1.0,0.0,0.0,0.0,0.0,0.0,0.0,0.0,0.0,0.732,25.84733327871561,158.61958230013906,71.89599999999996,59,88497,399999,jul-17-2021_1652
1368,0.0,0.0,0.0,0.0,1,0.0,0.0,0.0,0.0,0.0,0.0,0.0,0.0,2.0,0.0,500,400000,0.004999999888241291,30,True,2.0,0.0,0.0,0.0,0.0,0.0,1.0,0.0,0.0,0.0,0.0,0.0,0.0,0.0,0.0,1.0,30.0,67.424,67.42399999999998,58,35301,275000,jul-17-2021_1652
1369,0.0,0.0,0.0,0.0,1,0.0,0.0,0.0,0.0,0.0,0.0,0.0,0.0,2.0,0.0,500,400000,0.004999999888241291,30,True,2.0,0.3333333432674408,0.0,0.0,0.0,0.0,1.0,0.0,0.0,0.0,0.0,0.0,0.0,0.0,0.0,1.0,30.0,61.228,61.22799999999995,53,15389,165000,jul-17-2021_1653
1370,0.0,0.0,0.0,0.0,1,0.0,0.0,0.0,0.0,0.0,0.0,0.0,0.0,2.0,0.0,500,400000,0.004999999888241291,30,True,2.0,0.6666666865348816,0.0,0.0,0.0,0.0,1.0,0.0,0.0,0.0,0.0,0.0,0.0,0.0,0.0,1.0,30.0,70.984,70.98400000000004,59,35890,330000,jul-17-2021_1653
1371,0.0,0.0,0.0,0.0,1,0.0,0.0,0.0,0.0,0.0,0.0,0.0,0.0,2.0,0.0,500,400000,0.004999999888241291,30,True,2.0,1.0,0.0,0.0,0.0,0.0,1.0,0.0,0.0,0.0,0.0,0.0,0.0,0.0,0.0,1.0,30.0,47.344,47.34400000000005,50,8587,170000,jul-17-2021_1653
1372,0.0,0.0,0.0,0.0,1,0.0,0.0,0.0,0.0,0.0,0.0,0.0,0.0,2.0,0.0,500,400000,0.004999999888241291,30,True,0.0,-1.0,0.0,0.0,0.0,0.0,1.0,0.0,0.0,0.0,0.0,0.0,0.0,0.0,0.0,1.0,30.0,45.104,45.10400000000004,48,8093,120000,jul-17-2021_1653
1373,0.0,0.0,0.0,0.0,1,0.0,0.0,0.0,0.0,0.0,0.0,0.0,0.0,2.0,0.0,500,400000,0.004999999888241291,30,True,0.0,-0.6666666865348816,0.0,0.0,0.0,0.0,1.0,0.0,0.0,0.0,0.0,0.0,0.0,0.0,0.0,1.0,30.0,46.372,46.37199999999996,48,9528,140000,jul-17-2021_1653
1374,0.0,0.0,0.0,0.0,1,0.0,0.0,0.0,0.0,0.0,0.0,0.0,0.0,2.0,0.0,500,400000,0.004999999888241291,30,True,0.0,-0.3333333432674408,0.0,0.0,0.0,0.0,1.0,0.0,0.0,0.0,0.0,0.0,0.0,0.0,0.0,1.0,30.0,36.628,36.62800000000004,48,6388,105000,jul-17-2021_1653
1375,0.0,0.0,0.0,0.0,1,0.0,0.0,0.0,0.0,0.0,0.0,0.0,0.0,2.0,0.0,500,400000,0.004999999888241291,30,True,0.0,0.0,0.0,0.0,0.0,0.0,1.0,0.0,0.0,0.0,0.0,0.0,0.0,0.0,0.0,1.0,30.0,40.364,40.36400000000003,49,8777,120000,jul-17-2021_1653
1376,0.0,0.0,0.0,0.0,1,0.0,0.0,0.0,0.0,0.0,0.0,0.0,0.0,2.0,0.0,500,400000,0.004999999888241291,30,True,0.0,0.3333333432674408,0.0,0.0,0.0,0.0,1.0,0.0,0.0,0.0,0.0,0.0,0.0,0.0,0.0,1.0,30.0,44.588,44.587999999999965,47,9914,225000,jul-17-2021_1653
1377,0.0,0.0,0.0,0.0,1,0.0,0.0,0.0,0.0,0.0,0.0,0.0,0.0,2.0,0.0,500,400000,0.004999999888241291,30,True,0.0,0.6666666865348816,0.0,0.0,0.0,0.0,1.0,0.0,0.0,0.0,0.0,0.0,0.0,0.0,0.0,1.0,30.0,41.54,41.539999999999964,50,7611,95000,jul-17-2021_1653
1378,0.0,0.0,0.0,0.0,1,0.0,0.0,0.0,0.0,0.0,0.0,0.0,0.0,2.0,0.0,500,400000,0.004999999888241291,30,True,0.0,1.0,0.0,0.0,0.0,0.0,1.0,0.0,0.0,0.0,0.0,0.0,0.0,0.0,0.0,1.0,30.0,37.128,37.12800000000004,48,7776,75000,jul-17-2021_1653
1379,0.0,0.0,0.0,0.0,1,0.0,0.0,0.0,0.0,0.0,0.0,0.0,0.0,2.0,0.0,500,400000,0.004999999888241291,30,True,0.3333333432674408,-1.0,0.0,0.0,0.0,0.0,1.0,0.0,0.0,0.0,0.0,0.0,0.0,0.0,0.0,1.0,30.0,56.804,56.803999999999974,52,12936,115000,jul-17-2021_1653
1380,0.0,0.0,0.0,0.0,1,0.0,0.0,0.0,0.0,0.0,0.0,0.0,0.0,2.0,0.0,500,400000,0.004999999888241291,30,True,0.3333333432674408,-0.6666666865348816,0.0,0.0,0.0,0.0,1.0,0.0,0.0,0.0,0.0,0.0,0.0,0.0,0.0,1.0,30.0,27.204,27.20399999999995,45,4376,80000,jul-17-2021_1653
1381,0.0,0.0,0.0,0.0,1,0.0,0.0,0.0,0.0,0.0,0.0,0.0,0.0,2.0,0.0,500,400000,0.004999999888241291,30,True,0.3333333432674408,-0.3333333432674408,0.0,0.0,0.0,0.0,1.0,0.0,0.0,0.0,0.0,0.0,0.0,0.0,0.0,1.0,30.0,50.556,50.55600000000004,53,12222,180000,jul-17-2021_1653
1382,0.0,0.0,0.0,0.0,1,0.0,0.0,0.0,0.0,0.0,0.0,0.0,0.0,2.0,0.0,500,400000,0.004999999888241291,30,True,0.3333333432674408,0.0,0.0,0.0,0.0,0.0,1.0,0.0,0.0,0.0,0.0,0.0,0.0,0.0,0.0,1.0,30.0,40.98,40.98000000000002,47,7115,80000,jul-17-2021_1653
1383,0.0,0.0,0.0,0.0,1,0.0,0.0,0.0,0.0,0.0,0.0,0.0,0.0,2.0,0.0,500,400000,0.004999999888241291,30,True,0.3333333432674408,0.3333333432674408,0.0,0.0,0.0,0.0,1.0,0.0,0.0,0.0,0.0,0.0,0.0,0.0,0.0,1.0,30.0,36.876,36.875999999999976,44,5863,120000,jul-17-2021_1653
1384,0.0,0.0,0.0,0.0,1,0.0,0.0,0.0,0.0,0.0,0.0,0.0,0.0,2.0,0.0,500,400000,0.004999999888241291,30,True,0.3333333432674408,0.6666666865348816,0.0,0.0,0.0,0.0,1.0,0.0,0.0,0.0,0.0,0.0,0.0,0.0,0.0,1.0,30.0,50.676,50.676000000000045,50,10561,105000,jul-17-2021_1653
1385,0.0,0.0,0.0,0.0,1,0.0,0.0,0.0,0.0,0.0,0.0,0.0,0.0,2.0,0.0,500,400000,0.004999999888241291,30,True,0.3333333432674408,1.0,0.0,0.0,0.0,0.0,1.0,0.0,0.0,0.0,0.0,0.0,0.0,0.0,0.0,1.0,30.0,34.056,34.05600000000004,44,5763,90000,jul-17-2021_1653
1386,0.0,0.0,0.0,0.0,1,0.0,0.0,0.0,0.0,0.0,0.0,0.0,0.0,2.0,0.0,500,400000,0.004999999888241291,30,True,0.6666666865348816,-1.0,0.0,0.0,0.0,0.0,1.0,0.0,0.0,0.0,0.0,0.0,0.0,0.0,0.0,1.0,30.0,50.08,50.08000000000004,50,10380,185000,jul-17-2021_1654
1387,0.0,0.0,0.0,0.0,1,0.0,0.0,0.0,0.0,0.0,0.0,0.0,0.0,2.0,0.0,500,400000,0.004999999888241291,30,True,0.6666666865348816,-0.6666666865348816,0.0,0.0,0.0,0.0,1.0,0.0,0.0,0.0,0.0,0.0,0.0,0.0,0.0,1.0,30.0,41.52,41.51999999999998,48,7212,120000,jul-17-2021_1654
1388,0.0,0.0,0.0,0.0,1,0.0,0.0,0.0,0.0,0.0,0.0,0.0,0.0,2.0,0.0,500,400000,0.004999999888241291,30,True,0.6666666865348816,-0.3333333432674408,0.0,0.0,0.0,0.0,1.0,0.0,0.0,0.0,0.0,0.0,0.0,0.0,0.0,1.0,30.0,56.668,56.668000000000006,53,14653,185000,jul-17-2021_1654
1389,0.0,0.0,0.0,0.0,1,0.0,0.0,0.0,0.0,0.0,0.0,0.0,0.0,2.0,0.0,500,400000,0.004999999888241291,30,True,0.6666666865348816,0.0,0.0,0.0,0.0,0.0,1.0,0.0,0.0,0.0,0.0,0.0,0.0,0.0,0.0,1.0,30.0,63.168,63.168000000000006,54,16273,200000,jul-17-2021_1654
1390,0.0,0.0,0.0,0.0,1,0.0,0.0,0.0,0.0,0.0,0.0,0.0,0.0,2.0,0.0,500,400000,0.004999999888241291,30,True,0.6666666865348816,0.3333333432674408,0.0,0.0,0.0,0.0,1.0,0.0,0.0,0.0,0.0,0.0,0.0,0.0,0.0,1.0,30.0,43.612,43.611999999999966,53,8386,165000,jul-17-2021_1654
1391,0.0,0.0,0.0,0.0,1,0.0,0.0,0.0,0.0,0.0,0.0,0.0,0.0,2.0,0.0,500,400000,0.004999999888241291,30,True,0.6666666865348816,0.6666666865348816,0.0,0.0,0.0,0.0,1.0,0.0,0.0,0.0,0.0,0.0,0.0,0.0,0.0,1.0,30.0,50.62,50.620000000000005,49,11693,145000,jul-17-2021_1654
1392,0.0,0.0,0.0,0.0,1,0.0,0.0,0.0,0.0,0.0,0.0,0.0,0.0,2.0,0.0,500,400000,0.004999999888241291,30,True,0.6666666865348816,1.0,0.0,0.0,0.0,0.0,1.0,0.0,0.0,0.0,0.0,0.0,0.0,0.0,0.0,1.0,30.0,37.824,37.823999999999955,47,7773,170000,jul-17-2021_1654
1393,0.0,0.0,0.0,0.0,1,0.0,0.0,0.0,0.0,0.0,0.0,0.0,0.0,2.0,0.0,500,400000,0.004999999888241291,30,True,1.0,-1.0,0.0,0.0,0.0,0.0,1.0,0.0,0.0,0.0,0.0,0.0,0.0,0.0,0.0,1.0,30.0,54.932,54.932000000000016,56,15999,150000,jul-17-2021_1654
1394,0.0,0.0,0.0,0.0,1,0.0,0.0,0.0,0.0,0.0,0.0,0.0,0.0,2.0,0.0,500,400000,0.004999999888241291,30,True,1.0,-0.6666666865348816,0.0,0.0,0.0,0.0,1.0,0.0,0.0,0.0,0.0,0.0,0.0,0.0,0.0,1.0,30.0,66.232,66.23199999999997,62,21339,225000,jul-17-2021_1654
1395,0.0,0.0,0.0,0.0,1,0.0,0.0,0.0,0.0,0.0,0.0,0.0,0.0,2.0,0.0,500,400000,0.004999999888241291,30,True,1.0,-0.3333333432674408,0.0,0.0,0.0,0.0,1.0,0.0,0.0,0.0,0.0,0.0,0.0,0.0,0.0,1.0,30.0,51.332,51.331999999999994,51,11590,195000,jul-17-2021_1654
1396,0.0,0.0,0.0,0.0,1,0.0,0.0,0.0,0.0,0.0,0.0,0.0,0.0,2.0,0.0,500,400000,0.004999999888241291,30,True,1.0,0.0,0.0,0.0,0.0,0.0,1.0,0.0,0.0,0.0,0.0,0.0,0.0,0.0,0.0,1.0,30.0,49.068,49.067999999999984,51,10652,150000,jul-17-2021_1654
1397,0.0,0.0,0.0,0.0,1,0.0,0.0,0.0,0.0,0.0,0.0,0.0,0.0,2.0,0.0,500,400000,0.004999999888241291,30,True,1.0,0.3333333432674408,0.0,0.0,0.0,0.0,1.0,0.0,0.0,0.0,0.0,0.0,0.0,0.0,0.0,1.0,30.0,47.788,47.78800000000001,50,9371,155000,jul-17-2021_1654
1398,0.0,0.0,0.0,0.0,1,0.0,0.0,0.0,0.0,0.0,0.0,0.0,0.0,2.0,0.0,500,400000,0.004999999888241291,30,True,1.0,0.6666666865348816,0.0,0.0,0.0,0.0,1.0,0.0,0.0,0.0,0.0,0.0,0.0,0.0,0.0,1.0,30.0,58.652,58.652000000000044,53,14284,170000,jul-17-2021_1654
1399,0.0,0.0,0.0,0.0,1,0.0,0.0,0.0,0.0,0.0,0.0,0.0,0.0,2.0,0.0,500,400000,0.004999999888241291,30,True,1.0,1.0,0.0,0.0,0.0,0.0,1.0,0.0,0.0,0.0,0.0,0.0,0.0,0.0,0.0,1.0,30.0,40.316,40.31600000000003,50,8059,160000,jul-17-2021_1654
1400,0.0,0.0,0.0,0.0,1,0.0,0.0,0.0,0.0,0.0,0.0,0.0,0.0,2.0,0.0,500,400000,0.004999999888241291,30,True,1.3333333730697632,-1.0,0.0,0.0,0.0,0.0,1.0,0.0,0.0,0.0,0.0,0.0,0.0,0.0,0.0,1.0,30.0,50.448,50.44799999999998,48,10789,145000,jul-17-2021_1655
1401,0.0,0.0,0.0,0.0,1,0.0,0.0,0.0,0.0,0.0,0.0,0.0,0.0,2.0,0.0,500,400000,0.004999999888241291,30,True,1.3333333730697632,-0.6666666865348816,0.0,0.0,0.0,0.0,1.0,0.0,0.0,0.0,0.0,0.0,0.0,0.0,0.0,1.0,30.0,69.26,69.25999999999999,60,30012,325000,jul-17-2021_1655
1402,0.0,0.0,0.0,0.0,1,0.0,0.0,0.0,0.0,0.0,0.0,0.0,0.0,2.0,0.0,500,400000,0.004999999888241291,30,True,1.3333333730697632,-0.3333333432674408,0.0,0.0,0.0,0.0,1.0,0.0,0.0,0.0,0.0,0.0,0.0,0.0,0.0,1.0,30.0,69.436,69.43600000000004,67,21192,345000,jul-17-2021_1655
1403,0.0,0.0,0.0,0.0,1,0.0,0.0,0.0,0.0,0.0,0.0,0.0,0.0,2.0,0.0,500,400000,0.004999999888241291,30,True,1.3333333730697632,0.0,0.0,0.0,0.0,0.0,1.0,0.0,0.0,0.0,0.0,0.0,0.0,0.0,0.0,1.0,30.0,69.58,69.58000000000004,54,23791,335000,jul-17-2021_1655
1404,0.0,0.0,0.0,0.0,1,0.0,0.0,0.0,0.0,0.0,0.0,0.0,0.0,2.0,0.0,500,400000,0.004999999888241291,30,True,1.3333333730697632,0.3333333432674408,0.0,0.0,0.0,0.0,1.0,0.0,0.0,0.0,0.0,0.0,0.0,0.0,0.0,1.0,30.0,60.892,60.89200000000005,54,16540,185000,jul-17-2021_1655
1405,0.0,0.0,0.0,0.0,1,0.0,0.0,0.0,0.0,0.0,0.0,0.0,0.0,2.0,0.0,500,400000,0.004999999888241291,30,True,1.3333333730697632,0.6666666865348816,0.0,0.0,0.0,0.0,1.0,0.0,0.0,0.0,0.0,0.0,0.0,0.0,0.0,1.0,30.0,42.392,42.39200000000005,46,9192,95000,jul-17-2021_1655
1406,0.0,0.0,0.0,0.0,1,0.0,0.0,0.0,0.0,0.0,0.0,0.0,0.0,2.0,0.0,500,400000,0.004999999888241291,30,True,1.3333333730697632,1.0,0.0,0.0,0.0,0.0,1.0,0.0,0.0,0.0,0.0,0.0,0.0,0.0,0.0,1.0,30.0,62.98,62.98000000000002,54,13120,145000,jul-17-2021_1655
1407,0.0,0.0,0.0,0.0,1,0.0,0.0,0.0,0.0,0.0,0.0,0.0,0.0,2.0,0.0,500,400000,0.004999999888241291,30,True,1.6666666269302368,-1.0,0.0,0.0,0.0,0.0,1.0,0.0,0.0,0.0,0.0,0.0,0.0,0.0,0.0,0.06,1.3519999339580535,48.14142885467021,59.72000000000003,55,177011,399999,jul-17-2021_1656
1408,0.0,0.0,0.0,0.0,1,0.0,0.0,0.0,0.0,0.0,0.0,0.0,0.0,2.0,0.0,500,400000,0.004999999888241291,30,True,1.6666666269302368,-0.6666666865348816,0.0,0.0,0.0,0.0,1.0,0.0,0.0,0.0,0.0,0.0,0.0,0.0,0.0,0.812,24.593999750733374,108.68026985855086,79.59199999999998,62,60256,399999,jul-17-2021_1656
1409,0.0,0.0,0.0,0.0,1,0.0,0.0,0.0,0.0,0.0,0.0,0.0,0.0,2.0,0.0,500,400000,0.004999999888241291,30,True,1.6666666269302368,-0.3333333432674408,0.0,0.0,0.0,0.0,1.0,0.0,0.0,0.0,0.0,0.0,0.0,0.0,0.0,0.772,24.97866641563177,104.68220540282465,70.68399999999997,58,51928,399999,jul-17-2021_1656
1410,0.0,0.0,0.0,0.0,1,0.0,0.0,0.0,0.0,0.0,0.0,0.0,0.0,2.0,0.0,500,400000,0.004999999888241291,30,True,1.6666666269302368,0.0,0.0,0.0,0.0,0.0,1.0,0.0,0.0,0.0,0.0,0.0,0.0,0.0,0.0,1.0,30.0,61.476,61.476,55,21388,160000,jul-17-2021_1656
1411,0.0,0.0,0.0,0.0,1,0.0,0.0,0.0,0.0,0.0,0.0,0.0,0.0,2.0,0.0,500,400000,0.004999999888241291,30,True,1.6666666269302368,0.3333333432674408,0.0,0.0,0.0,0.0,1.0,0.0,0.0,0.0,0.0,0.0,0.0,0.0,0.0,1.0,30.0,74.196,74.19600000000003,59,26644,315000,jul-17-2021_1656
1412,0.0,0.0,0.0,0.0,1,0.0,0.0,0.0,0.0,0.0,0.0,0.0,0.0,2.0,0.0,500,400000,0.004999999888241291,30,True,1.6666666269302368,0.6666666865348816,0.0,0.0,0.0,0.0,1.0,0.0,0.0,0.0,0.0,0.0,0.0,0.0,0.0,1.0,30.0,48.58,48.58000000000004,52,9135,160000,jul-17-2021_1656
1413,0.0,0.0,0.0,0.0,1,0.0,0.0,0.0,0.0,0.0,0.0,0.0,0.0,2.0,0.0,500,400000,0.004999999888241291,30,True,1.6666666269302368,1.0,0.0,0.0,0.0,0.0,1.0,0.0,0.0,0.0,0.0,0.0,0.0,0.0,0.0,1.0,30.0,64.064,64.06399999999996,53,23620,330000,jul-17-2021_1656
1414,0.0,0.0,0.0,0.0,1,0.0,0.0,0.0,0.0,0.0,0.0,0.0,0.0,2.0,0.0,500,400000,0.004999999888241291,30,True,2.0,-1.0,0.0,0.0,0.0,0.0,1.0,0.0,0.0,0.0,0.0,0.0,0.0,0.0,0.0,0.766,23.312,173.54265600000002,70.02800000000002,62,59872,399999,jul-17-2021_1657
1415,0.0,0.0,0.0,0.0,1,0.0,0.0,0.0,0.0,0.0,0.0,0.0,0.0,2.0,0.0,500,400000,0.004999999888241291,30,True,2.0,-0.6666666865348816,0.0,0.0,0.0,0.0,1.0,0.0,0.0,0.0,0.0,0.0,0.0,0.0,0.0,0.726,24.31599989378452,151.76058956715767,68.452,65,64460,399999,jul-17-2021_1657
1416,0.0,0.0,0.0,0.0,1,0.0,0.0,0.0,0.0,0.0,0.0,0.0,0.0,2.0,0.0,500,400000,0.004999999888241291,30,True,2.0,-0.3333333432674408,0.0,0.0,0.0,0.0,1.0,0.0,0.0,0.0,0.0,0.0,0.0,0.0,0.0,1.0,30.0,68.4,68.39999999999998,58,24483,265000,jul-17-2021_1657
1417,0.0,0.0,0.0,0.0,1,0.0,0.0,0.0,0.0,0.0,0.0,0.0,0.0,2.0,0.0,500,400000,0.004999999888241291,30,True,2.0,0.0,0.0,0.0,0.0,0.0,1.0,0.0,0.0,0.0,0.0,0.0,0.0,0.0,0.0,1.0,30.0,71.14,71.13999999999999,55,40233,355000,jul-17-2021_1657
1418,0.0,0.0,0.0,0.0,1,0.0,0.0,0.0,0.0,0.0,0.0,0.0,0.0,2.0,0.0,500,400000,0.004999999888241291,30,True,2.0,0.3333333432674408,0.0,0.0,0.0,0.0,1.0,0.0,0.0,0.0,0.0,0.0,0.0,0.0,0.0,0.958,30.263333343207837,94.75221114776626,80.096,68,49101,399999,jul-17-2021_1657
1419,0.0,0.0,0.0,0.0,1,0.0,0.0,0.0,0.0,0.0,0.0,0.0,0.0,2.0,0.0,500,400000,0.004999999888241291,30,True,2.0,0.6666666865348816,0.0,0.0,0.0,0.0,1.0,0.0,0.0,0.0,0.0,0.0,0.0,0.0,0.0,0.982,30.297333343029024,85.84759291832967,70.668,57,28292,399999,jul-17-2021_1658
1420,0.0,0.0,0.0,0.0,1,0.0,0.0,0.0,0.0,0.0,0.0,0.0,0.0,2.0,0.0,500,400000,0.004999999888241291,30,True,2.0,1.0,0.0,0.0,0.0,0.0,1.0,0.0,0.0,0.0,0.0,0.0,0.0,0.0,0.0,1.0,30.0,70.864,70.86400000000003,59,17776,280000,jul-17-2021_1658
1421,0.0,0.0,0.0,0.0,1,0.0,0.0,0.0,0.0,0.0,0.0,0.0,0.0,2.0,0.0,500,400000,0.004999999888241291,30,True,0.0,-1.0,0.0,0.0,0.0,0.0,1.0,0.0,0.0,0.0,0.0,0.0,0.0,0.0,0.0,1.0,30.0,48.564,48.563999999999965,48,9413,100000,jul-17-2021_1658
1422,0.0,0.0,0.0,0.0,1,0.0,0.0,0.0,0.0,0.0,0.0,0.0,0.0,2.0,0.0,500,400000,0.004999999888241291,30,True,0.0,-0.6666666865348816,0.0,0.0,0.0,0.0,1.0,0.0,0.0,0.0,0.0,0.0,0.0,0.0,0.0,1.0,30.0,35.956,35.95600000000002,47,6456,100000,jul-17-2021_1658
1423,0.0,0.0,0.0,0.0,1,0.0,0.0,0.0,0.0,0.0,0.0,0.0,0.0,2.0,0.0,500,400000,0.004999999888241291,30,True,0.0,-0.3333333432674408,0.0,0.0,0.0,0.0,1.0,0.0,0.0,0.0,0.0,0.0,0.0,0.0,0.0,1.0,30.0,29.608,29.607999999999947,44,4708,80000,jul-17-2021_1658
1424,0.0,0.0,0.0,0.0,1,0.0,0.0,0.0,0.0,0.0,0.0,0.0,0.0,2.0,0.0,500,400000,0.004999999888241291,30,True,0.0,0.0,0.0,0.0,0.0,0.0,1.0,0.0,0.0,0.0,0.0,0.0,0.0,0.0,0.0,1.0,30.0,52.992,52.99199999999996,50,13531,165000,jul-17-2021_1658
1425,0.0,0.0,0.0,0.0,1,0.0,0.0,0.0,0.0,0.0,0.0,0.0,0.0,2.0,0.0,500,400000,0.004999999888241291,30,True,0.0,0.3333333432674408,0.0,0.0,0.0,0.0,1.0,0.0,0.0,0.0,0.0,0.0,0.0,0.0,0.0,1.0,30.0,38.08,38.08000000000004,44,6713,115000,jul-17-2021_1658
1426,0.0,0.0,0.0,0.0,1,0.0,0.0,0.0,0.0,0.0,0.0,0.0,0.0,2.0,0.0,500,400000,0.004999999888241291,30,True,0.0,0.6666666865348816,0.0,0.0,0.0,0.0,1.0,0.0,0.0,0.0,0.0,0.0,0.0,0.0,0.0,1.0,30.0,46.516,46.51599999999996,53,8610,110000,jul-17-2021_1658
1427,0.0,0.0,0.0,0.0,1,0.0,0.0,0.0,0.0,0.0,0.0,0.0,0.0,2.0,0.0,500,400000,0.004999999888241291,30,True,0.0,1.0,0.0,0.0,0.0,0.0,1.0,0.0,0.0,0.0,0.0,0.0,0.0,0.0,0.0,1.0,30.0,28.892,28.892000000000053,42,4351,80000,jul-17-2021_1658
1428,0.0,0.0,0.0,0.0,1,0.0,0.0,0.0,0.0,0.0,0.0,0.0,0.0,2.0,0.0,500,400000,0.004999999888241291,30,True,0.3333333432674408,-1.0,0.0,0.0,0.0,0.0,1.0,0.0,0.0,0.0,0.0,0.0,0.0,0.0,0.0,1.0,30.0,65.464,65.46400000000006,57,17158,175000,jul-17-2021_1658
1429,0.0,0.0,0.0,0.0,1,0.0,0.0,0.0,0.0,0.0,0.0,0.0,0.0,2.0,0.0,500,400000,0.004999999888241291,30,True,0.3333333432674408,-0.6666666865348816,0.0,0.0,0.0,0.0,1.0,0.0,0.0,0.0,0.0,0.0,0.0,0.0,0.0,1.0,30.0,65.92,65.91999999999996,55,21791,185000,jul-17-2021_1658
1430,0.0,0.0,0.0,0.0,1,0.0,0.0,0.0,0.0,0.0,0.0,0.0,0.0,2.0,0.0,500,400000,0.004999999888241291,30,True,0.3333333432674408,-0.3333333432674408,0.0,0.0,0.0,0.0,1.0,0.0,0.0,0.0,0.0,0.0,0.0,0.0,0.0,1.0,30.0,59.212,59.21199999999999,61,16270,150000,jul-17-2021_1658
1431,0.0,0.0,0.0,0.0,1,0.0,0.0,0.0,0.0,0.0,0.0,0.0,0.0,2.0,0.0,500,400000,0.004999999888241291,30,True,0.3333333432674408,0.0,0.0,0.0,0.0,0.0,1.0,0.0,0.0,0.0,0.0,0.0,0.0,0.0,0.0,1.0,30.0,44.724,44.724000000000046,48,7974,115000,jul-17-2021_1658
1432,0.0,0.0,0.0,0.0,1,0.0,0.0,0.0,0.0,0.0,0.0,0.0,0.0,2.0,0.0,500,400000,0.004999999888241291,30,True,0.3333333432674408,0.3333333432674408,0.0,0.0,0.0,0.0,1.0,0.0,0.0,0.0,0.0,0.0,0.0,0.0,0.0,1.0,30.0,54.136,54.13599999999997,50,12337,105000,jul-17-2021_1658
1433,0.0,0.0,0.0,0.0,1,0.0,0.0,0.0,0.0,0.0,0.0,0.0,0.0,2.0,0.0,500,400000,0.004999999888241291,30,True,0.3333333432674408,0.6666666865348816,0.0,0.0,0.0,0.0,1.0,0.0,0.0,0.0,0.0,0.0,0.0,0.0,0.0,1.0,30.0,42.576,42.57600000000002,48,9437,100000,jul-17-2021_1658
1434,0.0,0.0,0.0,0.0,1,0.0,0.0,0.0,0.0,0.0,0.0,0.0,0.0,2.0,0.0,500,400000,0.004999999888241291,30,True,0.3333333432674408,1.0,0.0,0.0,0.0,0.0,1.0,0.0,0.0,0.0,0.0,0.0,0.0,0.0,0.0,1.0,30.0,45.096,45.096000000000004,51,8749,130000,jul-17-2021_1658
1435,0.0,0.0,0.0,0.0,1,0.0,0.0,0.0,0.0,0.0,0.0,0.0,0.0,2.0,0.0,500,400000,0.004999999888241291,30,True,0.6666666865348816,-1.0,0.0,0.0,0.0,0.0,1.0,0.0,0.0,0.0,0.0,0.0,0.0,0.0,0.0,1.0,30.0,74.768,74.76800000000003,55,40412,215000,jul-17-2021_1659
1436,0.0,0.0,0.0,0.0,1,0.0,0.0,0.0,0.0,0.0,0.0,0.0,0.0,2.0,0.0,500,400000,0.004999999888241291,30,True,0.6666666865348816,-0.6666666865348816,0.0,0.0,0.0,0.0,1.0,0.0,0.0,0.0,0.0,0.0,0.0,0.0,0.0,1.0,30.0,55.88,55.879999999999995,51,12379,170000,jul-17-2021_1659
1437,0.0,0.0,0.0,0.0,1,0.0,0.0,0.0,0.0,0.0,0.0,0.0,0.0,2.0,0.0,500,400000,0.004999999888241291,30,True,0.6666666865348816,-0.3333333432674408,0.0,0.0,0.0,0.0,1.0,0.0,0.0,0.0,0.0,0.0,0.0,0.0,0.0,1.0,30.0,52.492,52.49199999999996,49,11892,175000,jul-17-2021_1659
1438,0.0,0.0,0.0,0.0,1,0.0,0.0,0.0,0.0,0.0,0.0,0.0,0.0,2.0,0.0,500,400000,0.004999999888241291,30,True,0.6666666865348816,0.0,0.0,0.0,0.0,0.0,1.0,0.0,0.0,0.0,0.0,0.0,0.0,0.0,0.0,1.0,30.0,60.444,60.44399999999996,52,13935,180000,jul-17-2021_1659
1439,0.0,0.0,0.0,0.0,1,0.0,0.0,0.0,0.0,0.0,0.0,0.0,0.0,2.0,0.0,500,400000,0.004999999888241291,30,True,0.6666666865348816,0.3333333432674408,0.0,0.0,0.0,0.0,1.0,0.0,0.0,0.0,0.0,0.0,0.0,0.0,0.0,1.0,30.0,39.532,39.53200000000004,47,7220,165000,jul-17-2021_1659
1440,0.0,0.0,0.0,0.0,1,0.0,0.0,0.0,0.0,0.0,0.0,0.0,0.0,2.0,0.0,500,400000,0.004999999888241291,30,True,0.6666666865348816,0.6666666865348816,0.0,0.0,0.0,0.0,1.0,0.0,0.0,0.0,0.0,0.0,0.0,0.0,0.0,1.0,30.0,36.084,36.083999999999946,46,5839,105000,jul-17-2021_1659
1441,0.0,0.0,0.0,0.0,1,0.0,0.0,0.0,0.0,0.0,0.0,0.0,0.0,2.0,0.0,500,400000,0.004999999888241291,30,True,0.6666666865348816,1.0,0.0,0.0,0.0,0.0,1.0,0.0,0.0,0.0,0.0,0.0,0.0,0.0,0.0,1.0,30.0,37.988,37.988000000000056,46,8132,130000,jul-17-2021_1659
1442,0.0,0.0,0.0,0.0,1,0.0,0.0,0.0,0.0,0.0,0.0,0.0,0.0,2.0,0.0,500,400000,0.004999999888241291,30,True,1.0,-1.0,0.0,0.0,0.0,0.0,1.0,0.0,0.0,0.0,0.0,0.0,0.0,0.0,0.0,1.0,30.0,57.548,57.548,54,13939,170000,jul-17-2021_1659
1443,0.0,0.0,0.0,0.0,1,0.0,0.0,0.0,0.0,0.0,0.0,0.0,0.0,2.0,0.0,500,400000,0.004999999888241291,30,True,1.0,-0.6666666865348816,0.0,0.0,0.0,0.0,1.0,0.0,0.0,0.0,0.0,0.0,0.0,0.0,0.0,1.0,30.0,56.58,56.58000000000004,50,16585,155000,jul-17-2021_1659
1444,0.0,0.0,0.0,0.0,1,0.0,0.0,0.0,0.0,0.0,0.0,0.0,0.0,2.0,0.0,500,400000,0.004999999888241291,30,True,1.0,-0.3333333432674408,0.0,0.0,0.0,0.0,1.0,0.0,0.0,0.0,0.0,0.0,0.0,0.0,0.0,1.0,30.0,55.32,55.32000000000005,52,14308,135000,jul-17-2021_1659
1445,0.0,0.0,0.0,0.0,1,0.0,0.0,0.0,0.0,0.0,0.0,0.0,0.0,2.0,0.0,500,400000,0.004999999888241291,30,True,1.0,0.0,0.0,0.0,0.0,0.0,1.0,0.0,0.0,0.0,0.0,0.0,0.0,0.0,0.0,1.0,30.0,39.04,39.039999999999964,45,6117,155000,jul-17-2021_1659
1446,0.0,0.0,0.0,0.0,1,0.0,0.0,0.0,0.0,0.0,0.0,0.0,0.0,2.0,0.0,500,400000,0.004999999888241291,30,True,1.0,0.3333333432674408,0.0,0.0,0.0,0.0,1.0,0.0,0.0,0.0,0.0,0.0,0.0,0.0,0.0,1.0,30.0,57.568,57.567999999999984,50,13582,150000,jul-17-2021_1659
1447,0.0,0.0,0.0,0.0,1,0.0,0.0,0.0,0.0,0.0,0.0,0.0,0.0,2.0,0.0,500,400000,0.004999999888241291,30,True,1.0,0.6666666865348816,0.0,0.0,0.0,0.0,1.0,0.0,0.0,0.0,0.0,0.0,0.0,0.0,0.0,1.0,30.0,45.08,45.08000000000004,49,9308,105000,jul-17-2021_1659
1448,0.0,0.0,0.0,0.0,1,0.0,0.0,0.0,0.0,0.0,0.0,0.0,0.0,2.0,0.0,500,400000,0.004999999888241291,30,True,1.0,1.0,0.0,0.0,0.0,0.0,1.0,0.0,0.0,0.0,0.0,0.0,0.0,0.0,0.0,1.0,30.0,56.648,56.648000000000025,59,12098,225000,jul-17-2021_1659
1449,0.0,0.0,0.0,0.0,1,0.0,0.0,0.0,0.0,0.0,0.0,0.0,0.0,2.0,0.0,500,400000,0.004999999888241291,30,True,1.3333333730697632,-1.0,0.0,0.0,0.0,0.0,1.0,0.0,0.0,0.0,0.0,0.0,0.0,0.0,0.0,1.0,30.0,69.228,69.22799999999995,60,34104,265000,jul-17-2021_1700
1450,0.0,0.0,0.0,0.0,1,0.0,0.0,0.0,0.0,0.0,0.0,0.0,0.0,2.0,0.0,500,400000,0.004999999888241291,30,True,1.3333333730697632,-0.6666666865348816,0.0,0.0,0.0,0.0,1.0,0.0,0.0,0.0,0.0,0.0,0.0,0.0,0.0,1.0,30.0,42.212,42.21199999999999,47,8760,110000,jul-17-2021_1700
1451,0.0,0.0,0.0,0.0,1,0.0,0.0,0.0,0.0,0.0,0.0,0.0,0.0,2.0,0.0,500,400000,0.004999999888241291,30,True,1.3333333730697632,-0.3333333432674408,0.0,0.0,0.0,0.0,1.0,0.0,0.0,0.0,0.0,0.0,0.0,0.0,0.0,1.0,30.0,69.144,69.144,61,17668,160000,jul-17-2021_1700
1452,0.0,0.0,0.0,0.0,1,0.0,0.0,0.0,0.0,0.0,0.0,0.0,0.0,2.0,0.0,500,400000,0.004999999888241291,30,True,1.3333333730697632,0.0,0.0,0.0,0.0,0.0,1.0,0.0,0.0,0.0,0.0,0.0,0.0,0.0,0.0,1.0,30.0,56.572,56.572,53,11495,280000,jul-17-2021_1700
1453,0.0,0.0,0.0,0.0,1,0.0,0.0,0.0,0.0,0.0,0.0,0.0,0.0,2.0,0.0,500,400000,0.004999999888241291,30,True,1.3333333730697632,0.3333333432674408,0.0,0.0,0.0,0.0,1.0,0.0,0.0,0.0,0.0,0.0,0.0,0.0,0.0,1.0,30.0,64.804,64.80399999999997,58,21793,315000,jul-17-2021_1700
1454,0.0,0.0,0.0,0.0,1,0.0,0.0,0.0,0.0,0.0,0.0,0.0,0.0,2.0,0.0,500,400000,0.004999999888241291,30,True,1.3333333730697632,0.6666666865348816,0.0,0.0,0.0,0.0,1.0,0.0,0.0,0.0,0.0,0.0,0.0,0.0,0.0,1.0,30.0,67.848,67.84799999999996,57,21607,280000,jul-17-2021_1700
1455,0.0,0.0,0.0,0.0,1,0.0,0.0,0.0,0.0,0.0,0.0,0.0,0.0,2.0,0.0,500,400000,0.004999999888241291,30,True,1.3333333730697632,1.0,0.0,0.0,0.0,0.0,1.0,0.0,0.0,0.0,0.0,0.0,0.0,0.0,0.0,1.0,30.0,41.784,41.78399999999999,49,8177,130000,jul-17-2021_1700
1456,0.0,0.0,0.0,0.0,1,0.0,0.0,0.0,0.0,0.0,0.0,0.0,0.0,2.0,0.0,500,400000,0.004999999888241291,30,True,1.6666666269302368,-1.0,0.0,0.0,0.0,0.0,1.0,0.0,0.0,0.0,0.0,0.0,0.0,0.0,0.0,0.576,15.502666393518448,157.68598481566485,69.19200000000001,61,87459,399999,jul-17-2021_1700
1457,0.0,0.0,0.0,0.0,1,0.0,0.0,0.0,0.0,0.0,0.0,0.0,0.0,2.0,0.0,500,400000,0.004999999888241291,30,True,1.6666666269302368,-0.6666666865348816,0.0,0.0,0.0,0.0,1.0,0.0,0.0,0.0,0.0,0.0,0.0,0.0,0.0,0.706,21.365999655127524,108.66537167737032,66.70399999999995,73,86988,399999,jul-17-2021_1701
1458,0.0,0.0,0.0,0.0,1,0.0,0.0,0.0,0.0,0.0,0.0,0.0,0.0,2.0,0.0,500,400000,0.004999999888241291,30,True,1.6666666269302368,-0.3333333432674408,0.0,0.0,0.0,0.0,1.0,0.0,0.0,0.0,0.0,0.0,0.0,0.0,0.0,1.0,30.0,69.856,69.856,63,18069,265000,jul-17-2021_1701
1459,0.0,0.0,0.0,0.0,1,0.0,0.0,0.0,0.0,0.0,0.0,0.0,0.0,2.0,0.0,500,400000,0.004999999888241291,30,True,1.6666666269302368,0.0,0.0,0.0,0.0,0.0,1.0,0.0,0.0,0.0,0.0,0.0,0.0,0.0,0.0,1.0,30.0,62.0,62.0,58,16264,240000,jul-17-2021_1701
1460,0.0,0.0,0.0,0.0,1,0.0,0.0,0.0,0.0,0.0,0.0,0.0,0.0,2.0,0.0,500,400000,0.004999999888241291,30,True,1.6666666269302368,0.3333333432674408,0.0,0.0,0.0,0.0,1.0,0.0,0.0,0.0,0.0,0.0,0.0,0.0,0.0,0.97,29.943999973654748,87.9221957254283,75.52800000000002,61,54164,399999,jul-17-2021_1701
1461,0.0,0.0,0.0,0.0,1,0.0,0.0,0.0,0.0,0.0,0.0,0.0,0.0,2.0,0.0,500,400000,0.004999999888241291,30,True,1.6666666269302368,0.6666666865348816,0.0,0.0,0.0,0.0,1.0,0.0,0.0,0.0,0.0,0.0,0.0,0.0,0.0,1.0,30.0,61.636,61.63599999999997,53,28359,345000,jul-17-2021_1701
1462,0.0,0.0,0.0,0.0,1,0.0,0.0,0.0,0.0,0.0,0.0,0.0,0.0,2.0,0.0,500,400000,0.004999999888241291,30,True,1.6666666269302368,1.0,0.0,0.0,0.0,0.0,1.0,0.0,0.0,0.0,0.0,0.0,0.0,0.0,0.0,1.0,30.0,73.916,73.91600000000005,68,26952,335000,jul-17-2021_1701
1463,0.0,0.0,0.0,0.0,1,0.0,0.0,0.0,0.0,0.0,0.0,0.0,0.0,2.0,0.0,500,400000,0.004999999888241291,30,True,2.0,-1.0,0.0,0.0,0.0,0.0,1.0,0.0,0.0,0.0,0.0,0.0,0.0,0.0,0.0,0.138,4.256,87.39846399999999,66.98800000000006,63,161111,399999,jul-17-2021_1702
1464,0.0,0.0,0.0,0.0,1,0.0,0.0,0.0,0.0,0.0,0.0,0.0,0.0,2.0,0.0,500,400000,0.004999999888241291,30,True,2.0,-0.6666666865348816,0.0,0.0,0.0,0.0,1.0,0.0,0.0,0.0,0.0,0.0,0.0,0.0,0.0,0.912,28.223999956727027,121.77026852115716,75.68799999999999,64,52791,399999,jul-17-2021_1702
1465,0.0,0.0,0.0,0.0,1,0.0,0.0,0.0,0.0,0.0,0.0,0.0,0.0,2.0,0.0,500,400000,0.004999999888241291,30,True,2.0,-0.3333333432674408,0.0,0.0,0.0,0.0,1.0,0.0,0.0,0.0,0.0,0.0,0.0,0.0,0.0,1.0,30.0,76.024,76.024,64,51607,355000,jul-17-2021_1702
1466,0.0,0.0,0.0,0.0,1,0.0,0.0,0.0,0.0,0.0,0.0,0.0,0.0,2.0,0.0,500,400000,0.004999999888241291,30,True,2.0,0.0,0.0,0.0,0.0,0.0,1.0,0.0,0.0,0.0,0.0,0.0,0.0,0.0,0.0,1.0,30.0,75.776,75.77599999999995,52,18500,280000,jul-17-2021_1702
1467,0.0,0.0,0.0,0.0,1,0.0,0.0,0.0,0.0,0.0,0.0,0.0,0.0,2.0,0.0,500,400000,0.004999999888241291,30,True,2.0,0.3333333432674408,0.0,0.0,0.0,0.0,1.0,0.0,0.0,0.0,0.0,0.0,0.0,0.0,0.0,0.974,30.156666672647,82.68367779260649,74.08399999999995,54,26212,399999,jul-17-2021_1702
1468,0.0,0.0,0.0,0.0,1,0.0,0.0,0.0,0.0,0.0,0.0,0.0,0.0,2.0,0.0,500,400000,0.004999999888241291,30,True,2.0,0.6666666865348816,0.0,0.0,0.0,0.0,1.0,0.0,0.0,0.0,0.0,0.0,0.0,0.0,0.0,0.958,30.562666685462,95.13985075577101,83.21600000000001,55,40272,399999,jul-17-2021_1703
1469,0.0,0.0,0.0,0.0,1,0.0,0.0,0.0,0.0,0.0,0.0,0.0,0.0,2.0,0.0,500,400000,0.004999999888241291,30,True,2.0,1.0,0.0,0.0,0.0,0.0,1.0,0.0,0.0,0.0,0.0,0.0,0.0,0.0,0.0,1.0,30.0,57.48,57.48000000000002,51,15041,235000,jul-17-2021_1703
1470,0.0,0.0,0.0,0.0,1,0.0,0.0,0.0,0.0,0.0,0.0,0.0,0.0,3.0,0.0,500,400000,0.004999999888241291,30,True,0.0,-1.0,0.0,0.0,0.0,0.0,1.0,0.0,0.0,0.0,0.0,0.0,0.0,0.0,0.0,1.0,30.0,80.008,80.00800000000004,57,18223,235000,jul-17-2021_1703
1471,0.0,0.0,0.0,0.0,1,0.0,0.0,0.0,0.0,0.0,0.0,0.0,0.0,3.0,0.0,500,400000,0.004999999888241291,30,True,0.0,-0.6666666865348816,0.0,0.0,0.0,0.0,1.0,0.0,0.0,0.0,0.0,0.0,0.0,0.0,0.0,1.0,30.0,83.272,83.27200000000005,57,16158,155000,jul-17-2021_1703
1472,0.0,0.0,0.0,0.0,1,0.0,0.0,0.0,0.0,0.0,0.0,0.0,0.0,3.0,0.0,500,400000,0.004999999888241291,30,True,0.0,-0.3333333432674408,0.0,0.0,0.0,0.0,1.0,0.0,0.0,0.0,0.0,0.0,0.0,0.0,0.0,1.0,30.0,57.612,57.611999999999966,49,8363,105000,jul-17-2021_1703
1473,0.0,0.0,0.0,0.0,1,0.0,0.0,0.0,0.0,0.0,0.0,0.0,0.0,3.0,0.0,500,400000,0.004999999888241291,30,True,0.0,0.0,0.0,0.0,0.0,0.0,1.0,0.0,0.0,0.0,0.0,0.0,0.0,0.0,0.0,1.0,30.0,63.068,63.067999999999984,52,13241,145000,jul-17-2021_1703
1474,0.0,0.0,0.0,0.0,1,0.0,0.0,0.0,0.0,0.0,0.0,0.0,0.0,3.0,0.0,500,400000,0.004999999888241291,30,True,0.0,0.3333333432674408,0.0,0.0,0.0,0.0,1.0,0.0,0.0,0.0,0.0,0.0,0.0,0.0,0.0,1.0,30.0,47.436,47.436000000000035,45,6824,180000,jul-17-2021_1703
1475,0.0,0.0,0.0,0.0,1,0.0,0.0,0.0,0.0,0.0,0.0,0.0,0.0,3.0,0.0,500,400000,0.004999999888241291,30,True,0.0,0.6666666865348816,0.0,0.0,0.0,0.0,1.0,0.0,0.0,0.0,0.0,0.0,0.0,0.0,0.0,1.0,30.0,54.276,54.275999999999954,49,9429,85000,jul-17-2021_1703
1476,0.0,0.0,0.0,0.0,1,0.0,0.0,0.0,0.0,0.0,0.0,0.0,0.0,3.0,0.0,500,400000,0.004999999888241291,30,True,0.0,1.0,0.0,0.0,0.0,0.0,1.0,0.0,0.0,0.0,0.0,0.0,0.0,0.0,0.0,1.0,30.0,44.964,44.964000000000055,47,7135,85000,jul-17-2021_1703
1477,0.0,0.0,0.0,0.0,1,0.0,0.0,0.0,0.0,0.0,0.0,0.0,0.0,3.0,0.0,500,400000,0.004999999888241291,30,True,0.3333333432674408,-1.0,0.0,0.0,0.0,0.0,1.0,0.0,0.0,0.0,0.0,0.0,0.0,0.0,0.0,1.0,30.0,56.024,56.024,48,8707,85000,jul-17-2021_1703
1478,0.0,0.0,0.0,0.0,1,0.0,0.0,0.0,0.0,0.0,0.0,0.0,0.0,3.0,0.0,500,400000,0.004999999888241291,30,True,0.3333333432674408,-0.6666666865348816,0.0,0.0,0.0,0.0,1.0,0.0,0.0,0.0,0.0,0.0,0.0,0.0,0.0,1.0,30.0,71.628,71.62800000000004,55,17591,160000,jul-17-2021_1703
1479,0.0,0.0,0.0,0.0,1,0.0,0.0,0.0,0.0,0.0,0.0,0.0,0.0,3.0,0.0,500,400000,0.004999999888241291,30,True,0.3333333432674408,-0.3333333432674408,0.0,0.0,0.0,0.0,1.0,0.0,0.0,0.0,0.0,0.0,0.0,0.0,0.0,1.0,30.0,78.052,78.05200000000002,58,16774,150000,jul-17-2021_1703
1480,0.0,0.0,0.0,0.0,1,0.0,0.0,0.0,0.0,0.0,0.0,0.0,0.0,3.0,0.0,500,400000,0.004999999888241291,30,True,0.3333333432674408,0.0,0.0,0.0,0.0,0.0,1.0,0.0,0.0,0.0,0.0,0.0,0.0,0.0,0.0,1.0,30.0,72.164,72.16399999999999,57,13698,150000,jul-17-2021_1703
1481,0.0,0.0,0.0,0.0,1,0.0,0.0,0.0,0.0,0.0,0.0,0.0,0.0,3.0,0.0,500,400000,0.004999999888241291,30,True,0.3333333432674408,0.3333333432674408,0.0,0.0,0.0,0.0,1.0,0.0,0.0,0.0,0.0,0.0,0.0,0.0,0.0,1.0,30.0,52.82,52.82000000000005,50,7920,180000,jul-17-2021_1703
1482,0.0,0.0,0.0,0.0,1,0.0,0.0,0.0,0.0,0.0,0.0,0.0,0.0,3.0,0.0,500,400000,0.004999999888241291,30,True,0.3333333432674408,0.6666666865348816,0.0,0.0,0.0,0.0,1.0,0.0,0.0,0.0,0.0,0.0,0.0,0.0,0.0,1.0,30.0,60.9,60.89999999999998,53,10167,175000,jul-17-2021_1703
1483,0.0,0.0,0.0,0.0,1,0.0,0.0,0.0,0.0,0.0,0.0,0.0,0.0,3.0,0.0,500,400000,0.004999999888241291,30,True,0.3333333432674408,1.0,0.0,0.0,0.0,0.0,1.0,0.0,0.0,0.0,0.0,0.0,0.0,0.0,0.0,1.0,30.0,48.612,48.611999999999966,47,7568,105000,jul-17-2021_1704
1484,0.0,0.0,0.0,0.0,1,0.0,0.0,0.0,0.0,0.0,0.0,0.0,0.0,3.0,0.0,500,400000,0.004999999888241291,30,True,0.6666666865348816,-1.0,0.0,0.0,0.0,0.0,1.0,0.0,0.0,0.0,0.0,0.0,0.0,0.0,0.0,1.0,30.0,55.368,55.36800000000005,48,8176,140000,jul-17-2021_1704
1485,0.0,0.0,0.0,0.0,1,0.0,0.0,0.0,0.0,0.0,0.0,0.0,0.0,3.0,0.0,500,400000,0.004999999888241291,30,True,0.6666666865348816,-0.6666666865348816,0.0,0.0,0.0,0.0,1.0,0.0,0.0,0.0,0.0,0.0,0.0,0.0,0.0,1.0,30.0,80.616,80.61599999999999,55,18799,230000,jul-17-2021_1704
1486,0.0,0.0,0.0,0.0,1,0.0,0.0,0.0,0.0,0.0,0.0,0.0,0.0,3.0,0.0,500,400000,0.004999999888241291,30,True,0.6666666865348816,-0.3333333432674408,0.0,0.0,0.0,0.0,1.0,0.0,0.0,0.0,0.0,0.0,0.0,0.0,0.0,1.0,30.0,60.328,60.327999999999975,51,10357,150000,jul-17-2021_1704
1487,0.0,0.0,0.0,0.0,1,0.0,0.0,0.0,0.0,0.0,0.0,0.0,0.0,3.0,0.0,500,400000,0.004999999888241291,30,True,0.6666666865348816,0.0,0.0,0.0,0.0,0.0,1.0,0.0,0.0,0.0,0.0,0.0,0.0,0.0,0.0,1.0,30.0,70.612,70.61199999999997,51,10709,120000,jul-17-2021_1704
1488,0.0,0.0,0.0,0.0,1,0.0,0.0,0.0,0.0,0.0,0.0,0.0,0.0,3.0,0.0,500,400000,0.004999999888241291,30,True,0.6666666865348816,0.3333333432674408,0.0,0.0,0.0,0.0,1.0,0.0,0.0,0.0,0.0,0.0,0.0,0.0,0.0,1.0,30.0,52.204,52.20399999999995,47,8833,120000,jul-17-2021_1704
1489,0.0,0.0,0.0,0.0,1,0.0,0.0,0.0,0.0,0.0,0.0,0.0,0.0,3.0,0.0,500,400000,0.004999999888241291,30,True,0.6666666865348816,0.6666666865348816,0.0,0.0,0.0,0.0,1.0,0.0,0.0,0.0,0.0,0.0,0.0,0.0,0.0,1.0,30.0,62.68,62.67999999999995,53,10296,120000,jul-17-2021_1704
1490,0.0,0.0,0.0,0.0,1,0.0,0.0,0.0,0.0,0.0,0.0,0.0,0.0,3.0,0.0,500,400000,0.004999999888241291,30,True,0.6666666865348816,1.0,0.0,0.0,0.0,0.0,1.0,0.0,0.0,0.0,0.0,0.0,0.0,0.0,0.0,1.0,30.0,56.396,56.39599999999996,48,8869,120000,jul-17-2021_1704
1491,0.0,0.0,0.0,0.0,1,0.0,0.0,0.0,0.0,0.0,0.0,0.0,0.0,3.0,0.0,500,400000,0.004999999888241291,30,True,1.0,-1.0,0.0,0.0,0.0,0.0,1.0,0.0,0.0,0.0,0.0,0.0,0.0,0.0,0.0,1.0,30.0,75.244,75.24400000000003,51,13444,180000,jul-17-2021_1704
1492,0.0,0.0,0.0,0.0,1,0.0,0.0,0.0,0.0,0.0,0.0,0.0,0.0,3.0,0.0,500,400000,0.004999999888241291,30,True,1.0,-0.6666666865348816,0.0,0.0,0.0,0.0,1.0,0.0,0.0,0.0,0.0,0.0,0.0,0.0,0.0,1.0,30.0,88.076,88.07600000000002,57,22148,330000,jul-17-2021_1704
1493,0.0,0.0,0.0,0.0,1,0.0,0.0,0.0,0.0,0.0,0.0,0.0,0.0,3.0,0.0,500,400000,0.004999999888241291,30,True,1.0,-0.3333333432674408,0.0,0.0,0.0,0.0,1.0,0.0,0.0,0.0,0.0,0.0,0.0,0.0,0.0,1.0,30.0,88.904,88.904,59,20859,180000,jul-17-2021_1704
1494,0.0,0.0,0.0,0.0,1,0.0,0.0,0.0,0.0,0.0,0.0,0.0,0.0,3.0,0.0,500,400000,0.004999999888241291,30,True,1.0,0.0,0.0,0.0,0.0,0.0,1.0,0.0,0.0,0.0,0.0,0.0,0.0,0.0,0.0,1.0,30.0,57.008,57.00800000000004,49,7920,135000,jul-17-2021_1704
1495,0.0,0.0,0.0,0.0,1,0.0,0.0,0.0,0.0,0.0,0.0,0.0,0.0,3.0,0.0,500,400000,0.004999999888241291,30,True,1.0,0.3333333432674408,0.0,0.0,0.0,0.0,1.0,0.0,0.0,0.0,0.0,0.0,0.0,0.0,0.0,1.0,30.0,60.496,60.49599999999998,52,11754,120000,jul-17-2021_1704
1496,0.0,0.0,0.0,0.0,1,0.0,0.0,0.0,0.0,0.0,0.0,0.0,0.0,3.0,0.0,500,400000,0.004999999888241291,30,True,1.0,0.6666666865348816,0.0,0.0,0.0,0.0,1.0,0.0,0.0,0.0,0.0,0.0,0.0,0.0,0.0,1.0,30.0,77.656,77.65599999999995,58,17621,170000,jul-17-2021_1704
1497,0.0,0.0,0.0,0.0,1,0.0,0.0,0.0,0.0,0.0,0.0,0.0,0.0,3.0,0.0,500,400000,0.004999999888241291,30,True,1.0,1.0,0.0,0.0,0.0,0.0,1.0,0.0,0.0,0.0,0.0,0.0,0.0,0.0,0.0,1.0,30.0,68.612,68.61199999999997,53,12119,235000,jul-17-2021_1705
1498,0.0,0.0,0.0,0.0,1,0.0,0.0,0.0,0.0,0.0,0.0,0.0,0.0,3.0,0.0,500,400000,0.004999999888241291,30,True,1.3333333730697632,-1.0,0.0,0.0,0.0,0.0,1.0,0.0,0.0,0.0,0.0,0.0,0.0,0.0,0.0,1.0,30.0,78.828,78.82799999999997,60,17812,250000,jul-17-2021_1705
1499,0.0,0.0,0.0,0.0,1,0.0,0.0,0.0,0.0,0.0,0.0,0.0,0.0,3.0,0.0,500,400000,0.004999999888241291,30,True,1.3333333730697632,-0.6666666865348816,0.0,0.0,0.0,0.0,1.0,0.0,0.0,0.0,0.0,0.0,0.0,0.0,0.0,1.0,30.0,83.392,83.39200000000005,60,25228,270000,jul-17-2021_1705
1500,0.0,0.0,0.0,0.0,1,0.0,0.0,0.0,0.0,0.0,0.0,0.0,0.0,3.0,0.0,500,400000,0.004999999888241291,30,True,1.3333333730697632,-0.3333333432674408,0.0,0.0,0.0,0.0,1.0,0.0,0.0,0.0,0.0,0.0,0.0,0.0,0.0,1.0,30.0,64.524,64.524,52,14654,205000,jul-17-2021_1705
1501,0.0,0.0,0.0,0.0,1,0.0,0.0,0.0,0.0,0.0,0.0,0.0,0.0,3.0,0.0,500,400000,0.004999999888241291,30,True,1.3333333730697632,0.0,0.0,0.0,0.0,0.0,1.0,0.0,0.0,0.0,0.0,0.0,0.0,0.0,0.0,1.0,30.0,94.08,94.08000000000004,69,28020,320000,jul-17-2021_1705
1502,0.0,0.0,0.0,0.0,1,0.0,0.0,0.0,0.0,0.0,0.0,0.0,0.0,3.0,0.0,500,400000,0.004999999888241291,30,True,1.3333333730697632,0.3333333432674408,0.0,0.0,0.0,0.0,1.0,0.0,0.0,0.0,0.0,0.0,0.0,0.0,0.0,1.0,30.0,73.736,73.73599999999999,60,19480,370000,jul-17-2021_1705
1503,0.0,0.0,0.0,0.0,1,0.0,0.0,0.0,0.0,0.0,0.0,0.0,0.0,3.0,0.0,500,400000,0.004999999888241291,30,True,1.3333333730697632,0.6666666865348816,0.0,0.0,0.0,0.0,1.0,0.0,0.0,0.0,0.0,0.0,0.0,0.0,0.0,1.0,30.0,80.608,80.60799999999995,56,19518,210000,jul-17-2021_1705
1504,0.0,0.0,0.0,0.0,1,0.0,0.0,0.0,0.0,0.0,0.0,0.0,0.0,3.0,0.0,500,400000,0.004999999888241291,30,True,1.3333333730697632,1.0,0.0,0.0,0.0,0.0,1.0,0.0,0.0,0.0,0.0,0.0,0.0,0.0,0.0,1.0,30.0,72.448,72.44799999999998,55,13884,195000,jul-17-2021_1705
1505,0.0,0.0,0.0,0.0,1,0.0,0.0,0.0,0.0,0.0,0.0,0.0,0.0,3.0,0.0,500,400000,0.004999999888241291,30,True,1.6666666269302368,-1.0,0.0,0.0,0.0,0.0,1.0,0.0,0.0,0.0,0.0,0.0,0.0,0.0,0.0,1.0,30.0,86.096,86.096,55,23331,355000,jul-17-2021_1706
1506,0.0,0.0,0.0,0.0,1,0.0,0.0,0.0,0.0,0.0,0.0,0.0,0.0,3.0,0.0,500,400000,0.004999999888241291,30,True,1.6666666269302368,-0.6666666865348816,0.0,0.0,0.0,0.0,1.0,0.0,0.0,0.0,0.0,0.0,0.0,0.0,0.0,1.0,30.0,79.572,79.572,57,16740,190000,jul-17-2021_1706
1507,0.0,0.0,0.0,0.0,1,0.0,0.0,0.0,0.0,0.0,0.0,0.0,0.0,3.0,0.0,500,400000,0.004999999888241291,30,True,1.6666666269302368,-0.3333333432674408,0.0,0.0,0.0,0.0,1.0,0.0,0.0,0.0,0.0,0.0,0.0,0.0,0.0,1.0,30.0,90.492,90.49199999999996,65,27168,230000,jul-17-2021_1706
1508,0.0,0.0,0.0,0.0,1,0.0,0.0,0.0,0.0,0.0,0.0,0.0,0.0,3.0,0.0,500,400000,0.004999999888241291,30,True,1.6666666269302368,0.0,0.0,0.0,0.0,0.0,1.0,0.0,0.0,0.0,0.0,0.0,0.0,0.0,0.0,1.0,30.0,96.264,96.26400000000001,69,41479,320000,jul-17-2021_1706
1509,0.0,0.0,0.0,0.0,1,0.0,0.0,0.0,0.0,0.0,0.0,0.0,0.0,3.0,0.0,500,400000,0.004999999888241291,30,True,1.6666666269302368,0.3333333432674408,0.0,0.0,0.0,0.0,1.0,0.0,0.0,0.0,0.0,0.0,0.0,0.0,0.0,1.0,30.0,88.764,88.76400000000001,56,20042,170000,jul-17-2021_1706
1510,0.0,0.0,0.0,0.0,1,0.0,0.0,0.0,0.0,0.0,0.0,0.0,0.0,3.0,0.0,500,400000,0.004999999888241291,30,True,1.6666666269302368,0.6666666865348816,0.0,0.0,0.0,0.0,1.0,0.0,0.0,0.0,0.0,0.0,0.0,0.0,0.0,1.0,30.0,96.708,96.70799999999997,61,23933,335000,jul-17-2021_1706
1511,0.0,0.0,0.0,0.0,1,0.0,0.0,0.0,0.0,0.0,0.0,0.0,0.0,3.0,0.0,500,400000,0.004999999888241291,30,True,1.6666666269302368,1.0,0.0,0.0,0.0,0.0,1.0,0.0,0.0,0.0,0.0,0.0,0.0,0.0,0.0,1.0,30.0,79.76,79.75999999999999,61,15537,285000,jul-17-2021_1706
1512,0.0,0.0,0.0,0.0,1,0.0,0.0,0.0,0.0,0.0,0.0,0.0,0.0,3.0,0.0,500,400000,0.004999999888241291,30,True,2.0,-1.0,0.0,0.0,0.0,0.0,1.0,0.0,0.0,0.0,0.0,0.0,0.0,0.0,0.0,0.974,29.226,114.29492400000001,95.77599999999995,69,66694,399999,jul-17-2021_1706
1513,0.0,0.0,0.0,0.0,1,0.0,0.0,0.0,0.0,0.0,0.0,0.0,0.0,3.0,0.0,500,400000,0.004999999888241291,30,True,2.0,-0.6666666865348816,0.0,0.0,0.0,0.0,1.0,0.0,0.0,0.0,0.0,0.0,0.0,0.0,0.0,1.0,30.0,89.404,89.404,59,46428,320000,jul-17-2021_1707
1514,0.0,0.0,0.0,0.0,1,0.0,0.0,0.0,0.0,0.0,0.0,0.0,0.0,3.0,0.0,500,400000,0.004999999888241291,30,True,2.0,-0.3333333432674408,0.0,0.0,0.0,0.0,1.0,0.0,0.0,0.0,0.0,0.0,0.0,0.0,0.0,1.0,30.0,88.72,88.72000000000003,58,25222,320000,jul-17-2021_1707
1515,0.0,0.0,0.0,0.0,1,0.0,0.0,0.0,0.0,0.0,0.0,0.0,0.0,3.0,0.0,500,400000,0.004999999888241291,30,True,2.0,0.0,0.0,0.0,0.0,0.0,1.0,0.0,0.0,0.0,0.0,0.0,0.0,0.0,0.0,1.0,30.0,79.08,79.08000000000004,61,30212,300000,jul-17-2021_1707
1516,0.0,0.0,0.0,0.0,1,0.0,0.0,0.0,0.0,0.0,0.0,0.0,0.0,3.0,0.0,500,400000,0.004999999888241291,30,True,2.0,0.3333333432674408,0.0,0.0,0.0,0.0,1.0,0.0,0.0,0.0,0.0,0.0,0.0,0.0,0.0,1.0,30.0,96.788,96.78800000000001,63,27965,215000,jul-17-2021_1707
1517,0.0,0.0,0.0,0.0,1,0.0,0.0,0.0,0.0,0.0,0.0,0.0,0.0,3.0,0.0,500,400000,0.004999999888241291,30,True,2.0,0.6666666865348816,0.0,0.0,0.0,0.0,1.0,0.0,0.0,0.0,0.0,0.0,0.0,0.0,0.0,1.0,30.0,83.928,83.928,58,30146,300000,jul-17-2021_1707
1518,0.0,0.0,0.0,0.0,1,0.0,0.0,0.0,0.0,0.0,0.0,0.0,0.0,3.0,0.0,500,400000,0.004999999888241291,30,True,2.0,1.0,0.0,0.0,0.0,0.0,1.0,0.0,0.0,0.0,0.0,0.0,0.0,0.0,0.0,1.0,30.0,82.928,82.928,57,21055,340000,jul-17-2021_1707
1519,0.0,0.0,0.0,0.0,1,0.0,0.0,0.0,0.0,0.0,0.0,0.0,0.0,3.0,0.0,500,400000,0.004999999888241291,30,True,0.0,-1.0,0.0,0.0,0.0,0.0,1.0,0.0,0.0,0.0,0.0,0.0,0.0,0.0,0.0,1.0,30.0,74.332,74.332,57,18035,160000,jul-17-2021_1707
1520,0.0,0.0,0.0,0.0,1,0.0,0.0,0.0,0.0,0.0,0.0,0.0,0.0,3.0,0.0,500,400000,0.004999999888241291,30,True,0.0,-0.6666666865348816,0.0,0.0,0.0,0.0,1.0,0.0,0.0,0.0,0.0,0.0,0.0,0.0,0.0,1.0,30.0,51.98,51.98000000000002,49,7433,100000,jul-17-2021_1707
1521,0.0,0.0,0.0,0.0,1,0.0,0.0,0.0,0.0,0.0,0.0,0.0,0.0,3.0,0.0,500,400000,0.004999999888241291,30,True,0.0,-0.3333333432674408,0.0,0.0,0.0,0.0,1.0,0.0,0.0,0.0,0.0,0.0,0.0,0.0,0.0,1.0,30.0,61.452,61.452,57,12238,115000,jul-17-2021_1708
1522,0.0,0.0,0.0,0.0,1,0.0,0.0,0.0,0.0,0.0,0.0,0.0,0.0,3.0,0.0,500,400000,0.004999999888241291,30,True,0.0,0.0,0.0,0.0,0.0,0.0,1.0,0.0,0.0,0.0,0.0,0.0,0.0,0.0,0.0,1.0,30.0,56.08,56.08000000000004,52,9535,90000,jul-17-2021_1708
1523,0.0,0.0,0.0,0.0,1,0.0,0.0,0.0,0.0,0.0,0.0,0.0,0.0,3.0,0.0,500,400000,0.004999999888241291,30,True,0.0,0.3333333432674408,0.0,0.0,0.0,0.0,1.0,0.0,0.0,0.0,0.0,0.0,0.0,0.0,0.0,1.0,30.0,47.448,47.44799999999998,47,6988,125000,jul-17-2021_1708
1524,0.0,0.0,0.0,0.0,1,0.0,0.0,0.0,0.0,0.0,0.0,0.0,0.0,3.0,0.0,500,400000,0.004999999888241291,30,True,0.0,0.6666666865348816,0.0,0.0,0.0,0.0,1.0,0.0,0.0,0.0,0.0,0.0,0.0,0.0,0.0,1.0,30.0,43.208,43.20799999999997,45,5555,140000,jul-17-2021_1708
1525,0.0,0.0,0.0,0.0,1,0.0,0.0,0.0,0.0,0.0,0.0,0.0,0.0,3.0,0.0,500,400000,0.004999999888241291,30,True,0.0,1.0,0.0,0.0,0.0,0.0,1.0,0.0,0.0,0.0,0.0,0.0,0.0,0.0,0.0,1.0,30.0,50.552,50.55200000000002,48,7856,155000,jul-17-2021_1708
1526,0.0,0.0,0.0,0.0,1,0.0,0.0,0.0,0.0,0.0,0.0,0.0,0.0,3.0,0.0,500,400000,0.004999999888241291,30,True,0.3333333432674408,-1.0,0.0,0.0,0.0,0.0,1.0,0.0,0.0,0.0,0.0,0.0,0.0,0.0,0.0,1.0,30.0,78.192,78.19200000000001,57,17658,155000,jul-17-2021_1708
1527,0.0,0.0,0.0,0.0,1,0.0,0.0,0.0,0.0,0.0,0.0,0.0,0.0,3.0,0.0,500,400000,0.004999999888241291,30,True,0.3333333432674408,-0.6666666865348816,0.0,0.0,0.0,0.0,1.0,0.0,0.0,0.0,0.0,0.0,0.0,0.0,0.0,1.0,30.0,66.928,66.928,52,12850,185000,jul-17-2021_1708
1528,0.0,0.0,0.0,0.0,1,0.0,0.0,0.0,0.0,0.0,0.0,0.0,0.0,3.0,0.0,500,400000,0.004999999888241291,30,True,0.3333333432674408,-0.3333333432674408,0.0,0.0,0.0,0.0,1.0,0.0,0.0,0.0,0.0,0.0,0.0,0.0,0.0,1.0,30.0,51.624,51.624000000000024,47,8080,130000,jul-17-2021_1708
1529,0.0,0.0,0.0,0.0,1,0.0,0.0,0.0,0.0,0.0,0.0,0.0,0.0,3.0,0.0,500,400000,0.004999999888241291,30,True,0.3333333432674408,0.0,0.0,0.0,0.0,0.0,1.0,0.0,0.0,0.0,0.0,0.0,0.0,0.0,0.0,1.0,30.0,54.292,54.29200000000003,50,9232,130000,jul-17-2021_1708
1530,0.0,0.0,0.0,0.0,1,0.0,0.0,0.0,0.0,0.0,0.0,0.0,0.0,3.0,0.0,500,400000,0.004999999888241291,30,True,0.3333333432674408,0.3333333432674408,0.0,0.0,0.0,0.0,1.0,0.0,0.0,0.0,0.0,0.0,0.0,0.0,0.0,1.0,30.0,65.08,65.08000000000004,51,12857,105000,jul-17-2021_1708
1531,0.0,0.0,0.0,0.0,1,0.0,0.0,0.0,0.0,0.0,0.0,0.0,0.0,3.0,0.0,500,400000,0.004999999888241291,30,True,0.3333333432674408,0.6666666865348816,0.0,0.0,0.0,0.0,1.0,0.0,0.0,0.0,0.0,0.0,0.0,0.0,0.0,1.0,30.0,42.396,42.39599999999996,46,6665,90000,jul-17-2021_1708
1532,0.0,0.0,0.0,0.0,1,0.0,0.0,0.0,0.0,0.0,0.0,0.0,0.0,3.0,0.0,500,400000,0.004999999888241291,30,True,0.3333333432674408,1.0,0.0,0.0,0.0,0.0,1.0,0.0,0.0,0.0,0.0,0.0,0.0,0.0,0.0,1.0,30.0,62.716,62.71600000000001,57,10987,155000,jul-17-2021_1708
1533,0.0,0.0,0.0,0.0,1,0.0,0.0,0.0,0.0,0.0,0.0,0.0,0.0,3.0,0.0,500,400000,0.004999999888241291,30,True,0.6666666865348816,-1.0,0.0,0.0,0.0,0.0,1.0,0.0,0.0,0.0,0.0,0.0,0.0,0.0,0.0,1.0,30.0,89.3,89.29999999999995,60,21784,255000,jul-17-2021_1708
1534,0.0,0.0,0.0,0.0,1,0.0,0.0,0.0,0.0,0.0,0.0,0.0,0.0,3.0,0.0,500,400000,0.004999999888241291,30,True,0.6666666865348816,-0.6666666865348816,0.0,0.0,0.0,0.0,1.0,0.0,0.0,0.0,0.0,0.0,0.0,0.0,0.0,1.0,30.0,86.004,86.00400000000002,60,25811,235000,jul-17-2021_1708
1535,0.0,0.0,0.0,0.0,1,0.0,0.0,0.0,0.0,0.0,0.0,0.0,0.0,3.0,0.0,500,400000,0.004999999888241291,30,True,0.6666666865348816,-0.3333333432674408,0.0,0.0,0.0,0.0,1.0,0.0,0.0,0.0,0.0,0.0,0.0,0.0,0.0,1.0,30.0,66.304,66.30399999999997,55,15781,175000,jul-17-2021_1708
1536,0.0,0.0,0.0,0.0,1,0.0,0.0,0.0,0.0,0.0,0.0,0.0,0.0,3.0,0.0,500,400000,0.004999999888241291,30,True,0.6666666865348816,0.0,0.0,0.0,0.0,0.0,1.0,0.0,0.0,0.0,0.0,0.0,0.0,0.0,0.0,1.0,30.0,69.052,69.05200000000002,52,11436,130000,jul-17-2021_1709
1537,0.0,0.0,0.0,0.0,1,0.0,0.0,0.0,0.0,0.0,0.0,0.0,0.0,3.0,0.0,500,400000,0.004999999888241291,30,True,0.6666666865348816,0.3333333432674408,0.0,0.0,0.0,0.0,1.0,0.0,0.0,0.0,0.0,0.0,0.0,0.0,0.0,1.0,30.0,58.76,58.75999999999999,49,9350,160000,jul-17-2021_1709
1538,0.0,0.0,0.0,0.0,1,0.0,0.0,0.0,0.0,0.0,0.0,0.0,0.0,3.0,0.0,500,400000,0.004999999888241291,30,True,0.6666666865348816,0.6666666865348816,0.0,0.0,0.0,0.0,1.0,0.0,0.0,0.0,0.0,0.0,0.0,0.0,0.0,1.0,30.0,47.22,47.22000000000003,48,7283,160000,jul-17-2021_1709
1539,0.0,0.0,0.0,0.0,1,0.0,0.0,0.0,0.0,0.0,0.0,0.0,0.0,3.0,0.0,500,400000,0.004999999888241291,30,True,0.6666666865348816,1.0,0.0,0.0,0.0,0.0,1.0,0.0,0.0,0.0,0.0,0.0,0.0,0.0,0.0,1.0,30.0,62.52,62.51999999999998,54,9909,125000,jul-17-2021_1709
1540,0.0,0.0,0.0,0.0,1,0.0,0.0,0.0,0.0,0.0,0.0,0.0,0.0,3.0,0.0,500,400000,0.004999999888241291,30,True,1.0,-1.0,0.0,0.0,0.0,0.0,1.0,0.0,0.0,0.0,0.0,0.0,0.0,0.0,0.0,1.0,30.0,74.652,74.65200000000004,66,14642,180000,jul-17-2021_1709
1541,0.0,0.0,0.0,0.0,1,0.0,0.0,0.0,0.0,0.0,0.0,0.0,0.0,3.0,0.0,500,400000,0.004999999888241291,30,True,1.0,-0.6666666865348816,0.0,0.0,0.0,0.0,1.0,0.0,0.0,0.0,0.0,0.0,0.0,0.0,0.0,1.0,30.0,94.432,94.43200000000002,61,22228,185000,jul-17-2021_1709
1542,0.0,0.0,0.0,0.0,1,0.0,0.0,0.0,0.0,0.0,0.0,0.0,0.0,3.0,0.0,500,400000,0.004999999888241291,30,True,1.0,-0.3333333432674408,0.0,0.0,0.0,0.0,1.0,0.0,0.0,0.0,0.0,0.0,0.0,0.0,0.0,1.0,30.0,69.016,69.01599999999996,52,11456,180000,jul-17-2021_1709
1543,0.0,0.0,0.0,0.0,1,0.0,0.0,0.0,0.0,0.0,0.0,0.0,0.0,3.0,0.0,500,400000,0.004999999888241291,30,True,1.0,0.0,0.0,0.0,0.0,0.0,1.0,0.0,0.0,0.0,0.0,0.0,0.0,0.0,0.0,1.0,30.0,74.16,74.15999999999997,52,12981,130000,jul-17-2021_1709
1544,0.0,0.0,0.0,0.0,1,0.0,0.0,0.0,0.0,0.0,0.0,0.0,0.0,3.0,0.0,500,400000,0.004999999888241291,30,True,1.0,0.3333333432674408,0.0,0.0,0.0,0.0,1.0,0.0,0.0,0.0,0.0,0.0,0.0,0.0,0.0,1.0,30.0,76.112,76.11199999999997,57,15924,210000,jul-17-2021_1709
1545,0.0,0.0,0.0,0.0,1,0.0,0.0,0.0,0.0,0.0,0.0,0.0,0.0,3.0,0.0,500,400000,0.004999999888241291,30,True,1.0,0.6666666865348816,0.0,0.0,0.0,0.0,1.0,0.0,0.0,0.0,0.0,0.0,0.0,0.0,0.0,1.0,30.0,78.076,78.07600000000002,58,15424,225000,jul-17-2021_1709
1546,0.0,0.0,0.0,0.0,1,0.0,0.0,0.0,0.0,0.0,0.0,0.0,0.0,3.0,0.0,500,400000,0.004999999888241291,30,True,1.0,1.0,0.0,0.0,0.0,0.0,1.0,0.0,0.0,0.0,0.0,0.0,0.0,0.0,0.0,1.0,30.0,47.116,47.115999999999985,47,7382,120000,jul-17-2021_1709
1547,0.0,0.0,0.0,0.0,1,0.0,0.0,0.0,0.0,0.0,0.0,0.0,0.0,3.0,0.0,500,400000,0.004999999888241291,30,True,1.3333333730697632,-1.0,0.0,0.0,0.0,0.0,1.0,0.0,0.0,0.0,0.0,0.0,0.0,0.0,0.0,1.0,30.0,88.672,88.67200000000003,67,18387,200000,jul-17-2021_1709
1548,0.0,0.0,0.0,0.0,1,0.0,0.0,0.0,0.0,0.0,0.0,0.0,0.0,3.0,0.0,500,400000,0.004999999888241291,30,True,1.3333333730697632,-0.6666666865348816,0.0,0.0,0.0,0.0,1.0,0.0,0.0,0.0,0.0,0.0,0.0,0.0,0.0,1.0,30.0,71.12,71.12,56,13827,160000,jul-17-2021_1709
1549,0.0,0.0,0.0,0.0,1,0.0,0.0,0.0,0.0,0.0,0.0,0.0,0.0,3.0,0.0,500,400000,0.004999999888241291,30,True,1.3333333730697632,-0.3333333432674408,0.0,0.0,0.0,0.0,1.0,0.0,0.0,0.0,0.0,0.0,0.0,0.0,0.0,1.0,30.0,93.404,93.404,61,27844,220000,jul-17-2021_1710
1550,0.0,0.0,0.0,0.0,1,0.0,0.0,0.0,0.0,0.0,0.0,0.0,0.0,3.0,0.0,500,400000,0.004999999888241291,30,True,1.3333333730697632,0.0,0.0,0.0,0.0,0.0,1.0,0.0,0.0,0.0,0.0,0.0,0.0,0.0,0.0,1.0,30.0,53.632,53.63199999999995,49,8490,130000,jul-17-2021_1710
1551,0.0,0.0,0.0,0.0,1,0.0,0.0,0.0,0.0,0.0,0.0,0.0,0.0,3.0,0.0,500,400000,0.004999999888241291,30,True,1.3333333730697632,0.3333333432674408,0.0,0.0,0.0,0.0,1.0,0.0,0.0,0.0,0.0,0.0,0.0,0.0,0.0,1.0,30.0,68.216,68.21600000000001,51,10623,125000,jul-17-2021_1710
1552,0.0,0.0,0.0,0.0,1,0.0,0.0,0.0,0.0,0.0,0.0,0.0,0.0,3.0,0.0,500,400000,0.004999999888241291,30,True,1.3333333730697632,0.6666666865348816,0.0,0.0,0.0,0.0,1.0,0.0,0.0,0.0,0.0,0.0,0.0,0.0,0.0,1.0,30.0,72.58,72.58000000000004,55,14379,210000,jul-17-2021_1710
1553,0.0,0.0,0.0,0.0,1,0.0,0.0,0.0,0.0,0.0,0.0,0.0,0.0,3.0,0.0,500,400000,0.004999999888241291,30,True,1.3333333730697632,1.0,0.0,0.0,0.0,0.0,1.0,0.0,0.0,0.0,0.0,0.0,0.0,0.0,0.0,1.0,30.0,80.768,80.76800000000003,55,14805,295000,jul-17-2021_1710
1554,0.0,0.0,0.0,0.0,1,0.0,0.0,0.0,0.0,0.0,0.0,0.0,0.0,3.0,0.0,500,400000,0.004999999888241291,30,True,1.6666666269302368,-1.0,0.0,0.0,0.0,0.0,1.0,0.0,0.0,0.0,0.0,0.0,0.0,0.0,0.0,0.978,29.2973333132267,86.60448113572589,87.07600000000002,63,23707,399999,jul-17-2021_1710
1555,0.0,0.0,0.0,0.0,1,0.0,0.0,0.0,0.0,0.0,0.0,0.0,0.0,3.0,0.0,500,400000,0.004999999888241291,30,True,1.6666666269302368,-0.6666666865348816,0.0,0.0,0.0,0.0,1.0,0.0,0.0,0.0,0.0,0.0,0.0,0.0,0.0,0.95,28.70599992978573,82.71334036918776,83.12,64,45687,399999,jul-17-2021_1710
1556,0.0,0.0,0.0,0.0,1,0.0,0.0,0.0,0.0,0.0,0.0,0.0,0.0,3.0,0.0,500,400000,0.004999999888241291,30,True,1.6666666269302368,-0.3333333432674408,0.0,0.0,0.0,0.0,1.0,0.0,0.0,0.0,0.0,0.0,0.0,0.0,0.0,1.0,30.0,81.236,81.23599999999999,56,15182,150000,jul-17-2021_1710
1557,0.0,0.0,0.0,0.0,1,0.0,0.0,0.0,0.0,0.0,0.0,0.0,0.0,3.0,0.0,500,400000,0.004999999888241291,30,True,1.6666666269302368,0.0,0.0,0.0,0.0,0.0,1.0,0.0,0.0,0.0,0.0,0.0,0.0,0.0,0.0,1.0,30.0,87.74,87.74000000000001,64,21646,215000,jul-17-2021_1710
1558,0.0,0.0,0.0,0.0,1,0.0,0.0,0.0,0.0,0.0,0.0,0.0,0.0,3.0,0.0,500,400000,0.004999999888241291,30,True,1.6666666269302368,0.3333333432674408,0.0,0.0,0.0,0.0,1.0,0.0,0.0,0.0,0.0,0.0,0.0,0.0,0.0,1.0,30.0,79.788,79.78800000000001,61,15787,215000,jul-17-2021_1711
1559,0.0,0.0,0.0,0.0,1,0.0,0.0,0.0,0.0,0.0,0.0,0.0,0.0,3.0,0.0,500,400000,0.004999999888241291,30,True,1.6666666269302368,0.6666666865348816,0.0,0.0,0.0,0.0,1.0,0.0,0.0,0.0,0.0,0.0,0.0,0.0,0.0,1.0,30.0,76.5,76.5,58,17555,245000,jul-17-2021_1711
1560,0.0,0.0,0.0,0.0,1,0.0,0.0,0.0,0.0,0.0,0.0,0.0,0.0,3.0,0.0,500,400000,0.004999999888241291,30,True,1.6666666269302368,1.0,0.0,0.0,0.0,0.0,1.0,0.0,0.0,0.0,0.0,0.0,0.0,0.0,0.0,1.0,30.0,83.264,83.26400000000001,65,18132,180000,jul-17-2021_1711
1561,0.0,0.0,0.0,0.0,1,0.0,0.0,0.0,0.0,0.0,0.0,0.0,0.0,3.0,0.0,500,400000,0.004999999888241291,30,True,2.0,-1.0,0.0,0.0,0.0,0.0,1.0,0.0,0.0,0.0,0.0,0.0,0.0,0.0,0.0,0.826,24.96,189.86239999999995,96.79600000000005,63,71519,399999,jul-17-2021_1711
1562,0.0,0.0,0.0,0.0,1,0.0,0.0,0.0,0.0,0.0,0.0,0.0,0.0,3.0,0.0,500,400000,0.004999999888241291,30,True,2.0,-0.6666666865348816,0.0,0.0,0.0,0.0,1.0,0.0,0.0,0.0,0.0,0.0,0.0,0.0,0.0,1.0,30.0,97.4,97.39999999999998,66,65074,295000,jul-17-2021_1711
1563,0.0,0.0,0.0,0.0,1,0.0,0.0,0.0,0.0,0.0,0.0,0.0,0.0,3.0,0.0,500,400000,0.004999999888241291,30,True,2.0,-0.3333333432674408,0.0,0.0,0.0,0.0,1.0,0.0,0.0,0.0,0.0,0.0,0.0,0.0,0.0,0.93,29.274666650533675,117.20544710079406,97.62400000000002,75,50854,399999,jul-17-2021_1711
1564,0.0,0.0,0.0,0.0,1,0.0,0.0,0.0,0.0,0.0,0.0,0.0,0.0,3.0,0.0,500,400000,0.004999999888241291,30,True,2.0,0.0,0.0,0.0,0.0,0.0,1.0,0.0,0.0,0.0,0.0,0.0,0.0,0.0,0.0,1.0,30.0,74.888,74.88800000000003,66,20665,235000,jul-17-2021_1711
1565,0.0,0.0,0.0,0.0,1,0.0,0.0,0.0,0.0,0.0,0.0,0.0,0.0,3.0,0.0,500,400000,0.004999999888241291,30,True,2.0,0.3333333432674408,0.0,0.0,0.0,0.0,1.0,0.0,0.0,0.0,0.0,0.0,0.0,0.0,0.0,1.0,30.0,81.168,81.168,59,19993,270000,jul-17-2021_1712
1566,0.0,0.0,0.0,0.0,1,0.0,0.0,0.0,0.0,0.0,0.0,0.0,0.0,3.0,0.0,500,400000,0.004999999888241291,30,True,2.0,0.6666666865348816,0.0,0.0,0.0,0.0,1.0,0.0,0.0,0.0,0.0,0.0,0.0,0.0,0.0,1.0,30.0,58.232,58.23199999999997,48,10958,135000,jul-17-2021_1712
1567,0.0,0.0,0.0,0.0,1,0.0,0.0,0.0,0.0,0.0,0.0,0.0,0.0,3.0,0.0,500,400000,0.004999999888241291,30,True,2.0,1.0,0.0,0.0,0.0,0.0,1.0,0.0,0.0,0.0,0.0,0.0,0.0,0.0,0.0,1.0,30.0,79.62,79.62,65,18657,230000,jul-17-2021_1712
1568,0.0,0.0,0.0,0.0,1,0.0,0.0,0.0,0.0,0.0,0.0,0.0,0.0,3.0,0.0,500,400000,0.004999999888241291,30,True,0.0,-1.0,0.0,0.0,0.0,0.0,1.0,0.0,0.0,0.0,0.0,0.0,0.0,0.0,0.0,1.0,30.0,70.568,70.56799999999998,55,16772,205000,jul-17-2021_1712
1569,0.0,0.0,0.0,0.0,1,0.0,0.0,0.0,0.0,0.0,0.0,0.0,0.0,3.0,0.0,500,400000,0.004999999888241291,30,True,0.0,-0.6666666865348816,0.0,0.0,0.0,0.0,1.0,0.0,0.0,0.0,0.0,0.0,0.0,0.0,0.0,1.0,30.0,59.276,59.275999999999954,48,9440,140000,jul-17-2021_1712
1570,0.0,0.0,0.0,0.0,1,0.0,0.0,0.0,0.0,0.0,0.0,0.0,0.0,3.0,0.0,500,400000,0.004999999888241291,30,True,0.0,-0.3333333432674408,0.0,0.0,0.0,0.0,1.0,0.0,0.0,0.0,0.0,0.0,0.0,0.0,0.0,1.0,30.0,62.848,62.847999999999956,49,10142,105000,jul-17-2021_1712
1571,0.0,0.0,0.0,0.0,1,0.0,0.0,0.0,0.0,0.0,0.0,0.0,0.0,3.0,0.0,500,400000,0.004999999888241291,30,True,0.0,0.0,0.0,0.0,0.0,0.0,1.0,0.0,0.0,0.0,0.0,0.0,0.0,0.0,0.0,1.0,30.0,63.496,63.49599999999998,51,10728,120000,jul-17-2021_1712
1572,0.0,0.0,0.0,0.0,1,0.0,0.0,0.0,0.0,0.0,0.0,0.0,0.0,3.0,0.0,500,400000,0.004999999888241291,30,True,0.0,0.3333333432674408,0.0,0.0,0.0,0.0,1.0,0.0,0.0,0.0,0.0,0.0,0.0,0.0,0.0,1.0,30.0,56.024,56.024,48,8746,105000,jul-17-2021_1712
1573,0.0,0.0,0.0,0.0,1,0.0,0.0,0.0,0.0,0.0,0.0,0.0,0.0,3.0,0.0,500,400000,0.004999999888241291,30,True,0.0,0.6666666865348816,0.0,0.0,0.0,0.0,1.0,0.0,0.0,0.0,0.0,0.0,0.0,0.0,0.0,1.0,30.0,60.68,60.67999999999995,51,10258,95000,jul-17-2021_1712
1574,0.0,0.0,0.0,0.0,1,0.0,0.0,0.0,0.0,0.0,0.0,0.0,0.0,3.0,0.0,500,400000,0.004999999888241291,30,True,0.0,1.0,0.0,0.0,0.0,0.0,1.0,0.0,0.0,0.0,0.0,0.0,0.0,0.0,0.0,1.0,30.0,47.428,47.428,47,6415,95000,jul-17-2021_1712
1575,0.0,0.0,0.0,0.0,1,0.0,0.0,0.0,0.0,0.0,0.0,0.0,0.0,3.0,0.0,500,400000,0.004999999888241291,30,True,0.3333333432674408,-1.0,0.0,0.0,0.0,0.0,1.0,0.0,0.0,0.0,0.0,0.0,0.0,0.0,0.0,1.0,30.0,75.448,75.44799999999998,57,14430,135000,jul-17-2021_1712
1576,0.0,0.0,0.0,0.0,1,0.0,0.0,0.0,0.0,0.0,0.0,0.0,0.0,3.0,0.0,500,400000,0.004999999888241291,30,True,0.3333333432674408,-0.6666666865348816,0.0,0.0,0.0,0.0,1.0,0.0,0.0,0.0,0.0,0.0,0.0,0.0,0.0,1.0,30.0,48.744,48.74400000000003,47,8083,145000,jul-17-2021_1712
1577,0.0,0.0,0.0,0.0,1,0.0,0.0,0.0,0.0,0.0,0.0,0.0,0.0,3.0,0.0,500,400000,0.004999999888241291,30,True,0.3333333432674408,-0.3333333432674408,0.0,0.0,0.0,0.0,1.0,0.0,0.0,0.0,0.0,0.0,0.0,0.0,0.0,1.0,30.0,69.064,69.06399999999996,55,15508,175000,jul-17-2021_1712
1578,0.0,0.0,0.0,0.0,1,0.0,0.0,0.0,0.0,0.0,0.0,0.0,0.0,3.0,0.0,500,400000,0.004999999888241291,30,True,0.3333333432674408,0.0,0.0,0.0,0.0,0.0,1.0,0.0,0.0,0.0,0.0,0.0,0.0,0.0,0.0,1.0,30.0,68.26,68.25999999999999,59,13011,160000,jul-17-2021_1712
1579,0.0,0.0,0.0,0.0,1,0.0,0.0,0.0,0.0,0.0,0.0,0.0,0.0,3.0,0.0,500,400000,0.004999999888241291,30,True,0.3333333432674408,0.3333333432674408,0.0,0.0,0.0,0.0,1.0,0.0,0.0,0.0,0.0,0.0,0.0,0.0,0.0,1.0,30.0,74.776,74.77599999999995,55,16113,250000,jul-17-2021_1713
1580,0.0,0.0,0.0,0.0,1,0.0,0.0,0.0,0.0,0.0,0.0,0.0,0.0,3.0,0.0,500,400000,0.004999999888241291,30,True,0.3333333432674408,0.6666666865348816,0.0,0.0,0.0,0.0,1.0,0.0,0.0,0.0,0.0,0.0,0.0,0.0,0.0,1.0,30.0,38.828,38.827999999999975,46,5859,80000,jul-17-2021_1713
1581,0.0,0.0,0.0,0.0,1,0.0,0.0,0.0,0.0,0.0,0.0,0.0,0.0,3.0,0.0,500,400000,0.004999999888241291,30,True,0.3333333432674408,1.0,0.0,0.0,0.0,0.0,1.0,0.0,0.0,0.0,0.0,0.0,0.0,0.0,0.0,1.0,30.0,51.652,51.652000000000044,50,8446,110000,jul-17-2021_1713
1582,0.0,0.0,0.0,0.0,1,0.0,0.0,0.0,0.0,0.0,0.0,0.0,0.0,3.0,0.0,500,400000,0.004999999888241291,30,True,0.6666666865348816,-1.0,0.0,0.0,0.0,0.0,1.0,0.0,0.0,0.0,0.0,0.0,0.0,0.0,0.0,1.0,30.0,66.14,66.13999999999999,57,12987,180000,jul-17-2021_1713
1583,0.0,0.0,0.0,0.0,1,0.0,0.0,0.0,0.0,0.0,0.0,0.0,0.0,3.0,0.0,500,400000,0.004999999888241291,30,True,0.6666666865348816,-0.6666666865348816,0.0,0.0,0.0,0.0,1.0,0.0,0.0,0.0,0.0,0.0,0.0,0.0,0.0,1.0,30.0,62.86,62.860000000000014,50,13457,235000,jul-17-2021_1713
1584,0.0,0.0,0.0,0.0,1,0.0,0.0,0.0,0.0,0.0,0.0,0.0,0.0,3.0,0.0,500,400000,0.004999999888241291,30,True,0.6666666865348816,-0.3333333432674408,0.0,0.0,0.0,0.0,1.0,0.0,0.0,0.0,0.0,0.0,0.0,0.0,0.0,1.0,30.0,72.976,72.976,53,13358,175000,jul-17-2021_1713
1585,0.0,0.0,0.0,0.0,1,0.0,0.0,0.0,0.0,0.0,0.0,0.0,0.0,3.0,0.0,500,400000,0.004999999888241291,30,True,0.6666666865348816,0.0,0.0,0.0,0.0,0.0,1.0,0.0,0.0,0.0,0.0,0.0,0.0,0.0,0.0,1.0,30.0,57.608,57.60799999999995,47,9236,125000,jul-17-2021_1713
1586,0.0,0.0,0.0,0.0,1,0.0,0.0,0.0,0.0,0.0,0.0,0.0,0.0,3.0,0.0,500,400000,0.004999999888241291,30,True,0.6666666865348816,0.3333333432674408,0.0,0.0,0.0,0.0,1.0,0.0,0.0,0.0,0.0,0.0,0.0,0.0,0.0,1.0,30.0,71.44,71.44000000000005,63,15122,185000,jul-17-2021_1713
1587,0.0,0.0,0.0,0.0,1,0.0,0.0,0.0,0.0,0.0,0.0,0.0,0.0,3.0,0.0,500,400000,0.004999999888241291,30,True,0.6666666865348816,0.6666666865348816,0.0,0.0,0.0,0.0,1.0,0.0,0.0,0.0,0.0,0.0,0.0,0.0,0.0,1.0,30.0,70.32,70.32000000000005,55,12472,190000,jul-17-2021_1713
1588,0.0,0.0,0.0,0.0,1,0.0,0.0,0.0,0.0,0.0,0.0,0.0,0.0,3.0,0.0,500,400000,0.004999999888241291,30,True,0.6666666865348816,1.0,0.0,0.0,0.0,0.0,1.0,0.0,0.0,0.0,0.0,0.0,0.0,0.0,0.0,1.0,30.0,60.992,60.99199999999996,55,10726,110000,jul-17-2021_1713
1589,0.0,0.0,0.0,0.0,1,0.0,0.0,0.0,0.0,0.0,0.0,0.0,0.0,3.0,0.0,500,400000,0.004999999888241291,30,True,1.0,-1.0,0.0,0.0,0.0,0.0,1.0,0.0,0.0,0.0,0.0,0.0,0.0,0.0,0.0,1.0,30.0,88.24,88.24000000000001,58,20649,270000,jul-17-2021_1713
1590,0.0,0.0,0.0,0.0,1,0.0,0.0,0.0,0.0,0.0,0.0,0.0,0.0,3.0,0.0,500,400000,0.004999999888241291,30,True,1.0,-0.6666666865348816,0.0,0.0,0.0,0.0,1.0,0.0,0.0,0.0,0.0,0.0,0.0,0.0,0.0,1.0,30.0,84.308,84.30799999999999,60,17190,210000,jul-17-2021_1713
1591,0.0,0.0,0.0,0.0,1,0.0,0.0,0.0,0.0,0.0,0.0,0.0,0.0,3.0,0.0,500,400000,0.004999999888241291,30,True,1.0,-0.3333333432674408,0.0,0.0,0.0,0.0,1.0,0.0,0.0,0.0,0.0,0.0,0.0,0.0,0.0,1.0,30.0,75.172,75.17200000000003,58,18886,205000,jul-17-2021_1713
1592,0.0,0.0,0.0,0.0,1,0.0,0.0,0.0,0.0,0.0,0.0,0.0,0.0,3.0,0.0,500,400000,0.004999999888241291,30,True,1.0,0.0,0.0,0.0,0.0,0.0,1.0,0.0,0.0,0.0,0.0,0.0,0.0,0.0,0.0,1.0,30.0,65.12,65.12,53,9876,115000,jul-17-2021_1713
1593,0.0,0.0,0.0,0.0,1,0.0,0.0,0.0,0.0,0.0,0.0,0.0,0.0,3.0,0.0,500,400000,0.004999999888241291,30,True,1.0,0.3333333432674408,0.0,0.0,0.0,0.0,1.0,0.0,0.0,0.0,0.0,0.0,0.0,0.0,0.0,1.0,30.0,71.516,71.51599999999996,55,17900,245000,jul-17-2021_1714
1594,0.0,0.0,0.0,0.0,1,0.0,0.0,0.0,0.0,0.0,0.0,0.0,0.0,3.0,0.0,500,400000,0.004999999888241291,30,True,1.0,0.6666666865348816,0.0,0.0,0.0,0.0,1.0,0.0,0.0,0.0,0.0,0.0,0.0,0.0,0.0,1.0,30.0,57.132,57.13199999999995,50,9113,110000,jul-17-2021_1714
1595,0.0,0.0,0.0,0.0,1,0.0,0.0,0.0,0.0,0.0,0.0,0.0,0.0,3.0,0.0,500,400000,0.004999999888241291,30,True,1.0,1.0,0.0,0.0,0.0,0.0,1.0,0.0,0.0,0.0,0.0,0.0,0.0,0.0,0.0,1.0,30.0,80.316,80.31600000000003,58,22109,185000,jul-17-2021_1714
1596,0.0,0.0,0.0,0.0,1,0.0,0.0,0.0,0.0,0.0,0.0,0.0,0.0,3.0,0.0,500,400000,0.004999999888241291,30,True,1.3333333730697632,-1.0,0.0,0.0,0.0,0.0,1.0,0.0,0.0,0.0,0.0,0.0,0.0,0.0,0.0,1.0,30.0,86.792,86.79200000000003,61,32018,235000,jul-17-2021_1714
1597,0.0,0.0,0.0,0.0,1,0.0,0.0,0.0,0.0,0.0,0.0,0.0,0.0,3.0,0.0,500,400000,0.004999999888241291,30,True,1.3333333730697632,-0.6666666865348816,0.0,0.0,0.0,0.0,1.0,0.0,0.0,0.0,0.0,0.0,0.0,0.0,0.0,1.0,30.0,94.764,94.76400000000001,68,31071,250000,jul-17-2021_1714
1598,0.0,0.0,0.0,0.0,1,0.0,0.0,0.0,0.0,0.0,0.0,0.0,0.0,3.0,0.0,500,400000,0.004999999888241291,30,True,1.3333333730697632,-0.3333333432674408,0.0,0.0,0.0,0.0,1.0,0.0,0.0,0.0,0.0,0.0,0.0,0.0,0.0,1.0,30.0,75.592,75.59199999999998,55,15109,200000,jul-17-2021_1714
1599,0.0,0.0,0.0,0.0,1,0.0,0.0,0.0,0.0,0.0,0.0,0.0,0.0,3.0,0.0,500,400000,0.004999999888241291,30,True,1.3333333730697632,0.0,0.0,0.0,0.0,0.0,1.0,0.0,0.0,0.0,0.0,0.0,0.0,0.0,0.0,1.0,30.0,65.148,65.14800000000002,51,12456,230000,jul-17-2021_1714
1600,0.0,0.0,0.0,0.0,1,0.0,0.0,0.0,0.0,0.0,0.0,0.0,0.0,3.0,0.0,500,400000,0.004999999888241291,30,True,1.3333333730697632,0.3333333432674408,0.0,0.0,0.0,0.0,1.0,0.0,0.0,0.0,0.0,0.0,0.0,0.0,0.0,1.0,30.0,84.132,84.13199999999995,58,26708,280000,jul-17-2021_1714
1601,0.0,0.0,0.0,0.0,1,0.0,0.0,0.0,0.0,0.0,0.0,0.0,0.0,3.0,0.0,500,400000,0.004999999888241291,30,True,1.3333333730697632,0.6666666865348816,0.0,0.0,0.0,0.0,1.0,0.0,0.0,0.0,0.0,0.0,0.0,0.0,0.0,1.0,30.0,82.76,82.75999999999999,55,21123,245000,jul-17-2021_1714
1602,0.0,0.0,0.0,0.0,1,0.0,0.0,0.0,0.0,0.0,0.0,0.0,0.0,3.0,0.0,500,400000,0.004999999888241291,30,True,1.3333333730697632,1.0,0.0,0.0,0.0,0.0,1.0,0.0,0.0,0.0,0.0,0.0,0.0,0.0,0.0,1.0,30.0,65.3,65.29999999999995,52,9842,160000,jul-17-2021_1714
1603,0.0,0.0,0.0,0.0,1,0.0,0.0,0.0,0.0,0.0,0.0,0.0,0.0,3.0,0.0,500,400000,0.004999999888241291,30,True,1.6666666269302368,-1.0,0.0,0.0,0.0,0.0,1.0,0.0,0.0,0.0,0.0,0.0,0.0,0.0,0.0,1.0,30.0,97.916,97.91600000000005,76,106545,375000,jul-17-2021_1715
1604,0.0,0.0,0.0,0.0,1,0.0,0.0,0.0,0.0,0.0,0.0,0.0,0.0,3.0,0.0,500,400000,0.004999999888241291,30,True,1.6666666269302368,-0.6666666865348816,0.0,0.0,0.0,0.0,1.0,0.0,0.0,0.0,0.0,0.0,0.0,0.0,0.0,1.0,30.0,76.572,76.572,56,17947,195000,jul-17-2021_1715
1605,0.0,0.0,0.0,0.0,1,0.0,0.0,0.0,0.0,0.0,0.0,0.0,0.0,3.0,0.0,500,400000,0.004999999888241291,30,True,1.6666666269302368,-0.3333333432674408,0.0,0.0,0.0,0.0,1.0,0.0,0.0,0.0,0.0,0.0,0.0,0.0,0.0,1.0,30.0,75.42,75.41999999999996,58,18700,180000,jul-17-2021_1715
1606,0.0,0.0,0.0,0.0,1,0.0,0.0,0.0,0.0,0.0,0.0,0.0,0.0,3.0,0.0,500,400000,0.004999999888241291,30,True,1.6666666269302368,0.0,0.0,0.0,0.0,0.0,1.0,0.0,0.0,0.0,0.0,0.0,0.0,0.0,0.0,1.0,30.0,85.776,85.77599999999995,57,18607,255000,jul-17-2021_1715
1607,0.0,0.0,0.0,0.0,1,0.0,0.0,0.0,0.0,0.0,0.0,0.0,0.0,3.0,0.0,500,400000,0.004999999888241291,30,True,1.6666666269302368,0.3333333432674408,0.0,0.0,0.0,0.0,1.0,0.0,0.0,0.0,0.0,0.0,0.0,0.0,0.0,1.0,30.0,82.264,82.26400000000001,54,14245,200000,jul-17-2021_1715
1608,0.0,0.0,0.0,0.0,1,0.0,0.0,0.0,0.0,0.0,0.0,0.0,0.0,3.0,0.0,500,400000,0.004999999888241291,30,True,1.6666666269302368,0.6666666865348816,0.0,0.0,0.0,0.0,1.0,0.0,0.0,0.0,0.0,0.0,0.0,0.0,0.0,1.0,30.0,77.6,77.60000000000002,52,15187,230000,jul-17-2021_1715
1609,0.0,0.0,0.0,0.0,1,0.0,0.0,0.0,0.0,0.0,0.0,0.0,0.0,3.0,0.0,500,400000,0.004999999888241291,30,True,1.6666666269302368,1.0,0.0,0.0,0.0,0.0,1.0,0.0,0.0,0.0,0.0,0.0,0.0,0.0,0.0,1.0,30.0,78.624,78.62400000000002,59,16110,235000,jul-17-2021_1715
1610,0.0,0.0,0.0,0.0,1,0.0,0.0,0.0,0.0,0.0,0.0,0.0,0.0,3.0,0.0,500,400000,0.004999999888241291,30,True,2.0,-1.0,0.0,0.0,0.0,0.0,1.0,0.0,0.0,0.0,0.0,0.0,0.0,0.0,0.0,1.0,30.0,104.212,104.21199999999999,65,37237,325000,jul-17-2021_1716
1611,0.0,0.0,0.0,0.0,1,0.0,0.0,0.0,0.0,0.0,0.0,0.0,0.0,3.0,0.0,500,400000,0.004999999888241291,30,True,2.0,-0.6666666865348816,0.0,0.0,0.0,0.0,1.0,0.0,0.0,0.0,0.0,0.0,0.0,0.0,0.0,0.984,29.75866665995121,95.9862026497825,95.53599999999994,62,37602,399999,jul-17-2021_1716
1612,0.0,0.0,0.0,0.0,1,0.0,0.0,0.0,0.0,0.0,0.0,0.0,0.0,3.0,0.0,500,400000,0.004999999888241291,30,True,2.0,-0.3333333432674408,0.0,0.0,0.0,0.0,1.0,0.0,0.0,0.0,0.0,0.0,0.0,0.0,0.0,1.0,30.0,78.128,78.12800000000004,54,14208,170000,jul-17-2021_1716
1613,0.0,0.0,0.0,0.0,1,0.0,0.0,0.0,0.0,0.0,0.0,0.0,0.0,3.0,0.0,500,400000,0.004999999888241291,30,True,2.0,0.0,0.0,0.0,0.0,0.0,1.0,0.0,0.0,0.0,0.0,0.0,0.0,0.0,0.0,1.0,30.0,81.604,81.60400000000004,60,20422,240000,jul-17-2021_1716
1614,0.0,0.0,0.0,0.0,1,0.0,0.0,0.0,0.0,0.0,0.0,0.0,0.0,3.0,0.0,500,400000,0.004999999888241291,30,True,2.0,0.3333333432674408,0.0,0.0,0.0,0.0,1.0,0.0,0.0,0.0,0.0,0.0,0.0,0.0,0.0,1.0,30.0,98.284,98.28399999999999,63,39628,340000,jul-17-2021_1716
1615,0.0,0.0,0.0,0.0,1,0.0,0.0,0.0,0.0,0.0,0.0,0.0,0.0,3.0,0.0,500,400000,0.004999999888241291,30,True,2.0,0.6666666865348816,0.0,0.0,0.0,0.0,1.0,0.0,0.0,0.0,0.0,0.0,0.0,0.0,0.0,1.0,30.0,80.428,80.428,56,13930,150000,jul-17-2021_1716
1616,0.0,0.0,0.0,0.0,1,0.0,0.0,0.0,0.0,0.0,0.0,0.0,0.0,3.0,0.0,500,400000,0.004999999888241291,30,True,2.0,1.0,0.0,0.0,0.0,0.0,1.0,0.0,0.0,0.0,0.0,0.0,0.0,0.0,0.0,1.0,30.0,76.18,76.17999999999995,57,12287,235000,jul-17-2021_1716
1617,0.0,0.0,0.0,0.0,1,0.0,0.0,0.0,0.0,0.0,0.0,0.0,0.0,3.0,0.0,500,400000,0.004999999888241291,30,True,0.0,-1.0,0.0,0.0,0.0,0.0,1.0,0.0,0.0,0.0,0.0,0.0,0.0,0.0,0.0,1.0,30.0,68.268,68.26800000000003,55,13143,135000,jul-17-2021_1716
1618,0.0,0.0,0.0,0.0,1,0.0,0.0,0.0,0.0,0.0,0.0,0.0,0.0,3.0,0.0,500,400000,0.004999999888241291,30,True,0.0,-0.6666666865348816,0.0,0.0,0.0,0.0,1.0,0.0,0.0,0.0,0.0,0.0,0.0,0.0,0.0,1.0,30.0,65.68,65.67999999999995,55,13456,110000,jul-17-2021_1716
1619,0.0,0.0,0.0,0.0,1,0.0,0.0,0.0,0.0,0.0,0.0,0.0,0.0,3.0,0.0,500,400000,0.004999999888241291,30,True,0.0,-0.3333333432674408,0.0,0.0,0.0,0.0,1.0,0.0,0.0,0.0,0.0,0.0,0.0,0.0,0.0,1.0,30.0,64.332,64.332,54,11528,115000,jul-17-2021_1716
1620,0.0,0.0,0.0,0.0,1,0.0,0.0,0.0,0.0,0.0,0.0,0.0,0.0,3.0,0.0,500,400000,0.004999999888241291,30,True,0.0,0.0,0.0,0.0,0.0,0.0,1.0,0.0,0.0,0.0,0.0,0.0,0.0,0.0,0.0,1.0,30.0,65.272,65.27200000000005,51,10092,140000,jul-17-2021_1716
1621,0.0,0.0,0.0,0.0,1,0.0,0.0,0.0,0.0,0.0,0.0,0.0,0.0,3.0,0.0,500,400000,0.004999999888241291,30,True,0.0,0.3333333432674408,0.0,0.0,0.0,0.0,1.0,0.0,0.0,0.0,0.0,0.0,0.0,0.0,0.0,1.0,30.0,63.38,63.379999999999995,55,9523,195000,jul-17-2021_1717
1622,0.0,0.0,0.0,0.0,1,0.0,0.0,0.0,0.0,0.0,0.0,0.0,0.0,3.0,0.0,500,400000,0.004999999888241291,30,True,0.0,0.6666666865348816,0.0,0.0,0.0,0.0,1.0,0.0,0.0,0.0,0.0,0.0,0.0,0.0,0.0,1.0,30.0,42.508,42.50800000000004,47,6844,75000,jul-17-2021_1717
1623,0.0,0.0,0.0,0.0,1,0.0,0.0,0.0,0.0,0.0,0.0,0.0,0.0,3.0,0.0,500,400000,0.004999999888241291,30,True,0.0,1.0,0.0,0.0,0.0,0.0,1.0,0.0,0.0,0.0,0.0,0.0,0.0,0.0,0.0,1.0,30.0,57.416,57.416000000000054,49,9011,120000,jul-17-2021_1717
1624,0.0,0.0,0.0,0.0,1,0.0,0.0,0.0,0.0,0.0,0.0,0.0,0.0,3.0,0.0,500,400000,0.004999999888241291,30,True,0.3333333432674408,-1.0,0.0,0.0,0.0,0.0,1.0,0.0,0.0,0.0,0.0,0.0,0.0,0.0,0.0,1.0,30.0,70.472,70.47199999999998,56,13097,160000,jul-17-2021_1717
1625,0.0,0.0,0.0,0.0,1,0.0,0.0,0.0,0.0,0.0,0.0,0.0,0.0,3.0,0.0,500,400000,0.004999999888241291,30,True,0.3333333432674408,-0.6666666865348816,0.0,0.0,0.0,0.0,1.0,0.0,0.0,0.0,0.0,0.0,0.0,0.0,0.0,1.0,30.0,91.92,91.91999999999996,62,18511,145000,jul-17-2021_1717
1626,0.0,0.0,0.0,0.0,1,0.0,0.0,0.0,0.0,0.0,0.0,0.0,0.0,3.0,0.0,500,400000,0.004999999888241291,30,True,0.3333333432674408,-0.3333333432674408,0.0,0.0,0.0,0.0,1.0,0.0,0.0,0.0,0.0,0.0,0.0,0.0,0.0,1.0,30.0,63.376,63.375999999999976,51,11636,105000,jul-17-2021_1717
1627,0.0,0.0,0.0,0.0,1,0.0,0.0,0.0,0.0,0.0,0.0,0.0,0.0,3.0,0.0,500,400000,0.004999999888241291,30,True,0.3333333432674408,0.0,0.0,0.0,0.0,0.0,1.0,0.0,0.0,0.0,0.0,0.0,0.0,0.0,0.0,1.0,30.0,69.168,69.168,56,12331,125000,jul-17-2021_1717
1628,0.0,0.0,0.0,0.0,1,0.0,0.0,0.0,0.0,0.0,0.0,0.0,0.0,3.0,0.0,500,400000,0.004999999888241291,30,True,0.3333333432674408,0.3333333432674408,0.0,0.0,0.0,0.0,1.0,0.0,0.0,0.0,0.0,0.0,0.0,0.0,0.0,1.0,30.0,49.66,49.65999999999997,47,7193,130000,jul-17-2021_1717
1629,0.0,0.0,0.0,0.0,1,0.0,0.0,0.0,0.0,0.0,0.0,0.0,0.0,3.0,0.0,500,400000,0.004999999888241291,30,True,0.3333333432674408,0.6666666865348816,0.0,0.0,0.0,0.0,1.0,0.0,0.0,0.0,0.0,0.0,0.0,0.0,0.0,1.0,30.0,78.532,78.53200000000004,53,16054,150000,jul-17-2021_1717
1630,0.0,0.0,0.0,0.0,1,0.0,0.0,0.0,0.0,0.0,0.0,0.0,0.0,3.0,0.0,500,400000,0.004999999888241291,30,True,0.3333333432674408,1.0,0.0,0.0,0.0,0.0,1.0,0.0,0.0,0.0,0.0,0.0,0.0,0.0,0.0,1.0,30.0,52.652,52.652000000000044,50,10663,105000,jul-17-2021_1717
1631,0.0,0.0,0.0,0.0,1,0.0,0.0,0.0,0.0,0.0,0.0,0.0,0.0,3.0,0.0,500,400000,0.004999999888241291,30,True,0.6666666865348816,-1.0,0.0,0.0,0.0,0.0,1.0,0.0,0.0,0.0,0.0,0.0,0.0,0.0,0.0,1.0,30.0,68.912,68.91200000000003,51,10528,155000,jul-17-2021_1717
1632,0.0,0.0,0.0,0.0,1,0.0,0.0,0.0,0.0,0.0,0.0,0.0,0.0,3.0,0.0,500,400000,0.004999999888241291,30,True,0.6666666865348816,-0.6666666865348816,0.0,0.0,0.0,0.0,1.0,0.0,0.0,0.0,0.0,0.0,0.0,0.0,0.0,1.0,30.0,55.064,55.063999999999965,50,8547,155000,jul-17-2021_1717
1633,0.0,0.0,0.0,0.0,1,0.0,0.0,0.0,0.0,0.0,0.0,0.0,0.0,3.0,0.0,500,400000,0.004999999888241291,30,True,0.6666666865348816,-0.3333333432674408,0.0,0.0,0.0,0.0,1.0,0.0,0.0,0.0,0.0,0.0,0.0,0.0,0.0,1.0,30.0,81.996,81.99599999999998,59,22076,170000,jul-17-2021_1717
1634,0.0,0.0,0.0,0.0,1,0.0,0.0,0.0,0.0,0.0,0.0,0.0,0.0,3.0,0.0,500,400000,0.004999999888241291,30,True,0.6666666865348816,0.0,0.0,0.0,0.0,0.0,1.0,0.0,0.0,0.0,0.0,0.0,0.0,0.0,0.0,1.0,30.0,70.388,70.38800000000003,56,12217,125000,jul-17-2021_1717
1635,0.0,0.0,0.0,0.0,1,0.0,0.0,0.0,0.0,0.0,0.0,0.0,0.0,3.0,0.0,500,400000,0.004999999888241291,30,True,0.6666666865348816,0.3333333432674408,0.0,0.0,0.0,0.0,1.0,0.0,0.0,0.0,0.0,0.0,0.0,0.0,0.0,1.0,30.0,49.768,49.76800000000003,45,7793,140000,jul-17-2021_1717
1636,0.0,0.0,0.0,0.0,1,0.0,0.0,0.0,0.0,0.0,0.0,0.0,0.0,3.0,0.0,500,400000,0.004999999888241291,30,True,0.6666666865348816,0.6666666865348816,0.0,0.0,0.0,0.0,1.0,0.0,0.0,0.0,0.0,0.0,0.0,0.0,0.0,1.0,30.0,81.096,81.096,55,18358,145000,jul-17-2021_1717
1637,0.0,0.0,0.0,0.0,1,0.0,0.0,0.0,0.0,0.0,0.0,0.0,0.0,3.0,0.0,500,400000,0.004999999888241291,30,True,0.6666666865348816,1.0,0.0,0.0,0.0,0.0,1.0,0.0,0.0,0.0,0.0,0.0,0.0,0.0,0.0,1.0,30.0,66.76,66.75999999999999,53,12407,115000,jul-17-2021_1718
1638,0.0,0.0,0.0,0.0,1,0.0,0.0,0.0,0.0,0.0,0.0,0.0,0.0,3.0,0.0,500,400000,0.004999999888241291,30,True,1.0,-1.0,0.0,0.0,0.0,0.0,1.0,0.0,0.0,0.0,0.0,0.0,0.0,0.0,0.0,1.0,30.0,61.168,61.168000000000006,53,11367,115000,jul-17-2021_1718
1639,0.0,0.0,0.0,0.0,1,0.0,0.0,0.0,0.0,0.0,0.0,0.0,0.0,3.0,0.0,500,400000,0.004999999888241291,30,True,1.0,-0.6666666865348816,0.0,0.0,0.0,0.0,1.0,0.0,0.0,0.0,0.0,0.0,0.0,0.0,0.0,1.0,30.0,94.416,94.41600000000005,64,28880,300000,jul-17-2021_1718
1640,0.0,0.0,0.0,0.0,1,0.0,0.0,0.0,0.0,0.0,0.0,0.0,0.0,3.0,0.0,500,400000,0.004999999888241291,30,True,1.0,-0.3333333432674408,0.0,0.0,0.0,0.0,1.0,0.0,0.0,0.0,0.0,0.0,0.0,0.0,0.0,1.0,30.0,83.096,83.096,62,15625,170000,jul-17-2021_1718
1641,0.0,0.0,0.0,0.0,1,0.0,0.0,0.0,0.0,0.0,0.0,0.0,0.0,3.0,0.0,500,400000,0.004999999888241291,30,True,1.0,0.0,0.0,0.0,0.0,0.0,1.0,0.0,0.0,0.0,0.0,0.0,0.0,0.0,0.0,1.0,30.0,68.676,68.67600000000004,54,17924,200000,jul-17-2021_1718
1642,0.0,0.0,0.0,0.0,1,0.0,0.0,0.0,0.0,0.0,0.0,0.0,0.0,3.0,0.0,500,400000,0.004999999888241291,30,True,1.0,0.3333333432674408,0.0,0.0,0.0,0.0,1.0,0.0,0.0,0.0,0.0,0.0,0.0,0.0,0.0,1.0,30.0,80.388,80.38800000000003,63,24326,280000,jul-17-2021_1718
1643,0.0,0.0,0.0,0.0,1,0.0,0.0,0.0,0.0,0.0,0.0,0.0,0.0,3.0,0.0,500,400000,0.004999999888241291,30,True,1.0,0.6666666865348816,0.0,0.0,0.0,0.0,1.0,0.0,0.0,0.0,0.0,0.0,0.0,0.0,0.0,1.0,30.0,73.56,73.55999999999995,53,13117,220000,jul-17-2021_1718
1644,0.0,0.0,0.0,0.0,1,0.0,0.0,0.0,0.0,0.0,0.0,0.0,0.0,3.0,0.0,500,400000,0.004999999888241291,30,True,1.0,1.0,0.0,0.0,0.0,0.0,1.0,0.0,0.0,0.0,0.0,0.0,0.0,0.0,0.0,1.0,30.0,59.176,59.176000000000045,50,10146,170000,jul-17-2021_1718
1645,0.0,0.0,0.0,0.0,1,0.0,0.0,0.0,0.0,0.0,0.0,0.0,0.0,3.0,0.0,500,400000,0.004999999888241291,30,True,1.3333333730697632,-1.0,0.0,0.0,0.0,0.0,1.0,0.0,0.0,0.0,0.0,0.0,0.0,0.0,0.0,1.0,30.0,70.28,70.27999999999997,53,14560,150000,jul-17-2021_1718
1646,0.0,0.0,0.0,0.0,1,0.0,0.0,0.0,0.0,0.0,0.0,0.0,0.0,3.0,0.0,500,400000,0.004999999888241291,30,True,1.3333333730697632,-0.6666666865348816,0.0,0.0,0.0,0.0,1.0,0.0,0.0,0.0,0.0,0.0,0.0,0.0,0.0,1.0,30.0,85.256,85.25599999999997,56,17665,260000,jul-17-2021_1718
1647,0.0,0.0,0.0,0.0,1,0.0,0.0,0.0,0.0,0.0,0.0,0.0,0.0,3.0,0.0,500,400000,0.004999999888241291,30,True,1.3333333730697632,-0.3333333432674408,0.0,0.0,0.0,0.0,1.0,0.0,0.0,0.0,0.0,0.0,0.0,0.0,0.0,1.0,30.0,77.864,77.86400000000003,57,17504,220000,jul-17-2021_1718
1648,0.0,0.0,0.0,0.0,1,0.0,0.0,0.0,0.0,0.0,0.0,0.0,0.0,3.0,0.0,500,400000,0.004999999888241291,30,True,1.3333333730697632,0.0,0.0,0.0,0.0,0.0,1.0,0.0,0.0,0.0,0.0,0.0,0.0,0.0,0.0,1.0,30.0,67.212,67.21199999999999,52,12717,270000,jul-17-2021_1719
1649,0.0,0.0,0.0,0.0,1,0.0,0.0,0.0,0.0,0.0,0.0,0.0,0.0,3.0,0.0,500,400000,0.004999999888241291,30,True,1.3333333730697632,0.3333333432674408,0.0,0.0,0.0,0.0,1.0,0.0,0.0,0.0,0.0,0.0,0.0,0.0,0.0,1.0,30.0,78.304,78.30399999999997,56,17069,210000,jul-17-2021_1719
1650,0.0,0.0,0.0,0.0,1,0.0,0.0,0.0,0.0,0.0,0.0,0.0,0.0,3.0,0.0,500,400000,0.004999999888241291,30,True,1.3333333730697632,0.6666666865348816,0.0,0.0,0.0,0.0,1.0,0.0,0.0,0.0,0.0,0.0,0.0,0.0,0.0,1.0,30.0,63.852,63.851999999999975,54,11988,135000,jul-17-2021_1719
1651,0.0,0.0,0.0,0.0,1,0.0,0.0,0.0,0.0,0.0,0.0,0.0,0.0,3.0,0.0,500,400000,0.004999999888241291,30,True,1.3333333730697632,1.0,0.0,0.0,0.0,0.0,1.0,0.0,0.0,0.0,0.0,0.0,0.0,0.0,0.0,1.0,30.0,56.288,56.28800000000001,50,9386,160000,jul-17-2021_1719
1652,0.0,0.0,0.0,0.0,1,0.0,0.0,0.0,0.0,0.0,0.0,0.0,0.0,3.0,0.0,500,400000,0.004999999888241291,30,True,1.6666666269302368,-1.0,0.0,0.0,0.0,0.0,1.0,0.0,0.0,0.0,0.0,0.0,0.0,0.0,0.0,1.0,30.0,86.512,86.51199999999994,63,21030,305000,jul-17-2021_1719
1653,0.0,0.0,0.0,0.0,1,0.0,0.0,0.0,0.0,0.0,0.0,0.0,0.0,3.0,0.0,500,400000,0.004999999888241291,30,True,1.6666666269302368,-0.6666666865348816,0.0,0.0,0.0,0.0,1.0,0.0,0.0,0.0,0.0,0.0,0.0,0.0,0.0,1.0,30.0,92.784,92.78399999999999,66,27300,270000,jul-17-2021_1719
1654,0.0,0.0,0.0,0.0,1,0.0,0.0,0.0,0.0,0.0,0.0,0.0,0.0,3.0,0.0,500,400000,0.004999999888241291,30,True,1.6666666269302368,-0.3333333432674408,0.0,0.0,0.0,0.0,1.0,0.0,0.0,0.0,0.0,0.0,0.0,0.0,0.0,1.0,30.0,85.352,85.35199999999998,56,16701,290000,jul-17-2021_1719
1655,0.0,0.0,0.0,0.0,1,0.0,0.0,0.0,0.0,0.0,0.0,0.0,0.0,3.0,0.0,500,400000,0.004999999888241291,30,True,1.6666666269302368,0.0,0.0,0.0,0.0,0.0,1.0,0.0,0.0,0.0,0.0,0.0,0.0,0.0,0.0,1.0,30.0,83.72,83.72000000000003,79,31395,345000,jul-17-2021_1719
1656,0.0,0.0,0.0,0.0,1,0.0,0.0,0.0,0.0,0.0,0.0,0.0,0.0,3.0,0.0,500,400000,0.004999999888241291,30,True,1.6666666269302368,0.3333333432674408,0.0,0.0,0.0,0.0,1.0,0.0,0.0,0.0,0.0,0.0,0.0,0.0,0.0,1.0,30.0,81.36,81.36000000000001,57,16938,190000,jul-17-2021_1719
1657,0.0,0.0,0.0,0.0,1,0.0,0.0,0.0,0.0,0.0,0.0,0.0,0.0,3.0,0.0,500,400000,0.004999999888241291,30,True,1.6666666269302368,0.6666666865348816,0.0,0.0,0.0,0.0,1.0,0.0,0.0,0.0,0.0,0.0,0.0,0.0,0.0,1.0,30.0,84.54,84.53999999999996,64,17930,300000,jul-17-2021_1720
1658,0.0,0.0,0.0,0.0,1,0.0,0.0,0.0,0.0,0.0,0.0,0.0,0.0,3.0,0.0,500,400000,0.004999999888241291,30,True,1.6666666269302368,1.0,0.0,0.0,0.0,0.0,1.0,0.0,0.0,0.0,0.0,0.0,0.0,0.0,0.0,1.0,30.0,86.144,86.144,60,26919,270000,jul-17-2021_1720
1659,0.0,0.0,0.0,0.0,1,0.0,0.0,0.0,0.0,0.0,0.0,0.0,0.0,3.0,0.0,500,400000,0.004999999888241291,30,True,2.0,-1.0,0.0,0.0,0.0,0.0,1.0,0.0,0.0,0.0,0.0,0.0,0.0,0.0,0.0,0.752,22.936,197.17190399999998,88.52800000000002,62,52160,399999,jul-17-2021_1720
1660,0.0,0.0,0.0,0.0,1,0.0,0.0,0.0,0.0,0.0,0.0,0.0,0.0,3.0,0.0,500,400000,0.004999999888241291,30,True,2.0,-0.6666666865348816,0.0,0.0,0.0,0.0,1.0,0.0,0.0,0.0,0.0,0.0,0.0,0.0,0.0,1.0,30.0,94.156,94.15599999999995,66,29227,345000,jul-17-2021_1720
1661,0.0,0.0,0.0,0.0,1,0.0,0.0,0.0,0.0,0.0,0.0,0.0,0.0,3.0,0.0,500,400000,0.004999999888241291,30,True,2.0,-0.3333333432674408,0.0,0.0,0.0,0.0,1.0,0.0,0.0,0.0,0.0,0.0,0.0,0.0,0.0,1.0,30.0,76.096,76.096,59,17048,135000,jul-17-2021_1720
1662,0.0,0.0,0.0,0.0,1,0.0,0.0,0.0,0.0,0.0,0.0,0.0,0.0,3.0,0.0,500,400000,0.004999999888241291,30,True,2.0,0.0,0.0,0.0,0.0,0.0,1.0,0.0,0.0,0.0,0.0,0.0,0.0,0.0,0.0,1.0,30.0,79.04,79.03999999999996,65,16382,225000,jul-17-2021_1720
1663,0.0,0.0,0.0,0.0,1,0.0,0.0,0.0,0.0,0.0,0.0,0.0,0.0,3.0,0.0,500,400000,0.004999999888241291,30,True,2.0,0.3333333432674408,0.0,0.0,0.0,0.0,1.0,0.0,0.0,0.0,0.0,0.0,0.0,0.0,0.0,1.0,30.0,76.572,76.572,56,16816,255000,jul-17-2021_1720
1664,0.0,0.0,0.0,0.0,1,0.0,0.0,0.0,0.0,0.0,0.0,0.0,0.0,3.0,0.0,500,400000,0.004999999888241291,30,True,2.0,0.6666666865348816,0.0,0.0,0.0,0.0,1.0,0.0,0.0,0.0,0.0,0.0,0.0,0.0,0.0,1.0,30.0,79.664,79.66399999999999,56,13585,165000,jul-17-2021_1720
1665,0.0,0.0,0.0,0.0,1,0.0,0.0,0.0,0.0,0.0,0.0,0.0,0.0,3.0,0.0,500,400000,0.004999999888241291,30,True,2.0,1.0,0.0,0.0,0.0,0.0,1.0,0.0,0.0,0.0,0.0,0.0,0.0,0.0,0.0,1.0,30.0,78.732,78.73199999999997,56,14190,205000,jul-17-2021_1720
1666,0.0,0.0,0.0,0.0,1,0.0,0.0,0.0,0.0,0.0,0.0,0.0,0.0,3.0,0.0,500,400000,0.004999999888241291,30,True,0.0,-1.0,0.0,0.0,0.0,0.0,1.0,0.0,0.0,0.0,0.0,0.0,0.0,0.0,0.0,1.0,30.0,64.532,64.53200000000004,51,11513,150000,jul-17-2021_1721
1667,0.0,0.0,0.0,0.0,1,0.0,0.0,0.0,0.0,0.0,0.0,0.0,0.0,3.0,0.0,500,400000,0.004999999888241291,30,True,0.0,-0.6666666865348816,0.0,0.0,0.0,0.0,1.0,0.0,0.0,0.0,0.0,0.0,0.0,0.0,0.0,1.0,30.0,65.408,65.40800000000002,51,12574,140000,jul-17-2021_1721
1668,0.0,0.0,0.0,0.0,1,0.0,0.0,0.0,0.0,0.0,0.0,0.0,0.0,3.0,0.0,500,400000,0.004999999888241291,30,True,0.0,-0.3333333432674408,0.0,0.0,0.0,0.0,1.0,0.0,0.0,0.0,0.0,0.0,0.0,0.0,0.0,1.0,30.0,78.444,78.44399999999996,57,21406,160000,jul-17-2021_1721
1669,0.0,0.0,0.0,0.0,1,0.0,0.0,0.0,0.0,0.0,0.0,0.0,0.0,3.0,0.0,500,400000,0.004999999888241291,30,True,0.0,0.0,0.0,0.0,0.0,0.0,1.0,0.0,0.0,0.0,0.0,0.0,0.0,0.0,0.0,1.0,30.0,65.4,65.39999999999998,50,11850,130000,jul-17-2021_1721
1670,0.0,0.0,0.0,0.0,1,0.0,0.0,0.0,0.0,0.0,0.0,0.0,0.0,3.0,0.0,500,400000,0.004999999888241291,30,True,0.0,0.3333333432674408,0.0,0.0,0.0,0.0,1.0,0.0,0.0,0.0,0.0,0.0,0.0,0.0,0.0,1.0,30.0,57.364,57.36400000000003,49,11374,155000,jul-17-2021_1721
1671,0.0,0.0,0.0,0.0,1,0.0,0.0,0.0,0.0,0.0,0.0,0.0,0.0,3.0,0.0,500,400000,0.004999999888241291,30,True,0.0,0.6666666865348816,0.0,0.0,0.0,0.0,1.0,0.0,0.0,0.0,0.0,0.0,0.0,0.0,0.0,1.0,30.0,60.796,60.79600000000005,49,8949,100000,jul-17-2021_1721
1672,0.0,0.0,0.0,0.0,1,0.0,0.0,0.0,0.0,0.0,0.0,0.0,0.0,3.0,0.0,500,400000,0.004999999888241291,30,True,0.0,1.0,0.0,0.0,0.0,0.0,1.0,0.0,0.0,0.0,0.0,0.0,0.0,0.0,0.0,1.0,30.0,51.2,51.200000000000045,53,8172,120000,jul-17-2021_1721
1673,0.0,0.0,0.0,0.0,1,0.0,0.0,0.0,0.0,0.0,0.0,0.0,0.0,3.0,0.0,500,400000,0.004999999888241291,30,True,0.3333333432674408,-1.0,0.0,0.0,0.0,0.0,1.0,0.0,0.0,0.0,0.0,0.0,0.0,0.0,0.0,1.0,30.0,55.908,55.908000000000015,48,8891,170000,jul-17-2021_1721
1674,0.0,0.0,0.0,0.0,1,0.0,0.0,0.0,0.0,0.0,0.0,0.0,0.0,3.0,0.0,500,400000,0.004999999888241291,30,True,0.3333333432674408,-0.6666666865348816,0.0,0.0,0.0,0.0,1.0,0.0,0.0,0.0,0.0,0.0,0.0,0.0,0.0,1.0,30.0,55.204,55.20399999999995,50,9879,140000,jul-17-2021_1721
1675,0.0,0.0,0.0,0.0,1,0.0,0.0,0.0,0.0,0.0,0.0,0.0,0.0,3.0,0.0,500,400000,0.004999999888241291,30,True,0.3333333432674408,-0.3333333432674408,0.0,0.0,0.0,0.0,1.0,0.0,0.0,0.0,0.0,0.0,0.0,0.0,0.0,1.0,30.0,79.824,79.82399999999996,64,18805,165000,jul-17-2021_1721
1676,0.0,0.0,0.0,0.0,1,0.0,0.0,0.0,0.0,0.0,0.0,0.0,0.0,3.0,0.0,500,400000,0.004999999888241291,30,True,0.3333333432674408,0.0,0.0,0.0,0.0,0.0,1.0,0.0,0.0,0.0,0.0,0.0,0.0,0.0,0.0,1.0,30.0,71.912,71.91200000000003,63,16266,245000,jul-17-2021_1721
1677,0.0,0.0,0.0,0.0,1,0.0,0.0,0.0,0.0,0.0,0.0,0.0,0.0,3.0,0.0,500,400000,0.004999999888241291,30,True,0.3333333432674408,0.3333333432674408,0.0,0.0,0.0,0.0,1.0,0.0,0.0,0.0,0.0,0.0,0.0,0.0,0.0,1.0,30.0,71.772,71.77200000000005,54,13819,150000,jul-17-2021_1721
1678,0.0,0.0,0.0,0.0,1,0.0,0.0,0.0,0.0,0.0,0.0,0.0,0.0,3.0,0.0,500,400000,0.004999999888241291,30,True,0.3333333432674408,0.6666666865348816,0.0,0.0,0.0,0.0,1.0,0.0,0.0,0.0,0.0,0.0,0.0,0.0,0.0,1.0,30.0,63.48,63.48000000000002,56,9955,150000,jul-17-2021_1721
1679,0.0,0.0,0.0,0.0,1,0.0,0.0,0.0,0.0,0.0,0.0,0.0,0.0,3.0,0.0,500,400000,0.004999999888241291,30,True,0.3333333432674408,1.0,0.0,0.0,0.0,0.0,1.0,0.0,0.0,0.0,0.0,0.0,0.0,0.0,0.0,1.0,30.0,61.304,61.303999999999974,54,10532,230000,jul-17-2021_1721
1680,0.0,0.0,0.0,0.0,1,0.0,0.0,0.0,0.0,0.0,0.0,0.0,0.0,3.0,0.0,500,400000,0.004999999888241291,30,True,0.6666666865348816,-1.0,0.0,0.0,0.0,0.0,1.0,0.0,0.0,0.0,0.0,0.0,0.0,0.0,0.0,1.0,30.0,87.608,87.60799999999995,68,28148,250000,jul-17-2021_1722
1681,0.0,0.0,0.0,0.0,1,0.0,0.0,0.0,0.0,0.0,0.0,0.0,0.0,3.0,0.0,500,400000,0.004999999888241291,30,True,0.6666666865348816,-0.6666666865348816,0.0,0.0,0.0,0.0,1.0,0.0,0.0,0.0,0.0,0.0,0.0,0.0,0.0,1.0,30.0,62.864,62.86400000000003,49,9542,125000,jul-17-2021_1722
1682,0.0,0.0,0.0,0.0,1,0.0,0.0,0.0,0.0,0.0,0.0,0.0,0.0,3.0,0.0,500,400000,0.004999999888241291,30,True,0.6666666865348816,-0.3333333432674408,0.0,0.0,0.0,0.0,1.0,0.0,0.0,0.0,0.0,0.0,0.0,0.0,0.0,1.0,30.0,74.156,74.15599999999995,56,14367,135000,jul-17-2021_1722
1683,0.0,0.0,0.0,0.0,1,0.0,0.0,0.0,0.0,0.0,0.0,0.0,0.0,3.0,0.0,500,400000,0.004999999888241291,30,True,0.6666666865348816,0.0,0.0,0.0,0.0,0.0,1.0,0.0,0.0,0.0,0.0,0.0,0.0,0.0,0.0,1.0,30.0,69.552,69.55200000000002,56,14619,170000,jul-17-2021_1722
1684,0.0,0.0,0.0,0.0,1,0.0,0.0,0.0,0.0,0.0,0.0,0.0,0.0,3.0,0.0,500,400000,0.004999999888241291,30,True,0.6666666865348816,0.3333333432674408,0.0,0.0,0.0,0.0,1.0,0.0,0.0,0.0,0.0,0.0,0.0,0.0,0.0,1.0,30.0,74.076,74.07600000000002,58,17711,195000,jul-17-2021_1722
1685,0.0,0.0,0.0,0.0,1,0.0,0.0,0.0,0.0,0.0,0.0,0.0,0.0,3.0,0.0,500,400000,0.004999999888241291,30,True,0.6666666865348816,0.6666666865348816,0.0,0.0,0.0,0.0,1.0,0.0,0.0,0.0,0.0,0.0,0.0,0.0,0.0,1.0,30.0,70.932,70.93200000000002,56,15433,125000,jul-17-2021_1722
1686,0.0,0.0,0.0,0.0,1,0.0,0.0,0.0,0.0,0.0,0.0,0.0,0.0,3.0,0.0,500,400000,0.004999999888241291,30,True,0.6666666865348816,1.0,0.0,0.0,0.0,0.0,1.0,0.0,0.0,0.0,0.0,0.0,0.0,0.0,0.0,1.0,30.0,66.732,66.73199999999997,53,11235,150000,jul-17-2021_1722
1687,0.0,0.0,0.0,0.0,1,0.0,0.0,0.0,0.0,0.0,0.0,0.0,0.0,3.0,0.0,500,400000,0.004999999888241291,30,True,1.0,-1.0,0.0,0.0,0.0,0.0,1.0,0.0,0.0,0.0,0.0,0.0,0.0,0.0,0.0,1.0,30.0,79.208,79.20799999999997,61,17996,295000,jul-17-2021_1722
1688,0.0,0.0,0.0,0.0,1,0.0,0.0,0.0,0.0,0.0,0.0,0.0,0.0,3.0,0.0,500,400000,0.004999999888241291,30,True,1.0,-0.6666666865348816,0.0,0.0,0.0,0.0,1.0,0.0,0.0,0.0,0.0,0.0,0.0,0.0,0.0,1.0,30.0,78.076,78.07600000000002,61,14146,220000,jul-17-2021_1722
1689,0.0,0.0,0.0,0.0,1,0.0,0.0,0.0,0.0,0.0,0.0,0.0,0.0,3.0,0.0,500,400000,0.004999999888241291,30,True,1.0,-0.3333333432674408,0.0,0.0,0.0,0.0,1.0,0.0,0.0,0.0,0.0,0.0,0.0,0.0,0.0,1.0,30.0,86.004,86.00400000000002,56,18324,205000,jul-17-2021_1722
1690,0.0,0.0,0.0,0.0,1,0.0,0.0,0.0,0.0,0.0,0.0,0.0,0.0,3.0,0.0,500,400000,0.004999999888241291,30,True,1.0,0.0,0.0,0.0,0.0,0.0,1.0,0.0,0.0,0.0,0.0,0.0,0.0,0.0,0.0,1.0,30.0,74.648,74.64800000000002,56,17935,150000,jul-17-2021_1722
1691,0.0,0.0,0.0,0.0,1,0.0,0.0,0.0,0.0,0.0,0.0,0.0,0.0,3.0,0.0,500,400000,0.004999999888241291,30,True,1.0,0.3333333432674408,0.0,0.0,0.0,0.0,1.0,0.0,0.0,0.0,0.0,0.0,0.0,0.0,0.0,1.0,30.0,67.536,67.53599999999994,52,12506,220000,jul-17-2021_1722
1692,0.0,0.0,0.0,0.0,1,0.0,0.0,0.0,0.0,0.0,0.0,0.0,0.0,3.0,0.0,500,400000,0.004999999888241291,30,True,1.0,0.6666666865348816,0.0,0.0,0.0,0.0,1.0,0.0,0.0,0.0,0.0,0.0,0.0,0.0,0.0,1.0,30.0,71.316,71.31600000000003,55,11823,200000,jul-17-2021_1723
1693,0.0,0.0,0.0,0.0,1,0.0,0.0,0.0,0.0,0.0,0.0,0.0,0.0,3.0,0.0,500,400000,0.004999999888241291,30,True,1.0,1.0,0.0,0.0,0.0,0.0,1.0,0.0,0.0,0.0,0.0,0.0,0.0,0.0,0.0,1.0,30.0,65.2,65.20000000000005,50,11449,140000,jul-17-2021_1723
1694,0.0,0.0,0.0,0.0,1,0.0,0.0,0.0,0.0,0.0,0.0,0.0,0.0,3.0,0.0,500,400000,0.004999999888241291,30,True,1.3333333730697632,-1.0,0.0,0.0,0.0,0.0,1.0,0.0,0.0,0.0,0.0,0.0,0.0,0.0,0.0,1.0,30.0,79.84,79.84000000000003,59,22179,205000,jul-17-2021_1723
1695,0.0,0.0,0.0,0.0,1,0.0,0.0,0.0,0.0,0.0,0.0,0.0,0.0,3.0,0.0,500,400000,0.004999999888241291,30,True,1.3333333730697632,-0.6666666865348816,0.0,0.0,0.0,0.0,1.0,0.0,0.0,0.0,0.0,0.0,0.0,0.0,0.0,1.0,30.0,99.676,99.67600000000004,67,32872,385000,jul-17-2021_1723
1696,0.0,0.0,0.0,0.0,1,0.0,0.0,0.0,0.0,0.0,0.0,0.0,0.0,3.0,0.0,500,400000,0.004999999888241291,30,True,1.3333333730697632,-0.3333333432674408,0.0,0.0,0.0,0.0,1.0,0.0,0.0,0.0,0.0,0.0,0.0,0.0,0.0,1.0,30.0,89.656,89.65599999999995,57,23193,280000,jul-17-2021_1723
1697,0.0,0.0,0.0,0.0,1,0.0,0.0,0.0,0.0,0.0,0.0,0.0,0.0,3.0,0.0,500,400000,0.004999999888241291,30,True,1.3333333730697632,0.0,0.0,0.0,0.0,0.0,1.0,0.0,0.0,0.0,0.0,0.0,0.0,0.0,0.0,1.0,30.0,67.34,67.34000000000003,58,12529,125000,jul-17-2021_1723
1698,0.0,0.0,0.0,0.0,1,0.0,0.0,0.0,0.0,0.0,0.0,0.0,0.0,3.0,0.0,500,400000,0.004999999888241291,30,True,1.3333333730697632,0.3333333432674408,0.0,0.0,0.0,0.0,1.0,0.0,0.0,0.0,0.0,0.0,0.0,0.0,0.0,1.0,30.0,68.376,68.37599999999998,54,11589,275000,jul-17-2021_1723
1699,0.0,0.0,0.0,0.0,1,0.0,0.0,0.0,0.0,0.0,0.0,0.0,0.0,3.0,0.0,500,400000,0.004999999888241291,30,True,1.3333333730697632,0.6666666865348816,0.0,0.0,0.0,0.0,1.0,0.0,0.0,0.0,0.0,0.0,0.0,0.0,0.0,1.0,30.0,71.296,71.29600000000005,56,14444,165000,jul-17-2021_1723
1700,0.0,0.0,0.0,0.0,1,0.0,0.0,0.0,0.0,0.0,0.0,0.0,0.0,3.0,0.0,500,400000,0.004999999888241291,30,True,1.3333333730697632,1.0,0.0,0.0,0.0,0.0,1.0,0.0,0.0,0.0,0.0,0.0,0.0,0.0,0.0,1.0,30.0,56.68,56.67999999999995,51,9229,190000,jul-17-2021_1723
1701,0.0,0.0,0.0,0.0,1,0.0,0.0,0.0,0.0,0.0,0.0,0.0,0.0,3.0,0.0,500,400000,0.004999999888241291,30,True,1.6666666269302368,-1.0,0.0,0.0,0.0,0.0,1.0,0.0,0.0,0.0,0.0,0.0,0.0,0.0,0.0,0.994,29.833333328485487,98.95933327635129,100.856,60,49414,399999,jul-17-2021_1724
1702,0.0,0.0,0.0,0.0,1,0.0,0.0,0.0,0.0,0.0,0.0,0.0,0.0,3.0,0.0,500,400000,0.004999999888241291,30,True,1.6666666269302368,-0.6666666865348816,0.0,0.0,0.0,0.0,1.0,0.0,0.0,0.0,0.0,0.0,0.0,0.0,0.0,1.0,30.0,83.904,83.904,60,26281,180000,jul-17-2021_1724
1703,0.0,0.0,0.0,0.0,1,0.0,0.0,0.0,0.0,0.0,0.0,0.0,0.0,3.0,0.0,500,400000,0.004999999888241291,30,True,1.6666666269302368,-0.3333333432674408,0.0,0.0,0.0,0.0,1.0,0.0,0.0,0.0,0.0,0.0,0.0,0.0,0.0,1.0,30.0,82.4,82.39999999999998,59,24974,230000,jul-17-2021_1724
1704,0.0,0.0,0.0,0.0,1,0.0,0.0,0.0,0.0,0.0,0.0,0.0,0.0,3.0,0.0,500,400000,0.004999999888241291,30,True,1.6666666269302368,0.0,0.0,0.0,0.0,0.0,1.0,0.0,0.0,0.0,0.0,0.0,0.0,0.0,0.0,1.0,30.0,94.568,94.56799999999998,66,26948,250000,jul-17-2021_1724
1705,0.0,0.0,0.0,0.0,1,0.0,0.0,0.0,0.0,0.0,0.0,0.0,0.0,3.0,0.0,500,400000,0.004999999888241291,30,True,1.6666666269302368,0.3333333432674408,0.0,0.0,0.0,0.0,1.0,0.0,0.0,0.0,0.0,0.0,0.0,0.0,0.0,1.0,30.0,86.06,86.05999999999995,58,23384,335000,jul-17-2021_1724
1706,0.0,0.0,0.0,0.0,1,0.0,0.0,0.0,0.0,0.0,0.0,0.0,0.0,3.0,0.0,500,400000,0.004999999888241291,30,True,1.6666666269302368,0.6666666865348816,0.0,0.0,0.0,0.0,1.0,0.0,0.0,0.0,0.0,0.0,0.0,0.0,0.0,1.0,30.0,60.8,60.799999999999955,49,8646,170000,jul-17-2021_1724
1707,0.0,0.0,0.0,0.0,1,0.0,0.0,0.0,0.0,0.0,0.0,0.0,0.0,3.0,0.0,500,400000,0.004999999888241291,30,True,1.6666666269302368,1.0,0.0,0.0,0.0,0.0,1.0,0.0,0.0,0.0,0.0,0.0,0.0,0.0,0.0,1.0,30.0,91.444,91.44399999999996,64,26812,350000,jul-17-2021_1724
1708,0.0,0.0,0.0,0.0,1,0.0,0.0,0.0,0.0,0.0,0.0,0.0,0.0,3.0,0.0,500,400000,0.004999999888241291,30,True,2.0,-1.0,0.0,0.0,0.0,0.0,1.0,0.0,0.0,0.0,0.0,0.0,0.0,0.0,0.0,0.96,28.822,114.57031599999999,93.48800000000006,63,33698,399999,jul-17-2021_1724
1709,0.0,0.0,0.0,0.0,1,0.0,0.0,0.0,0.0,0.0,0.0,0.0,0.0,3.0,0.0,500,400000,0.004999999888241291,30,True,2.0,-0.6666666865348816,0.0,0.0,0.0,0.0,1.0,0.0,0.0,0.0,0.0,0.0,0.0,0.0,0.0,0.936,28.91733330440521,115.15672172123168,100.56399999999996,64,64761,399999,jul-17-2021_1725
1710,0.0,0.0,0.0,0.0,1,0.0,0.0,0.0,0.0,0.0,0.0,0.0,0.0,3.0,0.0,500,400000,0.004999999888241291,30,True,2.0,-0.3333333432674408,0.0,0.0,0.0,0.0,1.0,0.0,0.0,0.0,0.0,0.0,0.0,0.0,0.0,0.91,28.918666643977165,144.8969404682645,91.19200000000001,61,46928,399999,jul-17-2021_1725
1711,0.0,0.0,0.0,0.0,1,0.0,0.0,0.0,0.0,0.0,0.0,0.0,0.0,3.0,0.0,500,400000,0.004999999888241291,30,True,2.0,0.0,0.0,0.0,0.0,0.0,1.0,0.0,0.0,0.0,0.0,0.0,0.0,0.0,0.0,1.0,30.0,85.86,85.86000000000001,64,25093,235000,jul-17-2021_1725
1712,0.0,0.0,0.0,0.0,1,0.0,0.0,0.0,0.0,0.0,0.0,0.0,0.0,3.0,0.0,500,400000,0.004999999888241291,30,True,2.0,0.3333333432674408,0.0,0.0,0.0,0.0,1.0,0.0,0.0,0.0,0.0,0.0,0.0,0.0,0.0,1.0,30.0,92.828,92.82799999999997,65,23868,245000,jul-17-2021_1725
1713,0.0,0.0,0.0,0.0,1,0.0,0.0,0.0,0.0,0.0,0.0,0.0,0.0,3.0,0.0,500,400000,0.004999999888241291,30,True,2.0,0.6666666865348816,0.0,0.0,0.0,0.0,1.0,0.0,0.0,0.0,0.0,0.0,0.0,0.0,0.0,0.982,30.244000007867815,90.32401961860573,87.50400000000002,62,32684,399999,jul-17-2021_1725
1714,0.0,0.0,0.0,0.0,1,0.0,0.0,0.0,0.0,0.0,0.0,0.0,0.0,3.0,0.0,500,400000,0.004999999888241291,30,True,2.0,1.0,0.0,0.0,0.0,0.0,1.0,0.0,0.0,0.0,0.0,0.0,0.0,0.0,0.0,1.0,30.0,79.336,79.33600000000001,56,13095,265000,jul-17-2021_1725
1715,0.0,0.0,0.0,0.0,1,0.0,0.0,0.0,0.0,0.0,0.0,0.0,0.0,3.0,0.0,500,400000,0.004999999888241291,30,True,0.0,-1.0,0.0,0.0,0.0,0.0,1.0,0.0,0.0,0.0,0.0,0.0,0.0,0.0,0.0,1.0,30.0,47.18,47.17999999999995,48,6816,90000,jul-17-2021_1725
1716,0.0,0.0,0.0,0.0,1,0.0,0.0,0.0,0.0,0.0,0.0,0.0,0.0,3.0,0.0,500,400000,0.004999999888241291,30,True,0.0,-0.6666666865348816,0.0,0.0,0.0,0.0,1.0,0.0,0.0,0.0,0.0,0.0,0.0,0.0,0.0,1.0,30.0,82.868,82.86800000000005,61,17255,140000,jul-17-2021_1726
1717,0.0,0.0,0.0,0.0,1,0.0,0.0,0.0,0.0,0.0,0.0,0.0,0.0,3.0,0.0,500,400000,0.004999999888241291,30,True,0.0,-0.3333333432674408,0.0,0.0,0.0,0.0,1.0,0.0,0.0,0.0,0.0,0.0,0.0,0.0,0.0,1.0,30.0,69.14,69.13999999999999,52,11482,100000,jul-17-2021_1726
1718,0.0,0.0,0.0,0.0,1,0.0,0.0,0.0,0.0,0.0,0.0,0.0,0.0,3.0,0.0,500,400000,0.004999999888241291,30,True,0.0,0.0,0.0,0.0,0.0,0.0,1.0,0.0,0.0,0.0,0.0,0.0,0.0,0.0,0.0,1.0,30.0,51.396,51.39599999999996,47,7855,120000,jul-17-2021_1726
1719,0.0,0.0,0.0,0.0,1,0.0,0.0,0.0,0.0,0.0,0.0,0.0,0.0,3.0,0.0,500,400000,0.004999999888241291,30,True,0.0,0.3333333432674408,0.0,0.0,0.0,0.0,1.0,0.0,0.0,0.0,0.0,0.0,0.0,0.0,0.0,1.0,30.0,70.8,70.79999999999995,62,14923,145000,jul-17-2021_1726
1720,0.0,0.0,0.0,0.0,1,0.0,0.0,0.0,0.0,0.0,0.0,0.0,0.0,3.0,0.0,500,400000,0.004999999888241291,30,True,0.0,0.6666666865348816,0.0,0.0,0.0,0.0,1.0,0.0,0.0,0.0,0.0,0.0,0.0,0.0,0.0,1.0,30.0,52.568,52.567999999999984,50,7925,110000,jul-17-2021_1726
1721,0.0,0.0,0.0,0.0,1,0.0,0.0,0.0,0.0,0.0,0.0,0.0,0.0,3.0,0.0,500,400000,0.004999999888241291,30,True,0.0,1.0,0.0,0.0,0.0,0.0,1.0,0.0,0.0,0.0,0.0,0.0,0.0,0.0,0.0,1.0,30.0,64.728,64.72799999999995,49,10533,115000,jul-17-2021_1726
1722,0.0,0.0,0.0,0.0,1,0.0,0.0,0.0,0.0,0.0,0.0,0.0,0.0,3.0,0.0,500,400000,0.004999999888241291,30,True,0.3333333432674408,-1.0,0.0,0.0,0.0,0.0,1.0,0.0,0.0,0.0,0.0,0.0,0.0,0.0,0.0,1.0,30.0,66.684,66.68399999999997,53,11540,165000,jul-17-2021_1726
1723,0.0,0.0,0.0,0.0,1,0.0,0.0,0.0,0.0,0.0,0.0,0.0,0.0,3.0,0.0,500,400000,0.004999999888241291,30,True,0.3333333432674408,-0.6666666865348816,0.0,0.0,0.0,0.0,1.0,0.0,0.0,0.0,0.0,0.0,0.0,0.0,0.0,1.0,30.0,69.992,69.99199999999996,52,14479,135000,jul-17-2021_1726
1724,0.0,0.0,0.0,0.0,1,0.0,0.0,0.0,0.0,0.0,0.0,0.0,0.0,3.0,0.0,500,400000,0.004999999888241291,30,True,0.3333333432674408,-0.3333333432674408,0.0,0.0,0.0,0.0,1.0,0.0,0.0,0.0,0.0,0.0,0.0,0.0,0.0,1.0,30.0,69.78,69.77999999999997,54,15794,130000,jul-17-2021_1726
1725,0.0,0.0,0.0,0.0,1,0.0,0.0,0.0,0.0,0.0,0.0,0.0,0.0,3.0,0.0,500,400000,0.004999999888241291,30,True,0.3333333432674408,0.0,0.0,0.0,0.0,0.0,1.0,0.0,0.0,0.0,0.0,0.0,0.0,0.0,0.0,1.0,30.0,53.984,53.98400000000004,49,9052,140000,jul-17-2021_1726
1726,0.0,0.0,0.0,0.0,1,0.0,0.0,0.0,0.0,0.0,0.0,0.0,0.0,3.0,0.0,500,400000,0.004999999888241291,30,True,0.3333333432674408,0.3333333432674408,0.0,0.0,0.0,0.0,1.0,0.0,0.0,0.0,0.0,0.0,0.0,0.0,0.0,1.0,30.0,58.408,58.408000000000015,51,8357,90000,jul-17-2021_1726
1727,0.0,0.0,0.0,0.0,1,0.0,0.0,0.0,0.0,0.0,0.0,0.0,0.0,3.0,0.0,500,400000,0.004999999888241291,30,True,0.3333333432674408,0.6666666865348816,0.0,0.0,0.0,0.0,1.0,0.0,0.0,0.0,0.0,0.0,0.0,0.0,0.0,1.0,30.0,48.888,48.888000000000034,49,8322,105000,jul-17-2021_1726
1728,0.0,0.0,0.0,0.0,1,0.0,0.0,0.0,0.0,0.0,0.0,0.0,0.0,3.0,0.0,500,400000,0.004999999888241291,30,True,0.3333333432674408,1.0,0.0,0.0,0.0,0.0,1.0,0.0,0.0,0.0,0.0,0.0,0.0,0.0,0.0,1.0,30.0,49.268,49.26800000000003,48,7776,110000,jul-17-2021_1726
1729,0.0,0.0,0.0,0.0,1,0.0,0.0,0.0,0.0,0.0,0.0,0.0,0.0,3.0,0.0,500,400000,0.004999999888241291,30,True,0.6666666865348816,-1.0,0.0,0.0,0.0,0.0,1.0,0.0,0.0,0.0,0.0,0.0,0.0,0.0,0.0,1.0,30.0,83.964,83.96400000000006,66,25842,190000,jul-17-2021_1726
1730,0.0,0.0,0.0,0.0,1,0.0,0.0,0.0,0.0,0.0,0.0,0.0,0.0,3.0,0.0,500,400000,0.004999999888241291,30,True,0.6666666865348816,-0.6666666865348816,0.0,0.0,0.0,0.0,1.0,0.0,0.0,0.0,0.0,0.0,0.0,0.0,0.0,1.0,30.0,62.568,62.567999999999984,51,10734,135000,jul-17-2021_1726
1731,0.0,0.0,0.0,0.0,1,0.0,0.0,0.0,0.0,0.0,0.0,0.0,0.0,3.0,0.0,500,400000,0.004999999888241291,30,True,0.6666666865348816,-0.3333333432674408,0.0,0.0,0.0,0.0,1.0,0.0,0.0,0.0,0.0,0.0,0.0,0.0,0.0,1.0,30.0,77.536,77.53599999999994,55,15326,125000,jul-17-2021_1726
1732,0.0,0.0,0.0,0.0,1,0.0,0.0,0.0,0.0,0.0,0.0,0.0,0.0,3.0,0.0,500,400000,0.004999999888241291,30,True,0.6666666865348816,0.0,0.0,0.0,0.0,0.0,1.0,0.0,0.0,0.0,0.0,0.0,0.0,0.0,0.0,1.0,30.0,83.244,83.24400000000003,61,20914,165000,jul-17-2021_1726
1733,0.0,0.0,0.0,0.0,1,0.0,0.0,0.0,0.0,0.0,0.0,0.0,0.0,3.0,0.0,500,400000,0.004999999888241291,30,True,0.6666666865348816,0.3333333432674408,0.0,0.0,0.0,0.0,1.0,0.0,0.0,0.0,0.0,0.0,0.0,0.0,0.0,1.0,30.0,62.384,62.384000000000015,49,10145,120000,jul-17-2021_1727
1734,0.0,0.0,0.0,0.0,1,0.0,0.0,0.0,0.0,0.0,0.0,0.0,0.0,3.0,0.0,500,400000,0.004999999888241291,30,True,0.6666666865348816,0.6666666865348816,0.0,0.0,0.0,0.0,1.0,0.0,0.0,0.0,0.0,0.0,0.0,0.0,0.0,1.0,30.0,67.616,67.61599999999999,52,13121,180000,jul-17-2021_1727
1735,0.0,0.0,0.0,0.0,1,0.0,0.0,0.0,0.0,0.0,0.0,0.0,0.0,3.0,0.0,500,400000,0.004999999888241291,30,True,0.6666666865348816,1.0,0.0,0.0,0.0,0.0,1.0,0.0,0.0,0.0,0.0,0.0,0.0,0.0,0.0,1.0,30.0,70.22,70.22000000000003,52,13760,190000,jul-17-2021_1727
1736,0.0,0.0,0.0,0.0,1,0.0,0.0,0.0,0.0,0.0,0.0,0.0,0.0,3.0,0.0,500,400000,0.004999999888241291,30,True,1.0,-1.0,0.0,0.0,0.0,0.0,1.0,0.0,0.0,0.0,0.0,0.0,0.0,0.0,0.0,1.0,30.0,76.064,76.06399999999996,61,21500,235000,jul-17-2021_1727
1737,0.0,0.0,0.0,0.0,1,0.0,0.0,0.0,0.0,0.0,0.0,0.0,0.0,3.0,0.0,500,400000,0.004999999888241291,30,True,1.0,-0.6666666865348816,0.0,0.0,0.0,0.0,1.0,0.0,0.0,0.0,0.0,0.0,0.0,0.0,0.0,1.0,30.0,82.964,82.96400000000006,57,13863,195000,jul-17-2021_1727
1738,0.0,0.0,0.0,0.0,1,0.0,0.0,0.0,0.0,0.0,0.0,0.0,0.0,3.0,0.0,500,400000,0.004999999888241291,30,True,1.0,-0.3333333432674408,0.0,0.0,0.0,0.0,1.0,0.0,0.0,0.0,0.0,0.0,0.0,0.0,0.0,1.0,30.0,65.968,65.96799999999996,54,14184,160000,jul-17-2021_1727
1739,0.0,0.0,0.0,0.0,1,0.0,0.0,0.0,0.0,0.0,0.0,0.0,0.0,3.0,0.0,500,400000,0.004999999888241291,30,True,1.0,0.0,0.0,0.0,0.0,0.0,1.0,0.0,0.0,0.0,0.0,0.0,0.0,0.0,0.0,1.0,30.0,79.272,79.27200000000005,59,18648,165000,jul-17-2021_1727
1740,0.0,0.0,0.0,0.0,1,0.0,0.0,0.0,0.0,0.0,0.0,0.0,0.0,3.0,0.0,500,400000,0.004999999888241291,30,True,1.0,0.3333333432674408,0.0,0.0,0.0,0.0,1.0,0.0,0.0,0.0,0.0,0.0,0.0,0.0,0.0,1.0,30.0,66.856,66.856,56,11034,215000,jul-17-2021_1727
1741,0.0,0.0,0.0,0.0,1,0.0,0.0,0.0,0.0,0.0,0.0,0.0,0.0,3.0,0.0,500,400000,0.004999999888241291,30,True,1.0,0.6666666865348816,0.0,0.0,0.0,0.0,1.0,0.0,0.0,0.0,0.0,0.0,0.0,0.0,0.0,1.0,30.0,76.032,76.03200000000004,60,14569,210000,jul-17-2021_1727
1742,0.0,0.0,0.0,0.0,1,0.0,0.0,0.0,0.0,0.0,0.0,0.0,0.0,3.0,0.0,500,400000,0.004999999888241291,30,True,1.0,1.0,0.0,0.0,0.0,0.0,1.0,0.0,0.0,0.0,0.0,0.0,0.0,0.0,0.0,1.0,30.0,71.5,71.5,58,14316,240000,jul-17-2021_1727
1743,0.0,0.0,0.0,0.0,1,0.0,0.0,0.0,0.0,0.0,0.0,0.0,0.0,3.0,0.0,500,400000,0.004999999888241291,30,True,1.3333333730697632,-1.0,0.0,0.0,0.0,0.0,1.0,0.0,0.0,0.0,0.0,0.0,0.0,0.0,0.0,1.0,30.0,84.016,84.01599999999996,65,41633,260000,jul-17-2021_1727
1744,0.0,0.0,0.0,0.0,1,0.0,0.0,0.0,0.0,0.0,0.0,0.0,0.0,3.0,0.0,500,400000,0.004999999888241291,30,True,1.3333333730697632,-0.6666666865348816,0.0,0.0,0.0,0.0,1.0,0.0,0.0,0.0,0.0,0.0,0.0,0.0,0.0,1.0,30.0,73.588,73.58799999999997,56,19621,195000,jul-17-2021_1728
1745,0.0,0.0,0.0,0.0,1,0.0,0.0,0.0,0.0,0.0,0.0,0.0,0.0,3.0,0.0,500,400000,0.004999999888241291,30,True,1.3333333730697632,-0.3333333432674408,0.0,0.0,0.0,0.0,1.0,0.0,0.0,0.0,0.0,0.0,0.0,0.0,0.0,1.0,30.0,80.992,80.99199999999996,61,16658,180000,jul-17-2021_1728
1746,0.0,0.0,0.0,0.0,1,0.0,0.0,0.0,0.0,0.0,0.0,0.0,0.0,3.0,0.0,500,400000,0.004999999888241291,30,True,1.3333333730697632,0.0,0.0,0.0,0.0,0.0,1.0,0.0,0.0,0.0,0.0,0.0,0.0,0.0,0.0,1.0,30.0,81.46,81.46000000000004,60,19359,160000,jul-17-2021_1728
1747,0.0,0.0,0.0,0.0,1,0.0,0.0,0.0,0.0,0.0,0.0,0.0,0.0,3.0,0.0,500,400000,0.004999999888241291,30,True,1.3333333730697632,0.3333333432674408,0.0,0.0,0.0,0.0,1.0,0.0,0.0,0.0,0.0,0.0,0.0,0.0,0.0,1.0,30.0,65.484,65.48400000000004,49,10466,210000,jul-17-2021_1728
1748,0.0,0.0,0.0,0.0,1,0.0,0.0,0.0,0.0,0.0,0.0,0.0,0.0,3.0,0.0,500,400000,0.004999999888241291,30,True,1.3333333730697632,0.6666666865348816,0.0,0.0,0.0,0.0,1.0,0.0,0.0,0.0,0.0,0.0,0.0,0.0,0.0,1.0,30.0,67.06,67.05999999999995,53,13331,205000,jul-17-2021_1728
1749,0.0,0.0,0.0,0.0,1,0.0,0.0,0.0,0.0,0.0,0.0,0.0,0.0,3.0,0.0,500,400000,0.004999999888241291,30,True,1.3333333730697632,1.0,0.0,0.0,0.0,0.0,1.0,0.0,0.0,0.0,0.0,0.0,0.0,0.0,0.0,1.0,30.0,87.732,87.73199999999997,57,24228,235000,jul-17-2021_1728
1750,0.0,0.0,0.0,0.0,1,0.0,0.0,0.0,0.0,0.0,0.0,0.0,0.0,3.0,0.0,500,400000,0.004999999888241291,30,True,1.6666666269302368,-1.0,0.0,0.0,0.0,0.0,1.0,0.0,0.0,0.0,0.0,0.0,0.0,0.0,0.0,0.978,29.25199997854233,93.18493966635853,91.92399999999998,60,26281,399999,jul-17-2021_1728
1751,0.0,0.0,0.0,0.0,1,0.0,0.0,0.0,0.0,0.0,0.0,0.0,0.0,3.0,0.0,500,400000,0.004999999888241291,30,True,1.6666666269302368,-0.6666666865348816,0.0,0.0,0.0,0.0,1.0,0.0,0.0,0.0,0.0,0.0,0.0,0.0,0.0,1.0,30.0,94.224,94.22400000000005,61,21934,165000,jul-17-2021_1728
1752,0.0,0.0,0.0,0.0,1,0.0,0.0,0.0,0.0,0.0,0.0,0.0,0.0,3.0,0.0,500,400000,0.004999999888241291,30,True,1.6666666269302368,-0.3333333432674408,0.0,0.0,0.0,0.0,1.0,0.0,0.0,0.0,0.0,0.0,0.0,0.0,0.0,1.0,30.0,83.46,83.46000000000004,60,24371,245000,jul-17-2021_1728
1753,0.0,0.0,0.0,0.0,1,0.0,0.0,0.0,0.0,0.0,0.0,0.0,0.0,3.0,0.0,500,400000,0.004999999888241291,30,True,1.6666666269302368,0.0,0.0,0.0,0.0,0.0,1.0,0.0,0.0,0.0,0.0,0.0,0.0,0.0,0.0,1.0,30.0,71.588,71.58799999999997,51,14424,190000,jul-17-2021_1728
1754,0.0,0.0,0.0,0.0,1,0.0,0.0,0.0,0.0,0.0,0.0,0.0,0.0,3.0,0.0,500,400000,0.004999999888241291,30,True,1.6666666269302368,0.3333333432674408,0.0,0.0,0.0,0.0,1.0,0.0,0.0,0.0,0.0,0.0,0.0,0.0,0.0,1.0,30.0,79.492,79.49199999999996,59,18532,340000,jul-17-2021_1729
1755,0.0,0.0,0.0,0.0,1,0.0,0.0,0.0,0.0,0.0,0.0,0.0,0.0,3.0,0.0,500,400000,0.004999999888241291,30,True,1.6666666269302368,0.6666666865348816,0.0,0.0,0.0,0.0,1.0,0.0,0.0,0.0,0.0,0.0,0.0,0.0,0.0,1.0,30.0,78.908,78.90800000000002,57,19922,260000,jul-17-2021_1729
1756,0.0,0.0,0.0,0.0,1,0.0,0.0,0.0,0.0,0.0,0.0,0.0,0.0,3.0,0.0,500,400000,0.004999999888241291,30,True,1.6666666269302368,1.0,0.0,0.0,0.0,0.0,1.0,0.0,0.0,0.0,0.0,0.0,0.0,0.0,0.0,1.0,30.0,90.036,90.03599999999994,60,22643,190000,jul-17-2021_1729
1757,0.0,0.0,0.0,0.0,1,0.0,0.0,0.0,0.0,0.0,0.0,0.0,0.0,3.0,0.0,500,400000,0.004999999888241291,30,True,2.0,-1.0,0.0,0.0,0.0,0.0,1.0,0.0,0.0,0.0,0.0,0.0,0.0,0.0,0.0,1.0,30.0,84.08,84.08000000000004,61,22481,235000,jul-17-2021_1729
1758,0.0,0.0,0.0,0.0,1,0.0,0.0,0.0,0.0,0.0,0.0,0.0,0.0,3.0,0.0,500,400000,0.004999999888241291,30,True,2.0,-0.6666666865348816,0.0,0.0,0.0,0.0,1.0,0.0,0.0,0.0,0.0,0.0,0.0,0.0,0.0,1.0,30.0,98.9,98.89999999999998,63,27886,365000,jul-17-2021_1729
1759,0.0,0.0,0.0,0.0,1,0.0,0.0,0.0,0.0,0.0,0.0,0.0,0.0,3.0,0.0,500,400000,0.004999999888241291,30,True,2.0,-0.3333333432674408,0.0,0.0,0.0,0.0,1.0,0.0,0.0,0.0,0.0,0.0,0.0,0.0,0.0,1.0,30.0,89.808,89.80799999999999,61,30433,265000,jul-17-2021_1729
1760,0.0,0.0,0.0,0.0,1,0.0,0.0,0.0,0.0,0.0,0.0,0.0,0.0,3.0,0.0,500,400000,0.004999999888241291,30,True,2.0,0.0,0.0,0.0,0.0,0.0,1.0,0.0,0.0,0.0,0.0,0.0,0.0,0.0,0.0,1.0,30.0,73.868,73.86800000000005,58,15661,155000,jul-17-2021_1729
1761,0.0,0.0,0.0,0.0,1,0.0,0.0,0.0,0.0,0.0,0.0,0.0,0.0,3.0,0.0,500,400000,0.004999999888241291,30,True,2.0,0.3333333432674408,0.0,0.0,0.0,0.0,1.0,0.0,0.0,0.0,0.0,0.0,0.0,0.0,0.0,1.0,30.0,88.704,88.70399999999995,60,23228,185000,jul-17-2021_1729
1762,0.0,0.0,0.0,0.0,1,0.0,0.0,0.0,0.0,0.0,0.0,0.0,0.0,3.0,0.0,500,400000,0.004999999888241291,30,True,2.0,0.6666666865348816,0.0,0.0,0.0,0.0,1.0,0.0,0.0,0.0,0.0,0.0,0.0,0.0,0.0,1.0,30.0,92.364,92.36400000000003,61,19590,255000,jul-17-2021_1730
1763,0.0,0.0,0.0,0.0,1,0.0,0.0,0.0,0.0,0.0,0.0,0.0,0.0,3.0,0.0,500,400000,0.004999999888241291,30,True,2.0,1.0,0.0,0.0,0.0,0.0,1.0,0.0,0.0,0.0,0.0,0.0,0.0,0.0,0.0,1.0,30.0,80.892,80.89200000000005,56,12736,155000,jul-17-2021_1730
1764,0.0,0.0,0.0,0.0,1,0.0,0.0,0.0,0.0,0.0,0.0,0.0,0.0,3.0,0.0,500,400000,0.004999999888241291,30,True,0.0,-1.0,0.0,0.0,0.0,0.0,1.0,0.0,0.0,0.0,0.0,0.0,0.0,0.0,0.0,1.0,30.0,64.244,64.24400000000003,52,15994,210000,jul-17-2021_1730
1765,0.0,0.0,0.0,0.0,1,0.0,0.0,0.0,0.0,0.0,0.0,0.0,0.0,3.0,0.0,500,400000,0.004999999888241291,30,True,0.0,-0.6666666865348816,0.0,0.0,0.0,0.0,1.0,0.0,0.0,0.0,0.0,0.0,0.0,0.0,0.0,1.0,30.0,54.552,54.55200000000002,51,10330,110000,jul-17-2021_1730
1766,0.0,0.0,0.0,0.0,1,0.0,0.0,0.0,0.0,0.0,0.0,0.0,0.0,3.0,0.0,500,400000,0.004999999888241291,30,True,0.0,-0.3333333432674408,0.0,0.0,0.0,0.0,1.0,0.0,0.0,0.0,0.0,0.0,0.0,0.0,0.0,1.0,30.0,49.872,49.87199999999996,52,7047,80000,jul-17-2021_1730
1767,0.0,0.0,0.0,0.0,1,0.0,0.0,0.0,0.0,0.0,0.0,0.0,0.0,3.0,0.0,500,400000,0.004999999888241291,30,True,0.0,0.0,0.0,0.0,0.0,0.0,1.0,0.0,0.0,0.0,0.0,0.0,0.0,0.0,0.0,1.0,30.0,42.956,42.95600000000002,49,6414,85000,jul-17-2021_1730
1768,0.0,0.0,0.0,0.0,1,0.0,0.0,0.0,0.0,0.0,0.0,0.0,0.0,3.0,0.0,500,400000,0.004999999888241291,30,True,0.0,0.3333333432674408,0.0,0.0,0.0,0.0,1.0,0.0,0.0,0.0,0.0,0.0,0.0,0.0,0.0,1.0,30.0,57.956,57.95600000000002,49,8591,105000,jul-17-2021_1730
1769,0.0,0.0,0.0,0.0,1,0.0,0.0,0.0,0.0,0.0,0.0,0.0,0.0,3.0,0.0,500,400000,0.004999999888241291,30,True,0.0,0.6666666865348816,0.0,0.0,0.0,0.0,1.0,0.0,0.0,0.0,0.0,0.0,0.0,0.0,0.0,1.0,30.0,52.776,52.775999999999954,49,8434,155000,jul-17-2021_1730
1770,0.0,0.0,0.0,0.0,1,0.0,0.0,0.0,0.0,0.0,0.0,0.0,0.0,3.0,0.0,500,400000,0.004999999888241291,30,True,0.0,1.0,0.0,0.0,0.0,0.0,1.0,0.0,0.0,0.0,0.0,0.0,0.0,0.0,0.0,1.0,30.0,43.916,43.916000000000054,49,5996,105000,jul-17-2021_1730
1771,0.0,0.0,0.0,0.0,1,0.0,0.0,0.0,0.0,0.0,0.0,0.0,0.0,3.0,0.0,500,400000,0.004999999888241291,30,True,0.3333333432674408,-1.0,0.0,0.0,0.0,0.0,1.0,0.0,0.0,0.0,0.0,0.0,0.0,0.0,0.0,1.0,30.0,89.316,89.31600000000003,60,21140,255000,jul-17-2021_1730
1772,0.0,0.0,0.0,0.0,1,0.0,0.0,0.0,0.0,0.0,0.0,0.0,0.0,3.0,0.0,500,400000,0.004999999888241291,30,True,0.3333333432674408,-0.6666666865348816,0.0,0.0,0.0,0.0,1.0,0.0,0.0,0.0,0.0,0.0,0.0,0.0,0.0,1.0,30.0,64.672,64.67200000000003,51,11682,130000,jul-17-2021_1730
1773,0.0,0.0,0.0,0.0,1,0.0,0.0,0.0,0.0,0.0,0.0,0.0,0.0,3.0,0.0,500,400000,0.004999999888241291,30,True,0.3333333432674408,-0.3333333432674408,0.0,0.0,0.0,0.0,1.0,0.0,0.0,0.0,0.0,0.0,0.0,0.0,0.0,1.0,30.0,51.0,51.0,52,7960,80000,jul-17-2021_1730
1774,0.0,0.0,0.0,0.0,1,0.0,0.0,0.0,0.0,0.0,0.0,0.0,0.0,3.0,0.0,500,400000,0.004999999888241291,30,True,0.3333333432674408,0.0,0.0,0.0,0.0,0.0,1.0,0.0,0.0,0.0,0.0,0.0,0.0,0.0,0.0,1.0,30.0,56.04,56.039999999999964,55,8874,130000,jul-17-2021_1730
1775,0.0,0.0,0.0,0.0,1,0.0,0.0,0.0,0.0,0.0,0.0,0.0,0.0,3.0,0.0,500,400000,0.004999999888241291,30,True,0.3333333432674408,0.3333333432674408,0.0,0.0,0.0,0.0,1.0,0.0,0.0,0.0,0.0,0.0,0.0,0.0,0.0,1.0,30.0,57.072,57.072,49,9815,85000,jul-17-2021_1730
1776,0.0,0.0,0.0,0.0,1,0.0,0.0,0.0,0.0,0.0,0.0,0.0,0.0,3.0,0.0,500,400000,0.004999999888241291,30,True,0.3333333432674408,0.6666666865348816,0.0,0.0,0.0,0.0,1.0,0.0,0.0,0.0,0.0,0.0,0.0,0.0,0.0,1.0,30.0,48.096,48.096000000000004,46,6734,90000,jul-17-2021_1730
1777,0.0,0.0,0.0,0.0,1,0.0,0.0,0.0,0.0,0.0,0.0,0.0,0.0,3.0,0.0,500,400000,0.004999999888241291,30,True,0.3333333432674408,1.0,0.0,0.0,0.0,0.0,1.0,0.0,0.0,0.0,0.0,0.0,0.0,0.0,0.0,1.0,30.0,52.824,52.823999999999955,49,7787,115000,jul-17-2021_1730
1778,0.0,0.0,0.0,0.0,1,0.0,0.0,0.0,0.0,0.0,0.0,0.0,0.0,3.0,0.0,500,400000,0.004999999888241291,30,True,0.6666666865348816,-1.0,0.0,0.0,0.0,0.0,1.0,0.0,0.0,0.0,0.0,0.0,0.0,0.0,0.0,1.0,30.0,71.428,71.428,55,13288,150000,jul-17-2021_1730
1779,0.0,0.0,0.0,0.0,1,0.0,0.0,0.0,0.0,0.0,0.0,0.0,0.0,3.0,0.0,500,400000,0.004999999888241291,30,True,0.6666666865348816,-0.6666666865348816,0.0,0.0,0.0,0.0,1.0,0.0,0.0,0.0,0.0,0.0,0.0,0.0,0.0,1.0,30.0,76.488,76.48800000000006,53,15603,205000,jul-17-2021_1731
1780,0.0,0.0,0.0,0.0,1,0.0,0.0,0.0,0.0,0.0,0.0,0.0,0.0,3.0,0.0,500,400000,0.004999999888241291,30,True,0.6666666865348816,-0.3333333432674408,0.0,0.0,0.0,0.0,1.0,0.0,0.0,0.0,0.0,0.0,0.0,0.0,0.0,1.0,30.0,78.644,78.644,57,20809,165000,jul-17-2021_1731
1781,0.0,0.0,0.0,0.0,1,0.0,0.0,0.0,0.0,0.0,0.0,0.0,0.0,3.0,0.0,500,400000,0.004999999888241291,30,True,0.6666666865348816,0.0,0.0,0.0,0.0,0.0,1.0,0.0,0.0,0.0,0.0,0.0,0.0,0.0,0.0,1.0,30.0,74.592,74.59199999999998,55,11515,115000,jul-17-2021_1731
1782,0.0,0.0,0.0,0.0,1,0.0,0.0,0.0,0.0,0.0,0.0,0.0,0.0,3.0,0.0,500,400000,0.004999999888241291,30,True,0.6666666865348816,0.3333333432674408,0.0,0.0,0.0,0.0,1.0,0.0,0.0,0.0,0.0,0.0,0.0,0.0,0.0,1.0,30.0,49.66,49.65999999999997,46,7574,110000,jul-17-2021_1731
1783,0.0,0.0,0.0,0.0,1,0.0,0.0,0.0,0.0,0.0,0.0,0.0,0.0,3.0,0.0,500,400000,0.004999999888241291,30,True,0.6666666865348816,0.6666666865348816,0.0,0.0,0.0,0.0,1.0,0.0,0.0,0.0,0.0,0.0,0.0,0.0,0.0,1.0,30.0,64.18,64.17999999999995,52,11165,155000,jul-17-2021_1731
1784,0.0,0.0,0.0,0.0,1,0.0,0.0,0.0,0.0,0.0,0.0,0.0,0.0,3.0,0.0,500,400000,0.004999999888241291,30,True,0.6666666865348816,1.0,0.0,0.0,0.0,0.0,1.0,0.0,0.0,0.0,0.0,0.0,0.0,0.0,0.0,1.0,30.0,54.024,54.024,50,9111,110000,jul-17-2021_1731
1785,0.0,0.0,0.0,0.0,1,0.0,0.0,0.0,0.0,0.0,0.0,0.0,0.0,3.0,0.0,500,400000,0.004999999888241291,30,True,1.0,-1.0,0.0,0.0,0.0,0.0,1.0,0.0,0.0,0.0,0.0,0.0,0.0,0.0,0.0,1.0,30.0,97.18,97.17999999999995,72,26031,190000,jul-17-2021_1731
1786,0.0,0.0,0.0,0.0,1,0.0,0.0,0.0,0.0,0.0,0.0,0.0,0.0,3.0,0.0,500,400000,0.004999999888241291,30,True,1.0,-0.6666666865348816,0.0,0.0,0.0,0.0,1.0,0.0,0.0,0.0,0.0,0.0,0.0,0.0,0.0,1.0,30.0,76.144,76.144,54,15330,185000,jul-17-2021_1731
1787,0.0,0.0,0.0,0.0,1,0.0,0.0,0.0,0.0,0.0,0.0,0.0,0.0,3.0,0.0,500,400000,0.004999999888241291,30,True,1.0,-0.3333333432674408,0.0,0.0,0.0,0.0,1.0,0.0,0.0,0.0,0.0,0.0,0.0,0.0,0.0,1.0,30.0,68.516,68.51599999999996,56,16484,180000,jul-17-2021_1731
1788,0.0,0.0,0.0,0.0,1,0.0,0.0,0.0,0.0,0.0,0.0,0.0,0.0,3.0,0.0,500,400000,0.004999999888241291,30,True,1.0,0.0,0.0,0.0,0.0,0.0,1.0,0.0,0.0,0.0,0.0,0.0,0.0,0.0,0.0,1.0,30.0,64.496,64.49599999999998,53,13987,175000,jul-17-2021_1731
1789,0.0,0.0,0.0,0.0,1,0.0,0.0,0.0,0.0,0.0,0.0,0.0,0.0,3.0,0.0,500,400000,0.004999999888241291,30,True,1.0,0.3333333432674408,0.0,0.0,0.0,0.0,1.0,0.0,0.0,0.0,0.0,0.0,0.0,0.0,0.0,1.0,30.0,74.416,74.41600000000005,58,14103,285000,jul-17-2021_1731
1790,0.0,0.0,0.0,0.0,1,0.0,0.0,0.0,0.0,0.0,0.0,0.0,0.0,3.0,0.0,500,400000,0.004999999888241291,30,True,1.0,0.6666666865348816,0.0,0.0,0.0,0.0,1.0,0.0,0.0,0.0,0.0,0.0,0.0,0.0,0.0,1.0,30.0,75.544,75.54399999999998,56,11709,155000,jul-17-2021_1731
1791,0.0,0.0,0.0,0.0,1,0.0,0.0,0.0,0.0,0.0,0.0,0.0,0.0,3.0,0.0,500,400000,0.004999999888241291,30,True,1.0,1.0,0.0,0.0,0.0,0.0,1.0,0.0,0.0,0.0,0.0,0.0,0.0,0.0,0.0,1.0,30.0,71.524,71.524,51,11091,145000,jul-17-2021_1731
1792,0.0,0.0,0.0,0.0,1,0.0,0.0,0.0,0.0,0.0,0.0,0.0,0.0,3.0,0.0,500,400000,0.004999999888241291,30,True,1.3333333730697632,-1.0,0.0,0.0,0.0,0.0,1.0,0.0,0.0,0.0,0.0,0.0,0.0,0.0,0.0,1.0,30.0,102.284,102.28399999999999,59,74916,320000,jul-17-2021_1732
1793,0.0,0.0,0.0,0.0,1,0.0,0.0,0.0,0.0,0.0,0.0,0.0,0.0,3.0,0.0,500,400000,0.004999999888241291,30,True,1.3333333730697632,-0.6666666865348816,0.0,0.0,0.0,0.0,1.0,0.0,0.0,0.0,0.0,0.0,0.0,0.0,0.0,1.0,30.0,77.12,77.12,55,16219,220000,jul-17-2021_1732
1794,0.0,0.0,0.0,0.0,1,0.0,0.0,0.0,0.0,0.0,0.0,0.0,0.0,3.0,0.0,500,400000,0.004999999888241291,30,True,1.3333333730697632,-0.3333333432674408,0.0,0.0,0.0,0.0,1.0,0.0,0.0,0.0,0.0,0.0,0.0,0.0,0.0,1.0,30.0,82.876,82.87599999999998,56,19714,185000,jul-17-2021_1732
1795,0.0,0.0,0.0,0.0,1,0.0,0.0,0.0,0.0,0.0,0.0,0.0,0.0,3.0,0.0,500,400000,0.004999999888241291,30,True,1.3333333730697632,0.0,0.0,0.0,0.0,0.0,1.0,0.0,0.0,0.0,0.0,0.0,0.0,0.0,0.0,1.0,30.0,94.496,94.49599999999998,70,24371,240000,jul-17-2021_1732
1796,0.0,0.0,0.0,0.0,1,0.0,0.0,0.0,0.0,0.0,0.0,0.0,0.0,3.0,0.0,500,400000,0.004999999888241291,30,True,1.3333333730697632,0.3333333432674408,0.0,0.0,0.0,0.0,1.0,0.0,0.0,0.0,0.0,0.0,0.0,0.0,0.0,1.0,30.0,77.956,77.95600000000002,59,17073,255000,jul-17-2021_1732
1797,0.0,0.0,0.0,0.0,1,0.0,0.0,0.0,0.0,0.0,0.0,0.0,0.0,3.0,0.0,500,400000,0.004999999888241291,30,True,1.3333333730697632,0.6666666865348816,0.0,0.0,0.0,0.0,1.0,0.0,0.0,0.0,0.0,0.0,0.0,0.0,0.0,1.0,30.0,83.388,83.38800000000003,61,18103,180000,jul-17-2021_1732
1798,0.0,0.0,0.0,0.0,1,0.0,0.0,0.0,0.0,0.0,0.0,0.0,0.0,3.0,0.0,500,400000,0.004999999888241291,30,True,1.3333333730697632,1.0,0.0,0.0,0.0,0.0,1.0,0.0,0.0,0.0,0.0,0.0,0.0,0.0,0.0,1.0,30.0,65.756,65.75599999999997,51,9262,155000,jul-17-2021_1732
1799,0.0,0.0,0.0,0.0,1,0.0,0.0,0.0,0.0,0.0,0.0,0.0,0.0,3.0,0.0,500,400000,0.004999999888241291,30,True,1.6666666269302368,-1.0,0.0,0.0,0.0,0.0,1.0,0.0,0.0,0.0,0.0,0.0,0.0,0.0,0.0,0.972,28.927999969244002,99.96459238490512,93.95600000000002,63,72686,399999,jul-17-2021_1732
1800,0.0,0.0,0.0,0.0,1,0.0,0.0,0.0,0.0,0.0,0.0,0.0,0.0,3.0,0.0,500,400000,0.004999999888241291,30,True,1.6666666269302368,-0.6666666865348816,0.0,0.0,0.0,0.0,1.0,0.0,0.0,0.0,0.0,0.0,0.0,0.0,0.0,1.0,30.0,83.892,83.89200000000005,60,21100,250000,jul-17-2021_1733
1801,0.0,0.0,0.0,0.0,1,0.0,0.0,0.0,0.0,0.0,0.0,0.0,0.0,3.0,0.0,500,400000,0.004999999888241291,30,True,1.6666666269302368,-0.3333333432674408,0.0,0.0,0.0,0.0,1.0,0.0,0.0,0.0,0.0,0.0,0.0,0.0,0.0,1.0,30.0,87.532,87.53200000000004,70,28066,365000,jul-17-2021_1733
1802,0.0,0.0,0.0,0.0,1,0.0,0.0,0.0,0.0,0.0,0.0,0.0,0.0,3.0,0.0,500,400000,0.004999999888241291,30,True,1.6666666269302368,0.0,0.0,0.0,0.0,0.0,1.0,0.0,0.0,0.0,0.0,0.0,0.0,0.0,0.0,1.0,30.0,86.832,86.832,56,19692,305000,jul-17-2021_1733
1803,0.0,0.0,0.0,0.0,1,0.0,0.0,0.0,0.0,0.0,0.0,0.0,0.0,3.0,0.0,500,400000,0.004999999888241291,30,True,1.6666666269302368,0.3333333432674408,0.0,0.0,0.0,0.0,1.0,0.0,0.0,0.0,0.0,0.0,0.0,0.0,0.0,1.0,30.0,83.38,83.38,64,30838,345000,jul-17-2021_1733
1804,0.0,0.0,0.0,0.0,1,0.0,0.0,0.0,0.0,0.0,0.0,0.0,0.0,3.0,0.0,500,400000,0.004999999888241291,30,True,1.6666666269302368,0.6666666865348816,0.0,0.0,0.0,0.0,1.0,0.0,0.0,0.0,0.0,0.0,0.0,0.0,0.0,1.0,30.0,83.596,83.596,65,28527,295000,jul-17-2021_1733
1805,0.0,0.0,0.0,0.0,1,0.0,0.0,0.0,0.0,0.0,0.0,0.0,0.0,3.0,0.0,500,400000,0.004999999888241291,30,True,1.6666666269302368,1.0,0.0,0.0,0.0,0.0,1.0,0.0,0.0,0.0,0.0,0.0,0.0,0.0,0.0,1.0,30.0,82.744,82.74400000000003,63,16203,175000,jul-17-2021_1733
1806,0.0,0.0,0.0,0.0,1,0.0,0.0,0.0,0.0,0.0,0.0,0.0,0.0,3.0,0.0,500,400000,0.004999999888241291,30,True,2.0,-1.0,0.0,0.0,0.0,0.0,1.0,0.0,0.0,0.0,0.0,0.0,0.0,0.0,0.0,1.0,30.0,90.396,90.39599999999996,64,36359,285000,jul-17-2021_1733
1807,0.0,0.0,0.0,0.0,1,0.0,0.0,0.0,0.0,0.0,0.0,0.0,0.0,3.0,0.0,500,400000,0.004999999888241291,30,True,2.0,-0.6666666865348816,0.0,0.0,0.0,0.0,1.0,0.0,0.0,0.0,0.0,0.0,0.0,0.0,0.0,0.8,25.923999915599822,161.53333562290914,99.91200000000003,71,105004,399999,jul-17-2021_1734
1808,0.0,0.0,0.0,0.0,1,0.0,0.0,0.0,0.0,0.0,0.0,0.0,0.0,3.0,0.0,500,400000,0.004999999888241291,30,True,2.0,-0.3333333432674408,0.0,0.0,0.0,0.0,1.0,0.0,0.0,0.0,0.0,0.0,0.0,0.0,0.0,1.0,30.0,96.832,96.832,72,32813,345000,jul-17-2021_1734
1809,0.0,0.0,0.0,0.0,1,0.0,0.0,0.0,0.0,0.0,0.0,0.0,0.0,3.0,0.0,500,400000,0.004999999888241291,30,True,2.0,0.0,0.0,0.0,0.0,0.0,1.0,0.0,0.0,0.0,0.0,0.0,0.0,0.0,0.0,1.0,30.0,92.288,92.28800000000001,67,25959,345000,jul-17-2021_1734
1810,0.0,0.0,0.0,0.0,1,0.0,0.0,0.0,0.0,0.0,0.0,0.0,0.0,3.0,0.0,500,400000,0.004999999888241291,30,True,2.0,0.3333333432674408,0.0,0.0,0.0,0.0,1.0,0.0,0.0,0.0,0.0,0.0,0.0,0.0,0.0,1.0,30.0,81.804,81.80399999999997,54,17651,200000,jul-17-2021_1734
1811,0.0,0.0,0.0,0.0,1,0.0,0.0,0.0,0.0,0.0,0.0,0.0,0.0,3.0,0.0,500,400000,0.004999999888241291,30,True,2.0,0.6666666865348816,0.0,0.0,0.0,0.0,1.0,0.0,0.0,0.0,0.0,0.0,0.0,0.0,0.0,1.0,30.0,79.792,79.79200000000003,59,15456,280000,jul-17-2021_1734
1812,0.0,0.0,0.0,0.0,1,0.0,0.0,0.0,0.0,0.0,0.0,0.0,0.0,3.0,0.0,500,400000,0.004999999888241291,30,True,2.0,1.0,0.0,0.0,0.0,0.0,1.0,0.0,0.0,0.0,0.0,0.0,0.0,0.0,0.0,1.0,30.0,75.368,75.36800000000005,56,16558,200000,jul-17-2021_1734
1813,0.0,0.0,0.0,0.0,1,0.0,0.0,0.0,0.0,0.0,0.0,0.0,0.0,3.0,0.0,500,400000,0.004999999888241291,30,True,0.0,-1.0,0.0,0.0,0.0,0.0,1.0,0.0,0.0,0.0,0.0,0.0,0.0,0.0,0.0,1.0,30.0,63.016,63.01599999999996,49,10143,85000,jul-17-2021_1734
1814,0.0,0.0,0.0,0.0,1,0.0,0.0,0.0,0.0,0.0,0.0,0.0,0.0,3.0,0.0,500,400000,0.004999999888241291,30,True,0.0,-0.6666666865348816,0.0,0.0,0.0,0.0,1.0,0.0,0.0,0.0,0.0,0.0,0.0,0.0,0.0,1.0,30.0,75.048,75.048,52,15140,165000,jul-17-2021_1734
1815,0.0,0.0,0.0,0.0,1,0.0,0.0,0.0,0.0,0.0,0.0,0.0,0.0,3.0,0.0,500,400000,0.004999999888241291,30,True,0.0,-0.3333333432674408,0.0,0.0,0.0,0.0,1.0,0.0,0.0,0.0,0.0,0.0,0.0,0.0,0.0,1.0,30.0,55.708,55.70799999999997,50,7836,100000,jul-17-2021_1734
1816,0.0,0.0,0.0,0.0,1,0.0,0.0,0.0,0.0,0.0,0.0,0.0,0.0,3.0,0.0,500,400000,0.004999999888241291,30,True,0.0,0.0,0.0,0.0,0.0,0.0,1.0,0.0,0.0,0.0,0.0,0.0,0.0,0.0,0.0,1.0,30.0,53.5,53.5,49,9944,125000,jul-17-2021_1734
1817,0.0,0.0,0.0,0.0,1,0.0,0.0,0.0,0.0,0.0,0.0,0.0,0.0,3.0,0.0,500,400000,0.004999999888241291,30,True,0.0,0.3333333432674408,0.0,0.0,0.0,0.0,1.0,0.0,0.0,0.0,0.0,0.0,0.0,0.0,0.0,1.0,30.0,50.124,50.124000000000024,51,6778,105000,jul-17-2021_1735
1818,0.0,0.0,0.0,0.0,1,0.0,0.0,0.0,0.0,0.0,0.0,0.0,0.0,3.0,0.0,500,400000,0.004999999888241291,30,True,0.0,0.6666666865348816,0.0,0.0,0.0,0.0,1.0,0.0,0.0,0.0,0.0,0.0,0.0,0.0,0.0,1.0,30.0,36.232,36.23199999999997,44,5198,130000,jul-17-2021_1735
1819,0.0,0.0,0.0,0.0,1,0.0,0.0,0.0,0.0,0.0,0.0,0.0,0.0,3.0,0.0,500,400000,0.004999999888241291,30,True,0.0,1.0,0.0,0.0,0.0,0.0,1.0,0.0,0.0,0.0,0.0,0.0,0.0,0.0,0.0,1.0,30.0,62.116,62.115999999999985,49,9996,160000,jul-17-2021_1735
1820,0.0,0.0,0.0,0.0,1,0.0,0.0,0.0,0.0,0.0,0.0,0.0,0.0,3.0,0.0,500,400000,0.004999999888241291,30,True,0.3333333432674408,-1.0,0.0,0.0,0.0,0.0,1.0,0.0,0.0,0.0,0.0,0.0,0.0,0.0,0.0,1.0,30.0,57.492,57.49199999999996,52,9985,145000,jul-17-2021_1735
1821,0.0,0.0,0.0,0.0,1,0.0,0.0,0.0,0.0,0.0,0.0,0.0,0.0,3.0,0.0,500,400000,0.004999999888241291,30,True,0.3333333432674408,-0.6666666865348816,0.0,0.0,0.0,0.0,1.0,0.0,0.0,0.0,0.0,0.0,0.0,0.0,0.0,1.0,30.0,59.772,59.77200000000005,52,10555,95000,jul-17-2021_1735
1822,0.0,0.0,0.0,0.0,1,0.0,0.0,0.0,0.0,0.0,0.0,0.0,0.0,3.0,0.0,500,400000,0.004999999888241291,30,True,0.3333333432674408,-0.3333333432674408,0.0,0.0,0.0,0.0,1.0,0.0,0.0,0.0,0.0,0.0,0.0,0.0,0.0,1.0,30.0,81.136,81.13599999999997,64,20175,155000,jul-17-2021_1735
1823,0.0,0.0,0.0,0.0,1,0.0,0.0,0.0,0.0,0.0,0.0,0.0,0.0,3.0,0.0,500,400000,0.004999999888241291,30,True,0.3333333432674408,0.0,0.0,0.0,0.0,0.0,1.0,0.0,0.0,0.0,0.0,0.0,0.0,0.0,0.0,1.0,30.0,77.696,77.69600000000003,67,15816,185000,jul-17-2021_1735
1824,0.0,0.0,0.0,0.0,1,0.0,0.0,0.0,0.0,0.0,0.0,0.0,0.0,3.0,0.0,500,400000,0.004999999888241291,30,True,0.3333333432674408,0.3333333432674408,0.0,0.0,0.0,0.0,1.0,0.0,0.0,0.0,0.0,0.0,0.0,0.0,0.0,1.0,30.0,55.096,55.096000000000004,56,10059,110000,jul-17-2021_1735
1825,0.0,0.0,0.0,0.0,1,0.0,0.0,0.0,0.0,0.0,0.0,0.0,0.0,3.0,0.0,500,400000,0.004999999888241291,30,True,0.3333333432674408,0.6666666865348816,0.0,0.0,0.0,0.0,1.0,0.0,0.0,0.0,0.0,0.0,0.0,0.0,0.0,1.0,30.0,66.112,66.11199999999997,53,11778,135000,jul-17-2021_1735
1826,0.0,0.0,0.0,0.0,1,0.0,0.0,0.0,0.0,0.0,0.0,0.0,0.0,3.0,0.0,500,400000,0.004999999888241291,30,True,0.3333333432674408,1.0,0.0,0.0,0.0,0.0,1.0,0.0,0.0,0.0,0.0,0.0,0.0,0.0,0.0,1.0,30.0,63.176,63.176000000000045,55,12518,165000,jul-17-2021_1735
1827,0.0,0.0,0.0,0.0,1,0.0,0.0,0.0,0.0,0.0,0.0,0.0,0.0,3.0,0.0,500,400000,0.004999999888241291,30,True,0.6666666865348816,-1.0,0.0,0.0,0.0,0.0,1.0,0.0,0.0,0.0,0.0,0.0,0.0,0.0,0.0,1.0,30.0,64.848,64.84799999999996,51,12616,150000,jul-17-2021_1735
1828,0.0,0.0,0.0,0.0,1,0.0,0.0,0.0,0.0,0.0,0.0,0.0,0.0,3.0,0.0,500,400000,0.004999999888241291,30,True,0.6666666865348816,-0.6666666865348816,0.0,0.0,0.0,0.0,1.0,0.0,0.0,0.0,0.0,0.0,0.0,0.0,0.0,1.0,30.0,76.036,76.03599999999994,52,12613,125000,jul-17-2021_1735
1829,0.0,0.0,0.0,0.0,1,0.0,0.0,0.0,0.0,0.0,0.0,0.0,0.0,3.0,0.0,500,400000,0.004999999888241291,30,True,0.6666666865348816,-0.3333333432674408,0.0,0.0,0.0,0.0,1.0,0.0,0.0,0.0,0.0,0.0,0.0,0.0,0.0,1.0,30.0,59.812,59.81200000000001,52,10238,205000,jul-17-2021_1735
1830,0.0,0.0,0.0,0.0,1,0.0,0.0,0.0,0.0,0.0,0.0,0.0,0.0,3.0,0.0,500,400000,0.004999999888241291,30,True,0.6666666865348816,0.0,0.0,0.0,0.0,0.0,1.0,0.0,0.0,0.0,0.0,0.0,0.0,0.0,0.0,1.0,30.0,60.536,60.535999999999945,57,11688,165000,jul-17-2021_1735
1831,0.0,0.0,0.0,0.0,1,0.0,0.0,0.0,0.0,0.0,0.0,0.0,0.0,3.0,0.0,500,400000,0.004999999888241291,30,True,0.6666666865348816,0.3333333432674408,0.0,0.0,0.0,0.0,1.0,0.0,0.0,0.0,0.0,0.0,0.0,0.0,0.0,1.0,30.0,62.888,62.888000000000034,51,12512,115000,jul-17-2021_1735
1832,0.0,0.0,0.0,0.0,1,0.0,0.0,0.0,0.0,0.0,0.0,0.0,0.0,3.0,0.0,500,400000,0.004999999888241291,30,True,0.6666666865348816,0.6666666865348816,0.0,0.0,0.0,0.0,1.0,0.0,0.0,0.0,0.0,0.0,0.0,0.0,0.0,1.0,30.0,71.076,71.07600000000002,50,11479,125000,jul-17-2021_1735
1833,0.0,0.0,0.0,0.0,1,0.0,0.0,0.0,0.0,0.0,0.0,0.0,0.0,3.0,0.0,500,400000,0.004999999888241291,30,True,0.6666666865348816,1.0,0.0,0.0,0.0,0.0,1.0,0.0,0.0,0.0,0.0,0.0,0.0,0.0,0.0,1.0,30.0,69.4,69.39999999999998,51,13029,115000,jul-17-2021_1736
1834,0.0,0.0,0.0,0.0,1,0.0,0.0,0.0,0.0,0.0,0.0,0.0,0.0,3.0,0.0,500,400000,0.004999999888241291,30,True,1.0,-1.0,0.0,0.0,0.0,0.0,1.0,0.0,0.0,0.0,0.0,0.0,0.0,0.0,0.0,1.0,30.0,90.248,90.24800000000005,53,18695,170000,jul-17-2021_1736
1835,0.0,0.0,0.0,0.0,1,0.0,0.0,0.0,0.0,0.0,0.0,0.0,0.0,3.0,0.0,500,400000,0.004999999888241291,30,True,1.0,-0.6666666865348816,0.0,0.0,0.0,0.0,1.0,0.0,0.0,0.0,0.0,0.0,0.0,0.0,0.0,1.0,30.0,88.06,88.05999999999995,60,31724,240000,jul-17-2021_1736
1836,0.0,0.0,0.0,0.0,1,0.0,0.0,0.0,0.0,0.0,0.0,0.0,0.0,3.0,0.0,500,400000,0.004999999888241291,30,True,1.0,-0.3333333432674408,0.0,0.0,0.0,0.0,1.0,0.0,0.0,0.0,0.0,0.0,0.0,0.0,0.0,1.0,30.0,86.836,86.83600000000001,58,25218,310000,jul-17-2021_1736
1837,0.0,0.0,0.0,0.0,1,0.0,0.0,0.0,0.0,0.0,0.0,0.0,0.0,3.0,0.0,500,400000,0.004999999888241291,30,True,1.0,0.0,0.0,0.0,0.0,0.0,1.0,0.0,0.0,0.0,0.0,0.0,0.0,0.0,0.0,1.0,30.0,68.028,68.02800000000002,53,11275,145000,jul-17-2021_1736
1838,0.0,0.0,0.0,0.0,1,0.0,0.0,0.0,0.0,0.0,0.0,0.0,0.0,3.0,0.0,500,400000,0.004999999888241291,30,True,1.0,0.3333333432674408,0.0,0.0,0.0,0.0,1.0,0.0,0.0,0.0,0.0,0.0,0.0,0.0,0.0,1.0,30.0,73.972,73.97199999999998,55,22569,210000,jul-17-2021_1736
1839,0.0,0.0,0.0,0.0,1,0.0,0.0,0.0,0.0,0.0,0.0,0.0,0.0,3.0,0.0,500,400000,0.004999999888241291,30,True,1.0,0.6666666865348816,0.0,0.0,0.0,0.0,1.0,0.0,0.0,0.0,0.0,0.0,0.0,0.0,0.0,1.0,30.0,70.956,70.95600000000002,53,11168,130000,jul-17-2021_1736
1840,0.0,0.0,0.0,0.0,1,0.0,0.0,0.0,0.0,0.0,0.0,0.0,0.0,3.0,0.0,500,400000,0.004999999888241291,30,True,1.0,1.0,0.0,0.0,0.0,0.0,1.0,0.0,0.0,0.0,0.0,0.0,0.0,0.0,0.0,1.0,30.0,68.052,68.05200000000002,55,14666,240000,jul-17-2021_1736
1841,0.0,0.0,0.0,0.0,1,0.0,0.0,0.0,0.0,0.0,0.0,0.0,0.0,3.0,0.0,500,400000,0.004999999888241291,30,True,1.3333333730697632,-1.0,0.0,0.0,0.0,0.0,1.0,0.0,0.0,0.0,0.0,0.0,0.0,0.0,0.0,1.0,30.0,74.152,74.15200000000004,59,16317,195000,jul-17-2021_1736
1842,0.0,0.0,0.0,0.0,1,0.0,0.0,0.0,0.0,0.0,0.0,0.0,0.0,3.0,0.0,500,400000,0.004999999888241291,30,True,1.3333333730697632,-0.6666666865348816,0.0,0.0,0.0,0.0,1.0,0.0,0.0,0.0,0.0,0.0,0.0,0.0,0.0,1.0,30.0,68.76,68.75999999999999,54,14910,210000,jul-17-2021_1736
1843,0.0,0.0,0.0,0.0,1,0.0,0.0,0.0,0.0,0.0,0.0,0.0,0.0,3.0,0.0,500,400000,0.004999999888241291,30,True,1.3333333730697632,-0.3333333432674408,0.0,0.0,0.0,0.0,1.0,0.0,0.0,0.0,0.0,0.0,0.0,0.0,0.0,1.0,30.0,65.82,65.82000000000005,51,11017,210000,jul-17-2021_1736
1844,0.0,0.0,0.0,0.0,1,0.0,0.0,0.0,0.0,0.0,0.0,0.0,0.0,3.0,0.0,500,400000,0.004999999888241291,30,True,1.3333333730697632,0.0,0.0,0.0,0.0,0.0,1.0,0.0,0.0,0.0,0.0,0.0,0.0,0.0,0.0,1.0,30.0,65.124,65.12400000000002,49,10866,155000,jul-17-2021_1737
1845,0.0,0.0,0.0,0.0,1,0.0,0.0,0.0,0.0,0.0,0.0,0.0,0.0,3.0,0.0,500,400000,0.004999999888241291,30,True,1.3333333730697632,0.3333333432674408,0.0,0.0,0.0,0.0,1.0,0.0,0.0,0.0,0.0,0.0,0.0,0.0,0.0,1.0,30.0,79.44,79.44000000000005,61,16122,205000,jul-17-2021_1737
1846,0.0,0.0,0.0,0.0,1,0.0,0.0,0.0,0.0,0.0,0.0,0.0,0.0,3.0,0.0,500,400000,0.004999999888241291,30,True,1.3333333730697632,0.6666666865348816,0.0,0.0,0.0,0.0,1.0,0.0,0.0,0.0,0.0,0.0,0.0,0.0,0.0,1.0,30.0,86.34,86.34000000000003,64,17234,210000,jul-17-2021_1737
1847,0.0,0.0,0.0,0.0,1,0.0,0.0,0.0,0.0,0.0,0.0,0.0,0.0,3.0,0.0,500,400000,0.004999999888241291,30,True,1.3333333730697632,1.0,0.0,0.0,0.0,0.0,1.0,0.0,0.0,0.0,0.0,0.0,0.0,0.0,0.0,1.0,30.0,61.144,61.144000000000005,51,13357,135000,jul-17-2021_1737
1848,0.0,0.0,0.0,0.0,1,0.0,0.0,0.0,0.0,0.0,0.0,0.0,0.0,3.0,0.0,500,400000,0.004999999888241291,30,True,1.6666666269302368,-1.0,0.0,0.0,0.0,0.0,1.0,0.0,0.0,0.0,0.0,0.0,0.0,0.0,0.0,1.0,30.0,98.708,98.70799999999997,63,49458,360000,jul-17-2021_1737
1849,0.0,0.0,0.0,0.0,1,0.0,0.0,0.0,0.0,0.0,0.0,0.0,0.0,3.0,0.0,500,400000,0.004999999888241291,30,True,1.6666666269302368,-0.6666666865348816,0.0,0.0,0.0,0.0,1.0,0.0,0.0,0.0,0.0,0.0,0.0,0.0,0.0,1.0,30.0,84.232,84.23199999999997,62,22435,195000,jul-17-2021_1737
1850,0.0,0.0,0.0,0.0,1,0.0,0.0,0.0,0.0,0.0,0.0,0.0,0.0,3.0,0.0,500,400000,0.004999999888241291,30,True,1.6666666269302368,-0.3333333432674408,0.0,0.0,0.0,0.0,1.0,0.0,0.0,0.0,0.0,0.0,0.0,0.0,0.0,1.0,30.0,87.92,87.91999999999996,63,24549,200000,jul-17-2021_1737
1851,0.0,0.0,0.0,0.0,1,0.0,0.0,0.0,0.0,0.0,0.0,0.0,0.0,3.0,0.0,500,400000,0.004999999888241291,30,True,1.6666666269302368,0.0,0.0,0.0,0.0,0.0,1.0,0.0,0.0,0.0,0.0,0.0,0.0,0.0,0.0,1.0,30.0,68.66,68.65999999999997,57,13358,145000,jul-17-2021_1737
1852,0.0,0.0,0.0,0.0,1,0.0,0.0,0.0,0.0,0.0,0.0,0.0,0.0,3.0,0.0,500,400000,0.004999999888241291,30,True,1.6666666269302368,0.3333333432674408,0.0,0.0,0.0,0.0,1.0,0.0,0.0,0.0,0.0,0.0,0.0,0.0,0.0,1.0,30.0,99.976,99.976,71,24718,345000,jul-17-2021_1737
1853,0.0,0.0,0.0,0.0,1,0.0,0.0,0.0,0.0,0.0,0.0,0.0,0.0,3.0,0.0,500,400000,0.004999999888241291,30,True,1.6666666269302368,0.6666666865348816,0.0,0.0,0.0,0.0,1.0,0.0,0.0,0.0,0.0,0.0,0.0,0.0,0.0,1.0,30.0,73.852,73.85199999999998,53,16895,240000,jul-17-2021_1738
1854,0.0,0.0,0.0,0.0,1,0.0,0.0,0.0,0.0,0.0,0.0,0.0,0.0,3.0,0.0,500,400000,0.004999999888241291,30,True,1.6666666269302368,1.0,0.0,0.0,0.0,0.0,1.0,0.0,0.0,0.0,0.0,0.0,0.0,0.0,0.0,1.0,30.0,77.88,77.88,61,13526,265000,jul-17-2021_1738
1855,0.0,0.0,0.0,0.0,1,0.0,0.0,0.0,0.0,0.0,0.0,0.0,0.0,3.0,0.0,500,400000,0.004999999888241291,30,True,2.0,-1.0,0.0,0.0,0.0,0.0,1.0,0.0,0.0,0.0,0.0,0.0,0.0,0.0,0.0,0.822,25.192,154.635136,95.356,61,118231,399999,jul-17-2021_1738
1856,0.0,0.0,0.0,0.0,1,0.0,0.0,0.0,0.0,0.0,0.0,0.0,0.0,3.0,0.0,500,400000,0.004999999888241291,30,True,2.0,-0.6666666865348816,0.0,0.0,0.0,0.0,1.0,0.0,0.0,0.0,0.0,0.0,0.0,0.0,0.0,1.0,30.0,94.376,94.37599999999998,69,63022,350000,jul-17-2021_1738
1857,0.0,0.0,0.0,0.0,1,0.0,0.0,0.0,0.0,0.0,0.0,0.0,0.0,3.0,0.0,500,400000,0.004999999888241291,30,True,2.0,-0.3333333432674408,0.0,0.0,0.0,0.0,1.0,0.0,0.0,0.0,0.0,0.0,0.0,0.0,0.0,0.788,27.33999995684624,122.58528908152367,81.61199999999997,63,39835,399999,jul-17-2021_1738
1858,0.0,0.0,0.0,0.0,1,0.0,0.0,0.0,0.0,0.0,0.0,0.0,0.0,3.0,0.0,500,400000,0.004999999888241291,30,True,2.0,0.0,0.0,0.0,0.0,0.0,1.0,0.0,0.0,0.0,0.0,0.0,0.0,0.0,0.0,1.0,30.0,68.552,68.55200000000002,54,13832,155000,jul-17-2021_1738
1859,0.0,0.0,0.0,0.0,1,0.0,0.0,0.0,0.0,0.0,0.0,0.0,0.0,3.0,0.0,500,400000,0.004999999888241291,30,True,2.0,0.3333333432674408,0.0,0.0,0.0,0.0,1.0,0.0,0.0,0.0,0.0,0.0,0.0,0.0,0.0,1.0,30.0,90.936,90.93600000000004,58,22811,325000,jul-17-2021_1739
1860,0.0,0.0,0.0,0.0,1,0.0,0.0,0.0,0.0,0.0,0.0,0.0,0.0,3.0,0.0,500,400000,0.004999999888241291,30,True,2.0,0.6666666865348816,0.0,0.0,0.0,0.0,1.0,0.0,0.0,0.0,0.0,0.0,0.0,0.0,0.0,1.0,30.0,91.336,91.33600000000001,59,19782,235000,jul-17-2021_1739
1861,0.0,0.0,0.0,0.0,1,0.0,0.0,0.0,0.0,0.0,0.0,0.0,0.0,3.0,0.0,500,400000,0.004999999888241291,30,True,2.0,1.0,0.0,0.0,0.0,0.0,1.0,0.0,0.0,0.0,0.0,0.0,0.0,0.0,0.0,1.0,30.0,67.7,67.70000000000005,56,11492,135000,jul-17-2021_1739
1862,0.0,0.0,0.0,0.0,1,0.0,0.0,0.0,0.0,0.0,0.0,0.0,0.0,3.0,0.0,500,400000,0.004999999888241291,30,True,0.0,-1.0,0.0,0.0,0.0,0.0,1.0,0.0,0.0,0.0,0.0,0.0,0.0,0.0,0.0,1.0,30.0,63.308,63.30799999999999,50,10711,125000,jul-17-2021_1739
1863,0.0,0.0,0.0,0.0,1,0.0,0.0,0.0,0.0,0.0,0.0,0.0,0.0,3.0,0.0,500,400000,0.004999999888241291,30,True,0.0,-0.6666666865348816,0.0,0.0,0.0,0.0,1.0,0.0,0.0,0.0,0.0,0.0,0.0,0.0,0.0,1.0,30.0,62.388,62.388000000000034,47,9518,100000,jul-17-2021_1739
1864,0.0,0.0,0.0,0.0,1,0.0,0.0,0.0,0.0,0.0,0.0,0.0,0.0,3.0,0.0,500,400000,0.004999999888241291,30,True,0.0,-0.3333333432674408,0.0,0.0,0.0,0.0,1.0,0.0,0.0,0.0,0.0,0.0,0.0,0.0,0.0,1.0,30.0,59.312,59.31200000000001,52,10441,140000,jul-17-2021_1739
1865,0.0,0.0,0.0,0.0,1,0.0,0.0,0.0,0.0,0.0,0.0,0.0,0.0,3.0,0.0,500,400000,0.004999999888241291,30,True,0.0,0.0,0.0,0.0,0.0,0.0,1.0,0.0,0.0,0.0,0.0,0.0,0.0,0.0,0.0,1.0,30.0,66.044,66.04399999999998,56,12127,155000,jul-17-2021_1739
1866,0.0,0.0,0.0,0.0,1,0.0,0.0,0.0,0.0,0.0,0.0,0.0,0.0,3.0,0.0,500,400000,0.004999999888241291,30,True,0.0,0.3333333432674408,0.0,0.0,0.0,0.0,1.0,0.0,0.0,0.0,0.0,0.0,0.0,0.0,0.0,1.0,30.0,55.08,55.08000000000004,48,8943,160000,jul-17-2021_1739
1867,0.0,0.0,0.0,0.0,1,0.0,0.0,0.0,0.0,0.0,0.0,0.0,0.0,3.0,0.0,500,400000,0.004999999888241291,30,True,0.0,0.6666666865348816,0.0,0.0,0.0,0.0,1.0,0.0,0.0,0.0,0.0,0.0,0.0,0.0,0.0,1.0,30.0,67.728,67.72799999999995,55,16224,170000,jul-17-2021_1739
1868,0.0,0.0,0.0,0.0,1,0.0,0.0,0.0,0.0,0.0,0.0,0.0,0.0,3.0,0.0,500,400000,0.004999999888241291,30,True,0.0,1.0,0.0,0.0,0.0,0.0,1.0,0.0,0.0,0.0,0.0,0.0,0.0,0.0,0.0,1.0,30.0,55.292,55.29200000000003,52,10616,110000,jul-17-2021_1739
1869,0.0,0.0,0.0,0.0,1,0.0,0.0,0.0,0.0,0.0,0.0,0.0,0.0,3.0,0.0,500,400000,0.004999999888241291,30,True,0.3333333432674408,-1.0,0.0,0.0,0.0,0.0,1.0,0.0,0.0,0.0,0.0,0.0,0.0,0.0,0.0,1.0,30.0,62.156,62.15599999999995,49,12681,145000,jul-17-2021_1739
1870,0.0,0.0,0.0,0.0,1,0.0,0.0,0.0,0.0,0.0,0.0,0.0,0.0,3.0,0.0,500,400000,0.004999999888241291,30,True,0.3333333432674408,-0.6666666865348816,0.0,0.0,0.0,0.0,1.0,0.0,0.0,0.0,0.0,0.0,0.0,0.0,0.0,1.0,30.0,76.884,76.88400000000001,56,18412,185000,jul-17-2021_1739
1871,0.0,0.0,0.0,0.0,1,0.0,0.0,0.0,0.0,0.0,0.0,0.0,0.0,3.0,0.0,500,400000,0.004999999888241291,30,True,0.3333333432674408,-0.3333333432674408,0.0,0.0,0.0,0.0,1.0,0.0,0.0,0.0,0.0,0.0,0.0,0.0,0.0,1.0,30.0,66.104,66.10400000000004,60,12284,135000,jul-17-2021_1739
1872,0.0,0.0,0.0,0.0,1,0.0,0.0,0.0,0.0,0.0,0.0,0.0,0.0,3.0,0.0,500,400000,0.004999999888241291,30,True,0.3333333432674408,0.0,0.0,0.0,0.0,0.0,1.0,0.0,0.0,0.0,0.0,0.0,0.0,0.0,0.0,1.0,30.0,57.304,57.303999999999974,48,9378,155000,jul-17-2021_1739
1873,0.0,0.0,0.0,0.0,1,0.0,0.0,0.0,0.0,0.0,0.0,0.0,0.0,3.0,0.0,500,400000,0.004999999888241291,30,True,0.3333333432674408,0.3333333432674408,0.0,0.0,0.0,0.0,1.0,0.0,0.0,0.0,0.0,0.0,0.0,0.0,0.0,1.0,30.0,51.516,51.51599999999996,49,8188,100000,jul-17-2021_1739
1874,0.0,0.0,0.0,0.0,1,0.0,0.0,0.0,0.0,0.0,0.0,0.0,0.0,3.0,0.0,500,400000,0.004999999888241291,30,True,0.3333333432674408,0.6666666865348816,0.0,0.0,0.0,0.0,1.0,0.0,0.0,0.0,0.0,0.0,0.0,0.0,0.0,1.0,30.0,69.604,69.60400000000004,57,11080,155000,jul-17-2021_1740
1875,0.0,0.0,0.0,0.0,1,0.0,0.0,0.0,0.0,0.0,0.0,0.0,0.0,3.0,0.0,500,400000,0.004999999888241291,30,True,0.3333333432674408,1.0,0.0,0.0,0.0,0.0,1.0,0.0,0.0,0.0,0.0,0.0,0.0,0.0,0.0,1.0,30.0,63.648,63.648000000000025,50,11722,140000,jul-17-2021_1740
1876,0.0,0.0,0.0,0.0,1,0.0,0.0,0.0,0.0,0.0,0.0,0.0,0.0,3.0,0.0,500,400000,0.004999999888241291,30,True,0.6666666865348816,-1.0,0.0,0.0,0.0,0.0,1.0,0.0,0.0,0.0,0.0,0.0,0.0,0.0,0.0,1.0,30.0,75.048,75.048,53,16634,160000,jul-17-2021_1740
1877,0.0,0.0,0.0,0.0,1,0.0,0.0,0.0,0.0,0.0,0.0,0.0,0.0,3.0,0.0,500,400000,0.004999999888241291,30,True,0.6666666865348816,-0.6666666865348816,0.0,0.0,0.0,0.0,1.0,0.0,0.0,0.0,0.0,0.0,0.0,0.0,0.0,1.0,30.0,79.32,79.32000000000005,62,14395,175000,jul-17-2021_1740
1878,0.0,0.0,0.0,0.0,1,0.0,0.0,0.0,0.0,0.0,0.0,0.0,0.0,3.0,0.0,500,400000,0.004999999888241291,30,True,0.6666666865348816,-0.3333333432674408,0.0,0.0,0.0,0.0,1.0,0.0,0.0,0.0,0.0,0.0,0.0,0.0,0.0,1.0,30.0,83.44,83.44000000000005,59,20787,235000,jul-17-2021_1740
1879,0.0,0.0,0.0,0.0,1,0.0,0.0,0.0,0.0,0.0,0.0,0.0,0.0,3.0,0.0,500,400000,0.004999999888241291,30,True,0.6666666865348816,0.0,0.0,0.0,0.0,0.0,1.0,0.0,0.0,0.0,0.0,0.0,0.0,0.0,0.0,1.0,30.0,66.788,66.78800000000001,51,9856,150000,jul-17-2021_1740
1880,0.0,0.0,0.0,0.0,1,0.0,0.0,0.0,0.0,0.0,0.0,0.0,0.0,3.0,0.0,500,400000,0.004999999888241291,30,True,0.6666666865348816,0.3333333432674408,0.0,0.0,0.0,0.0,1.0,0.0,0.0,0.0,0.0,0.0,0.0,0.0,0.0,1.0,30.0,70.248,70.24800000000005,57,14694,165000,jul-17-2021_1740
1881,0.0,0.0,0.0,0.0,1,0.0,0.0,0.0,0.0,0.0,0.0,0.0,0.0,3.0,0.0,500,400000,0.004999999888241291,30,True,0.6666666865348816,0.6666666865348816,0.0,0.0,0.0,0.0,1.0,0.0,0.0,0.0,0.0,0.0,0.0,0.0,0.0,1.0,30.0,58.944,58.94399999999996,52,9390,110000,jul-17-2021_1740
1882,0.0,0.0,0.0,0.0,1,0.0,0.0,0.0,0.0,0.0,0.0,0.0,0.0,3.0,0.0,500,400000,0.004999999888241291,30,True,0.6666666865348816,1.0,0.0,0.0,0.0,0.0,1.0,0.0,0.0,0.0,0.0,0.0,0.0,0.0,0.0,1.0,30.0,57.256,57.25599999999997,52,8501,155000,jul-17-2021_1740
1883,0.0,0.0,0.0,0.0,1,0.0,0.0,0.0,0.0,0.0,0.0,0.0,0.0,3.0,0.0,500,400000,0.004999999888241291,30,True,1.0,-1.0,0.0,0.0,0.0,0.0,1.0,0.0,0.0,0.0,0.0,0.0,0.0,0.0,0.0,1.0,30.0,68.612,68.61199999999997,51,10514,215000,jul-17-2021_1740
1884,0.0,0.0,0.0,0.0,1,0.0,0.0,0.0,0.0,0.0,0.0,0.0,0.0,3.0,0.0,500,400000,0.004999999888241291,30,True,1.0,-0.6666666865348816,0.0,0.0,0.0,0.0,1.0,0.0,0.0,0.0,0.0,0.0,0.0,0.0,0.0,1.0,30.0,102.912,102.91200000000003,63,28531,275000,jul-17-2021_1740
1885,0.0,0.0,0.0,0.0,1,0.0,0.0,0.0,0.0,0.0,0.0,0.0,0.0,3.0,0.0,500,400000,0.004999999888241291,30,True,1.0,-0.3333333432674408,0.0,0.0,0.0,0.0,1.0,0.0,0.0,0.0,0.0,0.0,0.0,0.0,0.0,1.0,30.0,82.792,82.79200000000003,64,24756,320000,jul-17-2021_1741
1886,0.0,0.0,0.0,0.0,1,0.0,0.0,0.0,0.0,0.0,0.0,0.0,0.0,3.0,0.0,500,400000,0.004999999888241291,30,True,1.0,0.0,0.0,0.0,0.0,0.0,1.0,0.0,0.0,0.0,0.0,0.0,0.0,0.0,0.0,1.0,30.0,71.784,71.78399999999999,53,13953,150000,jul-17-2021_1741
1887,0.0,0.0,0.0,0.0,1,0.0,0.0,0.0,0.0,0.0,0.0,0.0,0.0,3.0,0.0,500,400000,0.004999999888241291,30,True,1.0,0.3333333432674408,0.0,0.0,0.0,0.0,1.0,0.0,0.0,0.0,0.0,0.0,0.0,0.0,0.0,1.0,30.0,59.54,59.539999999999964,51,9702,140000,jul-17-2021_1741
1888,0.0,0.0,0.0,0.0,1,0.0,0.0,0.0,0.0,0.0,0.0,0.0,0.0,3.0,0.0,500,400000,0.004999999888241291,30,True,1.0,0.6666666865348816,0.0,0.0,0.0,0.0,1.0,0.0,0.0,0.0,0.0,0.0,0.0,0.0,0.0,1.0,30.0,76.644,76.644,54,15667,200000,jul-17-2021_1741
1889,0.0,0.0,0.0,0.0,1,0.0,0.0,0.0,0.0,0.0,0.0,0.0,0.0,3.0,0.0,500,400000,0.004999999888241291,30,True,1.0,1.0,0.0,0.0,0.0,0.0,1.0,0.0,0.0,0.0,0.0,0.0,0.0,0.0,0.0,1.0,30.0,59.108,59.10799999999995,50,9482,170000,jul-17-2021_1741
1890,0.0,0.0,0.0,0.0,1,0.0,0.0,0.0,0.0,0.0,0.0,0.0,0.0,3.0,0.0,500,400000,0.004999999888241291,30,True,1.3333333730697632,-1.0,0.0,0.0,0.0,0.0,1.0,0.0,0.0,0.0,0.0,0.0,0.0,0.0,0.0,1.0,30.0,80.092,80.09199999999998,56,13926,185000,jul-17-2021_1741
1891,0.0,0.0,0.0,0.0,1,0.0,0.0,0.0,0.0,0.0,0.0,0.0,0.0,3.0,0.0,500,400000,0.004999999888241291,30,True,1.3333333730697632,-0.6666666865348816,0.0,0.0,0.0,0.0,1.0,0.0,0.0,0.0,0.0,0.0,0.0,0.0,0.0,1.0,30.0,80.0,80.0,54,17319,140000,jul-17-2021_1741
1892,0.0,0.0,0.0,0.0,1,0.0,0.0,0.0,0.0,0.0,0.0,0.0,0.0,3.0,0.0,500,400000,0.004999999888241291,30,True,1.3333333730697632,-0.3333333432674408,0.0,0.0,0.0,0.0,1.0,0.0,0.0,0.0,0.0,0.0,0.0,0.0,0.0,0.916,27.876000055670737,85.96240242079732,99.46000000000004,63,58438,399999,jul-17-2021_1741
1893,0.0,0.0,0.0,0.0,1,0.0,0.0,0.0,0.0,0.0,0.0,0.0,0.0,3.0,0.0,500,400000,0.004999999888241291,30,True,1.3333333730697632,0.0,0.0,0.0,0.0,0.0,1.0,0.0,0.0,0.0,0.0,0.0,0.0,0.0,0.0,1.0,30.0,68.008,68.00800000000004,53,10435,235000,jul-17-2021_1741
1894,0.0,0.0,0.0,0.0,1,0.0,0.0,0.0,0.0,0.0,0.0,0.0,0.0,3.0,0.0,500,400000,0.004999999888241291,30,True,1.3333333730697632,0.3333333432674408,0.0,0.0,0.0,0.0,1.0,0.0,0.0,0.0,0.0,0.0,0.0,0.0,0.0,1.0,30.0,81.648,81.64800000000002,59,20747,165000,jul-17-2021_1741
1895,0.0,0.0,0.0,0.0,1,0.0,0.0,0.0,0.0,0.0,0.0,0.0,0.0,3.0,0.0,500,400000,0.004999999888241291,30,True,1.3333333730697632,0.6666666865348816,0.0,0.0,0.0,0.0,1.0,0.0,0.0,0.0,0.0,0.0,0.0,0.0,0.0,1.0,30.0,58.04,58.039999999999964,51,8835,190000,jul-17-2021_1741
1896,0.0,0.0,0.0,0.0,1,0.0,0.0,0.0,0.0,0.0,0.0,0.0,0.0,3.0,0.0,500,400000,0.004999999888241291,30,True,1.3333333730697632,1.0,0.0,0.0,0.0,0.0,1.0,0.0,0.0,0.0,0.0,0.0,0.0,0.0,0.0,1.0,30.0,55.58,55.58000000000004,49,7463,115000,jul-17-2021_1742
1897,0.0,0.0,0.0,0.0,1,0.0,0.0,0.0,0.0,0.0,0.0,0.0,0.0,3.0,0.0,500,400000,0.004999999888241291,30,True,1.6666666269302368,-1.0,0.0,0.0,0.0,0.0,1.0,0.0,0.0,0.0,0.0,0.0,0.0,0.0,0.0,1.0,30.0,87.684,87.68399999999997,60,35956,360000,jul-17-2021_1742
1898,0.0,0.0,0.0,0.0,1,0.0,0.0,0.0,0.0,0.0,0.0,0.0,0.0,3.0,0.0,500,400000,0.004999999888241291,30,True,1.6666666269302368,-0.6666666865348816,0.0,0.0,0.0,0.0,1.0,0.0,0.0,0.0,0.0,0.0,0.0,0.0,0.0,1.0,30.0,87.66,87.65999999999997,63,20663,225000,jul-17-2021_1742
1899,0.0,0.0,0.0,0.0,1,0.0,0.0,0.0,0.0,0.0,0.0,0.0,0.0,3.0,0.0,500,400000,0.004999999888241291,30,True,1.6666666269302368,-0.3333333432674408,0.0,0.0,0.0,0.0,1.0,0.0,0.0,0.0,0.0,0.0,0.0,0.0,0.0,1.0,30.0,70.24,70.24000000000001,54,12663,160000,jul-17-2021_1742
1900,0.0,0.0,0.0,0.0,1,0.0,0.0,0.0,0.0,0.0,0.0,0.0,0.0,3.0,0.0,500,400000,0.004999999888241291,30,True,1.6666666269302368,0.0,0.0,0.0,0.0,0.0,1.0,0.0,0.0,0.0,0.0,0.0,0.0,0.0,0.0,1.0,30.0,96.004,96.00400000000002,65,29148,360000,jul-17-2021_1742
1901,0.0,0.0,0.0,0.0,1,0.0,0.0,0.0,0.0,0.0,0.0,0.0,0.0,3.0,0.0,500,400000,0.004999999888241291,30,True,1.6666666269302368,0.3333333432674408,0.0,0.0,0.0,0.0,1.0,0.0,0.0,0.0,0.0,0.0,0.0,0.0,0.0,1.0,30.0,79.38,79.38,57,16869,195000,jul-17-2021_1742
1902,0.0,0.0,0.0,0.0,1,0.0,0.0,0.0,0.0,0.0,0.0,0.0,0.0,3.0,0.0,500,400000,0.004999999888241291,30,True,1.6666666269302368,0.6666666865348816,0.0,0.0,0.0,0.0,1.0,0.0,0.0,0.0,0.0,0.0,0.0,0.0,0.0,1.0,30.0,75.7,75.70000000000005,56,14677,225000,jul-17-2021_1742
1903,0.0,0.0,0.0,0.0,1,0.0,0.0,0.0,0.0,0.0,0.0,0.0,0.0,3.0,0.0,500,400000,0.004999999888241291,30,True,1.6666666269302368,1.0,0.0,0.0,0.0,0.0,1.0,0.0,0.0,0.0,0.0,0.0,0.0,0.0,0.0,1.0,30.0,78.032,78.03200000000004,56,16276,180000,jul-17-2021_1742
1904,0.0,0.0,0.0,0.0,1,0.0,0.0,0.0,0.0,0.0,0.0,0.0,0.0,3.0,0.0,500,400000,0.004999999888241291,30,True,2.0,-1.0,0.0,0.0,0.0,0.0,1.0,0.0,0.0,0.0,0.0,0.0,0.0,0.0,0.0,0.97,29.208,107.35273600000001,103.58000000000004,75,82277,399999,jul-17-2021_1743
1905,0.0,0.0,0.0,0.0,1,0.0,0.0,0.0,0.0,0.0,0.0,0.0,0.0,3.0,0.0,500,400000,0.004999999888241291,30,True,2.0,-0.6666666865348816,0.0,0.0,0.0,0.0,1.0,0.0,0.0,0.0,0.0,0.0,0.0,0.0,0.0,0.94,28.950666639924048,113.36245509191566,100.91600000000005,78,67587,399999,jul-17-2021_1743
1906,0.0,0.0,0.0,0.0,1,0.0,0.0,0.0,0.0,0.0,0.0,0.0,0.0,3.0,0.0,500,400000,0.004999999888241291,30,True,2.0,-0.3333333432674408,0.0,0.0,0.0,0.0,1.0,0.0,0.0,0.0,0.0,0.0,0.0,0.0,0.0,1.0,30.0,94.296,94.29600000000005,66,29912,335000,jul-17-2021_1743
1907,0.0,0.0,0.0,0.0,1,0.0,0.0,0.0,0.0,0.0,0.0,0.0,0.0,3.0,0.0,500,400000,0.004999999888241291,30,True,2.0,0.0,0.0,0.0,0.0,0.0,1.0,0.0,0.0,0.0,0.0,0.0,0.0,0.0,0.0,1.0,30.0,85.288,85.28800000000001,56,16825,240000,jul-17-2021_1743
1908,0.0,0.0,0.0,0.0,1,0.0,0.0,0.0,0.0,0.0,0.0,0.0,0.0,3.0,0.0,500,400000,0.004999999888241291,30,True,2.0,0.3333333432674408,0.0,0.0,0.0,0.0,1.0,0.0,0.0,0.0,0.0,0.0,0.0,0.0,0.0,1.0,30.0,83.592,83.59199999999998,57,32259,260000,jul-17-2021_1743
1909,0.0,0.0,0.0,0.0,1,0.0,0.0,0.0,0.0,0.0,0.0,0.0,0.0,3.0,0.0,500,400000,0.004999999888241291,30,True,2.0,0.6666666865348816,0.0,0.0,0.0,0.0,1.0,0.0,0.0,0.0,0.0,0.0,0.0,0.0,0.0,1.0,30.0,101.892,101.89200000000005,60,26055,399999,jul-17-2021_1743
1910,0.0,0.0,0.0,0.0,1,0.0,0.0,0.0,0.0,0.0,0.0,0.0,0.0,3.0,0.0,500,400000,0.004999999888241291,30,True,2.0,1.0,0.0,0.0,0.0,0.0,1.0,0.0,0.0,0.0,0.0,0.0,0.0,0.0,0.0,1.0,30.0,86.644,86.644,58,22988,300000,jul-17-2021_1744
1911,0.0,0.0,0.0,0.0,1,0.0,0.0,0.0,0.0,0.0,0.0,0.0,0.0,3.0,0.0,500,400000,0.004999999888241291,30,True,0.0,-1.0,0.0,0.0,0.0,0.0,1.0,0.0,0.0,0.0,0.0,0.0,0.0,0.0,0.0,1.0,30.0,59.32,59.32000000000005,50,8461,130000,jul-17-2021_1744
1912,0.0,0.0,0.0,0.0,1,0.0,0.0,0.0,0.0,0.0,0.0,0.0,0.0,3.0,0.0,500,400000,0.004999999888241291,30,True,0.0,-0.6666666865348816,0.0,0.0,0.0,0.0,1.0,0.0,0.0,0.0,0.0,0.0,0.0,0.0,0.0,1.0,30.0,56.816,56.81600000000003,53,10804,150000,jul-17-2021_1744
1913,0.0,0.0,0.0,0.0,1,0.0,0.0,0.0,0.0,0.0,0.0,0.0,0.0,3.0,0.0,500,400000,0.004999999888241291,30,True,0.0,-0.3333333432674408,0.0,0.0,0.0,0.0,1.0,0.0,0.0,0.0,0.0,0.0,0.0,0.0,0.0,1.0,30.0,58.956,58.95600000000002,50,10146,175000,jul-17-2021_1744
1914,0.0,0.0,0.0,0.0,1,0.0,0.0,0.0,0.0,0.0,0.0,0.0,0.0,3.0,0.0,500,400000,0.004999999888241291,30,True,0.0,0.0,0.0,0.0,0.0,0.0,1.0,0.0,0.0,0.0,0.0,0.0,0.0,0.0,0.0,1.0,30.0,51.856,51.855999999999995,49,8222,150000,jul-17-2021_1744
1915,0.0,0.0,0.0,0.0,1,0.0,0.0,0.0,0.0,0.0,0.0,0.0,0.0,3.0,0.0,500,400000,0.004999999888241291,30,True,0.0,0.3333333432674408,0.0,0.0,0.0,0.0,1.0,0.0,0.0,0.0,0.0,0.0,0.0,0.0,0.0,1.0,30.0,61.508,61.50800000000004,52,11032,155000,jul-17-2021_1744
1916,0.0,0.0,0.0,0.0,1,0.0,0.0,0.0,0.0,0.0,0.0,0.0,0.0,3.0,0.0,500,400000,0.004999999888241291,30,True,0.0,0.6666666865348816,0.0,0.0,0.0,0.0,1.0,0.0,0.0,0.0,0.0,0.0,0.0,0.0,0.0,1.0,30.0,57.272,57.27200000000005,48,8059,110000,jul-17-2021_1744
1917,0.0,0.0,0.0,0.0,1,0.0,0.0,0.0,0.0,0.0,0.0,0.0,0.0,3.0,0.0,500,400000,0.004999999888241291,30,True,0.0,1.0,0.0,0.0,0.0,0.0,1.0,0.0,0.0,0.0,0.0,0.0,0.0,0.0,0.0,1.0,30.0,48.0,48.0,50,7622,95000,jul-17-2021_1744
1918,0.0,0.0,0.0,0.0,1,0.0,0.0,0.0,0.0,0.0,0.0,0.0,0.0,3.0,0.0,500,400000,0.004999999888241291,30,True,0.3333333432674408,-1.0,0.0,0.0,0.0,0.0,1.0,0.0,0.0,0.0,0.0,0.0,0.0,0.0,0.0,1.0,30.0,82.0,82.0,57,19067,245000,jul-17-2021_1744
1919,0.0,0.0,0.0,0.0,1,0.0,0.0,0.0,0.0,0.0,0.0,0.0,0.0,3.0,0.0,500,400000,0.004999999888241291,30,True,0.3333333432674408,-0.6666666865348816,0.0,0.0,0.0,0.0,1.0,0.0,0.0,0.0,0.0,0.0,0.0,0.0,0.0,1.0,30.0,64.492,64.49199999999996,53,9498,125000,jul-17-2021_1744
1920,0.0,0.0,0.0,0.0,1,0.0,0.0,0.0,0.0,0.0,0.0,0.0,0.0,3.0,0.0,500,400000,0.004999999888241291,30,True,0.3333333432674408,-0.3333333432674408,0.0,0.0,0.0,0.0,1.0,0.0,0.0,0.0,0.0,0.0,0.0,0.0,0.0,1.0,30.0,69.924,69.92399999999998,53,13794,235000,jul-17-2021_1744
1921,0.0,0.0,0.0,0.0,1,0.0,0.0,0.0,0.0,0.0,0.0,0.0,0.0,3.0,0.0,500,400000,0.004999999888241291,30,True,0.3333333432674408,0.0,0.0,0.0,0.0,0.0,1.0,0.0,0.0,0.0,0.0,0.0,0.0,0.0,0.0,1.0,30.0,50.112,50.111999999999966,48,8823,100000,jul-17-2021_1744
1922,0.0,0.0,0.0,0.0,1,0.0,0.0,0.0,0.0,0.0,0.0,0.0,0.0,3.0,0.0,500,400000,0.004999999888241291,30,True,0.3333333432674408,0.3333333432674408,0.0,0.0,0.0,0.0,1.0,0.0,0.0,0.0,0.0,0.0,0.0,0.0,0.0,1.0,30.0,59.64,59.639999999999986,51,10534,100000,jul-17-2021_1744
1923,0.0,0.0,0.0,0.0,1,0.0,0.0,0.0,0.0,0.0,0.0,0.0,0.0,3.0,0.0,500,400000,0.004999999888241291,30,True,0.3333333432674408,0.6666666865348816,0.0,0.0,0.0,0.0,1.0,0.0,0.0,0.0,0.0,0.0,0.0,0.0,0.0,1.0,30.0,56.432,56.432000000000016,51,10195,155000,jul-17-2021_1744
1924,0.0,0.0,0.0,0.0,1,0.0,0.0,0.0,0.0,0.0,0.0,0.0,0.0,3.0,0.0,500,400000,0.004999999888241291,30,True,0.3333333432674408,1.0,0.0,0.0,0.0,0.0,1.0,0.0,0.0,0.0,0.0,0.0,0.0,0.0,0.0,1.0,30.0,47.904,47.903999999999996,47,7210,120000,jul-17-2021_1744
1925,0.0,0.0,0.0,0.0,1,0.0,0.0,0.0,0.0,0.0,0.0,0.0,0.0,3.0,0.0,500,400000,0.004999999888241291,30,True,0.6666666865348816,-1.0,0.0,0.0,0.0,0.0,1.0,0.0,0.0,0.0,0.0,0.0,0.0,0.0,0.0,1.0,30.0,53.284,53.28399999999999,52,8503,160000,jul-17-2021_1744
1926,0.0,0.0,0.0,0.0,1,0.0,0.0,0.0,0.0,0.0,0.0,0.0,0.0,3.0,0.0,500,400000,0.004999999888241291,30,True,0.6666666865348816,-0.6666666865348816,0.0,0.0,0.0,0.0,1.0,0.0,0.0,0.0,0.0,0.0,0.0,0.0,0.0,1.0,30.0,93.528,93.52800000000002,60,23906,220000,jul-17-2021_1745
1927,0.0,0.0,0.0,0.0,1,0.0,0.0,0.0,0.0,0.0,0.0,0.0,0.0,3.0,0.0,500,400000,0.004999999888241291,30,True,0.6666666865348816,-0.3333333432674408,0.0,0.0,0.0,0.0,1.0,0.0,0.0,0.0,0.0,0.0,0.0,0.0,0.0,1.0,30.0,72.648,72.64800000000002,55,13773,170000,jul-17-2021_1745
1928,0.0,0.0,0.0,0.0,1,0.0,0.0,0.0,0.0,0.0,0.0,0.0,0.0,3.0,0.0,500,400000,0.004999999888241291,30,True,0.6666666865348816,0.0,0.0,0.0,0.0,0.0,1.0,0.0,0.0,0.0,0.0,0.0,0.0,0.0,0.0,1.0,30.0,81.556,81.55600000000004,69,26480,220000,jul-17-2021_1745
1929,0.0,0.0,0.0,0.0,1,0.0,0.0,0.0,0.0,0.0,0.0,0.0,0.0,3.0,0.0,500,400000,0.004999999888241291,30,True,0.6666666865348816,0.3333333432674408,0.0,0.0,0.0,0.0,1.0,0.0,0.0,0.0,0.0,0.0,0.0,0.0,0.0,1.0,30.0,63.856,63.855999999999995,58,13074,150000,jul-17-2021_1745
1930,0.0,0.0,0.0,0.0,1,0.0,0.0,0.0,0.0,0.0,0.0,0.0,0.0,3.0,0.0,500,400000,0.004999999888241291,30,True,0.6666666865348816,0.6666666865348816,0.0,0.0,0.0,0.0,1.0,0.0,0.0,0.0,0.0,0.0,0.0,0.0,0.0,1.0,30.0,67.128,67.12800000000004,51,11291,155000,jul-17-2021_1745
1931,0.0,0.0,0.0,0.0,1,0.0,0.0,0.0,0.0,0.0,0.0,0.0,0.0,3.0,0.0,500,400000,0.004999999888241291,30,True,0.6666666865348816,1.0,0.0,0.0,0.0,0.0,1.0,0.0,0.0,0.0,0.0,0.0,0.0,0.0,0.0,1.0,30.0,64.844,64.84400000000005,58,12899,140000,jul-17-2021_1745
1932,0.0,0.0,0.0,0.0,1,0.0,0.0,0.0,0.0,0.0,0.0,0.0,0.0,3.0,0.0,500,400000,0.004999999888241291,30,True,1.0,-1.0,0.0,0.0,0.0,0.0,1.0,0.0,0.0,0.0,0.0,0.0,0.0,0.0,0.0,1.0,30.0,97.152,97.15200000000004,64,29742,300000,jul-17-2021_1745
1933,0.0,0.0,0.0,0.0,1,0.0,0.0,0.0,0.0,0.0,0.0,0.0,0.0,3.0,0.0,500,400000,0.004999999888241291,30,True,1.0,-0.6666666865348816,0.0,0.0,0.0,0.0,1.0,0.0,0.0,0.0,0.0,0.0,0.0,0.0,0.0,1.0,30.0,73.208,73.20799999999997,50,13907,140000,jul-17-2021_1745
1934,0.0,0.0,0.0,0.0,1,0.0,0.0,0.0,0.0,0.0,0.0,0.0,0.0,3.0,0.0,500,400000,0.004999999888241291,30,True,1.0,-0.3333333432674408,0.0,0.0,0.0,0.0,1.0,0.0,0.0,0.0,0.0,0.0,0.0,0.0,0.0,1.0,30.0,68.988,68.98800000000006,56,14803,175000,jul-17-2021_1745
1935,0.0,0.0,0.0,0.0,1,0.0,0.0,0.0,0.0,0.0,0.0,0.0,0.0,3.0,0.0,500,400000,0.004999999888241291,30,True,1.0,0.0,0.0,0.0,0.0,0.0,1.0,0.0,0.0,0.0,0.0,0.0,0.0,0.0,0.0,1.0,30.0,63.716,63.71600000000001,48,10621,145000,jul-17-2021_1745
1936,0.0,0.0,0.0,0.0,1,0.0,0.0,0.0,0.0,0.0,0.0,0.0,0.0,3.0,0.0,500,400000,0.004999999888241291,30,True,1.0,0.3333333432674408,0.0,0.0,0.0,0.0,1.0,0.0,0.0,0.0,0.0,0.0,0.0,0.0,0.0,1.0,30.0,76.064,76.06399999999996,52,12891,220000,jul-17-2021_1745
1937,0.0,0.0,0.0,0.0,1,0.0,0.0,0.0,0.0,0.0,0.0,0.0,0.0,3.0,0.0,500,400000,0.004999999888241291,30,True,1.0,0.6666666865348816,0.0,0.0,0.0,0.0,1.0,0.0,0.0,0.0,0.0,0.0,0.0,0.0,0.0,1.0,30.0,75.132,75.13199999999995,57,21196,170000,jul-17-2021_1746
1938,0.0,0.0,0.0,0.0,1,0.0,0.0,0.0,0.0,0.0,0.0,0.0,0.0,3.0,0.0,500,400000,0.004999999888241291,30,True,1.0,1.0,0.0,0.0,0.0,0.0,1.0,0.0,0.0,0.0,0.0,0.0,0.0,0.0,0.0,1.0,30.0,68.768,68.76800000000003,53,11712,210000,jul-17-2021_1746
1939,0.0,0.0,0.0,0.0,1,0.0,0.0,0.0,0.0,0.0,0.0,0.0,0.0,3.0,0.0,500,400000,0.004999999888241291,30,True,1.3333333730697632,-1.0,0.0,0.0,0.0,0.0,1.0,0.0,0.0,0.0,0.0,0.0,0.0,0.0,0.0,1.0,30.0,86.804,86.80399999999997,64,26362,260000,jul-17-2021_1746
1940,0.0,0.0,0.0,0.0,1,0.0,0.0,0.0,0.0,0.0,0.0,0.0,0.0,3.0,0.0,500,400000,0.004999999888241291,30,True,1.3333333730697632,-0.6666666865348816,0.0,0.0,0.0,0.0,1.0,0.0,0.0,0.0,0.0,0.0,0.0,0.0,0.0,1.0,30.0,78.216,78.21600000000001,52,15626,175000,jul-17-2021_1746
1941,0.0,0.0,0.0,0.0,1,0.0,0.0,0.0,0.0,0.0,0.0,0.0,0.0,3.0,0.0,500,400000,0.004999999888241291,30,True,1.3333333730697632,-0.3333333432674408,0.0,0.0,0.0,0.0,1.0,0.0,0.0,0.0,0.0,0.0,0.0,0.0,0.0,1.0,30.0,71.996,71.99599999999998,55,16741,155000,jul-17-2021_1746
1942,0.0,0.0,0.0,0.0,1,0.0,0.0,0.0,0.0,0.0,0.0,0.0,0.0,3.0,0.0,500,400000,0.004999999888241291,30,True,1.3333333730697632,0.0,0.0,0.0,0.0,0.0,1.0,0.0,0.0,0.0,0.0,0.0,0.0,0.0,0.0,1.0,30.0,76.468,76.46799999999996,59,15004,280000,jul-17-2021_1746
1943,0.0,0.0,0.0,0.0,1,0.0,0.0,0.0,0.0,0.0,0.0,0.0,0.0,3.0,0.0,500,400000,0.004999999888241291,30,True,1.3333333730697632,0.3333333432674408,0.0,0.0,0.0,0.0,1.0,0.0,0.0,0.0,0.0,0.0,0.0,0.0,0.0,1.0,30.0,56.7,56.700000000000045,55,9623,130000,jul-17-2021_1746
1944,0.0,0.0,0.0,0.0,1,0.0,0.0,0.0,0.0,0.0,0.0,0.0,0.0,3.0,0.0,500,400000,0.004999999888241291,30,True,1.3333333730697632,0.6666666865348816,0.0,0.0,0.0,0.0,1.0,0.0,0.0,0.0,0.0,0.0,0.0,0.0,0.0,1.0,30.0,82.152,82.15200000000004,62,19246,220000,jul-17-2021_1746
1945,0.0,0.0,0.0,0.0,1,0.0,0.0,0.0,0.0,0.0,0.0,0.0,0.0,3.0,0.0,500,400000,0.004999999888241291,30,True,1.3333333730697632,1.0,0.0,0.0,0.0,0.0,1.0,0.0,0.0,0.0,0.0,0.0,0.0,0.0,0.0,1.0,30.0,46.384,46.384000000000015,49,6293,90000,jul-17-2021_1746
1946,0.0,0.0,0.0,0.0,1,0.0,0.0,0.0,0.0,0.0,0.0,0.0,0.0,3.0,0.0,500,400000,0.004999999888241291,30,True,1.6666666269302368,-1.0,0.0,0.0,0.0,0.0,1.0,0.0,0.0,0.0,0.0,0.0,0.0,0.0,0.0,1.0,30.0,95.736,95.73599999999999,63,42174,325000,jul-17-2021_1746
1947,0.0,0.0,0.0,0.0,1,0.0,0.0,0.0,0.0,0.0,0.0,0.0,0.0,3.0,0.0,500,400000,0.004999999888241291,30,True,1.6666666269302368,-0.6666666865348816,0.0,0.0,0.0,0.0,1.0,0.0,0.0,0.0,0.0,0.0,0.0,0.0,0.0,1.0,30.0,96.456,96.45600000000002,63,27050,290000,jul-17-2021_1747
1948,0.0,0.0,0.0,0.0,1,0.0,0.0,0.0,0.0,0.0,0.0,0.0,0.0,3.0,0.0,500,400000,0.004999999888241291,30,True,1.6666666269302368,-0.3333333432674408,0.0,0.0,0.0,0.0,1.0,0.0,0.0,0.0,0.0,0.0,0.0,0.0,0.0,1.0,30.0,75.428,75.428,59,13482,230000,jul-17-2021_1747
1949,0.0,0.0,0.0,0.0,1,0.0,0.0,0.0,0.0,0.0,0.0,0.0,0.0,3.0,0.0,500,400000,0.004999999888241291,30,True,1.6666666269302368,0.0,0.0,0.0,0.0,0.0,1.0,0.0,0.0,0.0,0.0,0.0,0.0,0.0,0.0,1.0,30.0,91.88,91.88,63,20014,250000,jul-17-2021_1747
1950,0.0,0.0,0.0,0.0,1,0.0,0.0,0.0,0.0,0.0,0.0,0.0,0.0,3.0,0.0,500,400000,0.004999999888241291,30,True,1.6666666269302368,0.3333333432674408,0.0,0.0,0.0,0.0,1.0,0.0,0.0,0.0,0.0,0.0,0.0,0.0,0.0,1.0,30.0,67.416,67.41600000000005,55,12095,220000,jul-17-2021_1747
1951,0.0,0.0,0.0,0.0,1,0.0,0.0,0.0,0.0,0.0,0.0,0.0,0.0,3.0,0.0,500,400000,0.004999999888241291,30,True,1.6666666269302368,0.6666666865348816,0.0,0.0,0.0,0.0,1.0,0.0,0.0,0.0,0.0,0.0,0.0,0.0,0.0,1.0,30.0,78.124,78.12400000000002,61,22099,250000,jul-17-2021_1747
1952,0.0,0.0,0.0,0.0,1,0.0,0.0,0.0,0.0,0.0,0.0,0.0,0.0,3.0,0.0,500,400000,0.004999999888241291,30,True,1.6666666269302368,1.0,0.0,0.0,0.0,0.0,1.0,0.0,0.0,0.0,0.0,0.0,0.0,0.0,0.0,1.0,30.0,80.98,80.98000000000002,55,19121,250000,jul-17-2021_1747
1953,0.0,0.0,0.0,0.0,1,0.0,0.0,0.0,0.0,0.0,0.0,0.0,0.0,3.0,0.0,500,400000,0.004999999888241291,30,True,2.0,-1.0,0.0,0.0,0.0,0.0,1.0,0.0,0.0,0.0,0.0,0.0,0.0,0.0,0.0,0.97,29.236,102.416304,95.31600000000003,66,27615,399999,jul-17-2021_1747
1954,0.0,0.0,0.0,0.0,1,0.0,0.0,0.0,0.0,0.0,0.0,0.0,0.0,3.0,0.0,500,400000,0.004999999888241291,30,True,2.0,-0.6666666865348816,0.0,0.0,0.0,0.0,1.0,0.0,0.0,0.0,0.0,0.0,0.0,0.0,0.0,1.0,30.0,71.372,71.37199999999996,54,15305,175000,jul-17-2021_1747
1955,0.0,0.0,0.0,0.0,1,0.0,0.0,0.0,0.0,0.0,0.0,0.0,0.0,3.0,0.0,500,400000,0.004999999888241291,30,True,2.0,-0.3333333432674408,0.0,0.0,0.0,0.0,1.0,0.0,0.0,0.0,0.0,0.0,0.0,0.0,0.0,1.0,30.0,80.38,80.38,61,15365,180000,jul-17-2021_1747
1956,0.0,0.0,0.0,0.0,1,0.0,0.0,0.0,0.0,0.0,0.0,0.0,0.0,3.0,0.0,500,400000,0.004999999888241291,30,True,2.0,0.0,0.0,0.0,0.0,0.0,1.0,0.0,0.0,0.0,0.0,0.0,0.0,0.0,0.0,1.0,30.0,92.352,92.35199999999998,60,23885,270000,jul-17-2021_1747
1957,0.0,0.0,0.0,0.0,1,0.0,0.0,0.0,0.0,0.0,0.0,0.0,0.0,3.0,0.0,500,400000,0.004999999888241291,30,True,2.0,0.3333333432674408,0.0,0.0,0.0,0.0,1.0,0.0,0.0,0.0,0.0,0.0,0.0,0.0,0.0,1.0,30.0,75.976,75.976,54,13203,160000,jul-17-2021_1748
1958,0.0,0.0,0.0,0.0,1,0.0,0.0,0.0,0.0,0.0,0.0,0.0,0.0,3.0,0.0,500,400000,0.004999999888241291,30,True,2.0,0.6666666865348816,0.0,0.0,0.0,0.0,1.0,0.0,0.0,0.0,0.0,0.0,0.0,0.0,0.0,1.0,30.0,88.524,88.524,64,30697,390000,jul-17-2021_1748
1959,0.0,0.0,0.0,0.0,1,0.0,0.0,0.0,0.0,0.0,0.0,0.0,0.0,3.0,0.0,500,400000,0.004999999888241291,30,True,2.0,1.0,0.0,0.0,0.0,0.0,1.0,0.0,0.0,0.0,0.0,0.0,0.0,0.0,0.0,1.0,30.0,83.776,83.77599999999995,62,24372,390000,jul-17-2021_1748
1960,0.0,0.0,0.0,0.0,1,0.0,0.0,0.0,0.0,0.0,0.0,0.0,0.0,4.0,0.0,500,400000,0.004999999888241291,30,True,0.0,-1.0,0.0,0.0,0.0,0.0,1.0,0.0,0.0,0.0,0.0,0.0,0.0,0.0,0.0,1.0,30.0,98.252,98.25199999999995,61,17492,160000,jul-17-2021_1748
1961,0.0,0.0,0.0,0.0,1,0.0,0.0,0.0,0.0,0.0,0.0,0.0,0.0,4.0,0.0,500,400000,0.004999999888241291,30,True,0.0,-0.6666666865348816,0.0,0.0,0.0,0.0,1.0,0.0,0.0,0.0,0.0,0.0,0.0,0.0,0.0,1.0,30.0,82.964,82.96400000000006,59,15335,155000,jul-17-2021_1748
1962,0.0,0.0,0.0,0.0,1,0.0,0.0,0.0,0.0,0.0,0.0,0.0,0.0,4.0,0.0,500,400000,0.004999999888241291,30,True,0.0,-0.3333333432674408,0.0,0.0,0.0,0.0,1.0,0.0,0.0,0.0,0.0,0.0,0.0,0.0,0.0,1.0,30.0,82.06,82.05999999999995,58,13233,180000,jul-17-2021_1748
1963,0.0,0.0,0.0,0.0,1,0.0,0.0,0.0,0.0,0.0,0.0,0.0,0.0,4.0,0.0,500,400000,0.004999999888241291,30,True,0.0,0.0,0.0,0.0,0.0,0.0,1.0,0.0,0.0,0.0,0.0,0.0,0.0,0.0,0.0,1.0,30.0,59.884,59.884000000000015,51,9381,130000,jul-17-2021_1748
1964,0.0,0.0,0.0,0.0,1,0.0,0.0,0.0,0.0,0.0,0.0,0.0,0.0,4.0,0.0,500,400000,0.004999999888241291,30,True,0.0,0.3333333432674408,0.0,0.0,0.0,0.0,1.0,0.0,0.0,0.0,0.0,0.0,0.0,0.0,0.0,1.0,30.0,82.748,82.74800000000005,56,12840,150000,jul-17-2021_1748
1965,0.0,0.0,0.0,0.0,1,0.0,0.0,0.0,0.0,0.0,0.0,0.0,0.0,4.0,0.0,500,400000,0.004999999888241291,30,True,0.0,0.6666666865348816,0.0,0.0,0.0,0.0,1.0,0.0,0.0,0.0,0.0,0.0,0.0,0.0,0.0,1.0,30.0,63.58,63.58000000000004,48,8548,105000,jul-17-2021_1748
1966,0.0,0.0,0.0,0.0,1,0.0,0.0,0.0,0.0,0.0,0.0,0.0,0.0,4.0,0.0,500,400000,0.004999999888241291,30,True,0.0,1.0,0.0,0.0,0.0,0.0,1.0,0.0,0.0,0.0,0.0,0.0,0.0,0.0,0.0,1.0,30.0,50.752,50.75199999999995,46,8011,120000,jul-17-2021_1748
1967,0.0,0.0,0.0,0.0,1,0.0,0.0,0.0,0.0,0.0,0.0,0.0,0.0,4.0,0.0,500,400000,0.004999999888241291,30,True,0.3333333432674408,-1.0,0.0,0.0,0.0,0.0,1.0,0.0,0.0,0.0,0.0,0.0,0.0,0.0,0.0,1.0,30.0,79.32,79.32000000000005,53,11107,110000,jul-17-2021_1748
1968,0.0,0.0,0.0,0.0,1,0.0,0.0,0.0,0.0,0.0,0.0,0.0,0.0,4.0,0.0,500,400000,0.004999999888241291,30,True,0.3333333432674408,-0.6666666865348816,0.0,0.0,0.0,0.0,1.0,0.0,0.0,0.0,0.0,0.0,0.0,0.0,0.0,1.0,30.0,75.516,75.51599999999996,56,16679,125000,jul-17-2021_1748
1969,0.0,0.0,0.0,0.0,1,0.0,0.0,0.0,0.0,0.0,0.0,0.0,0.0,4.0,0.0,500,400000,0.004999999888241291,30,True,0.3333333432674408,-0.3333333432674408,0.0,0.0,0.0,0.0,1.0,0.0,0.0,0.0,0.0,0.0,0.0,0.0,0.0,1.0,30.0,97.02,97.01999999999998,55,15390,145000,jul-17-2021_1749
1970,0.0,0.0,0.0,0.0,1,0.0,0.0,0.0,0.0,0.0,0.0,0.0,0.0,4.0,0.0,500,400000,0.004999999888241291,30,True,0.3333333432674408,0.0,0.0,0.0,0.0,0.0,1.0,0.0,0.0,0.0,0.0,0.0,0.0,0.0,0.0,1.0,30.0,75.592,75.59199999999998,55,11825,155000,jul-17-2021_1749
1971,0.0,0.0,0.0,0.0,1,0.0,0.0,0.0,0.0,0.0,0.0,0.0,0.0,4.0,0.0,500,400000,0.004999999888241291,30,True,0.3333333432674408,0.3333333432674408,0.0,0.0,0.0,0.0,1.0,0.0,0.0,0.0,0.0,0.0,0.0,0.0,0.0,1.0,30.0,79.408,79.40800000000002,55,16568,210000,jul-17-2021_1749
1972,0.0,0.0,0.0,0.0,1,0.0,0.0,0.0,0.0,0.0,0.0,0.0,0.0,4.0,0.0,500,400000,0.004999999888241291,30,True,0.3333333432674408,0.6666666865348816,0.0,0.0,0.0,0.0,1.0,0.0,0.0,0.0,0.0,0.0,0.0,0.0,0.0,1.0,30.0,95.724,95.72400000000005,55,16654,190000,jul-17-2021_1749
1973,0.0,0.0,0.0,0.0,1,0.0,0.0,0.0,0.0,0.0,0.0,0.0,0.0,4.0,0.0,500,400000,0.004999999888241291,30,True,0.3333333432674408,1.0,0.0,0.0,0.0,0.0,1.0,0.0,0.0,0.0,0.0,0.0,0.0,0.0,0.0,1.0,30.0,78.352,78.35199999999998,53,11618,140000,jul-17-2021_1749
1974,0.0,0.0,0.0,0.0,1,0.0,0.0,0.0,0.0,0.0,0.0,0.0,0.0,4.0,0.0,500,400000,0.004999999888241291,30,True,0.6666666865348816,-1.0,0.0,0.0,0.0,0.0,1.0,0.0,0.0,0.0,0.0,0.0,0.0,0.0,0.0,1.0,30.0,109.404,109.404,63,29531,235000,jul-17-2021_1749
1975,0.0,0.0,0.0,0.0,1,0.0,0.0,0.0,0.0,0.0,0.0,0.0,0.0,4.0,0.0,500,400000,0.004999999888241291,30,True,0.6666666865348816,-0.6666666865348816,0.0,0.0,0.0,0.0,1.0,0.0,0.0,0.0,0.0,0.0,0.0,0.0,0.0,1.0,30.0,117.164,117.16399999999999,68,39736,230000,jul-17-2021_1749
1976,0.0,0.0,0.0,0.0,1,0.0,0.0,0.0,0.0,0.0,0.0,0.0,0.0,4.0,0.0,500,400000,0.004999999888241291,30,True,0.6666666865348816,-0.3333333432674408,0.0,0.0,0.0,0.0,1.0,0.0,0.0,0.0,0.0,0.0,0.0,0.0,0.0,1.0,30.0,115.164,115.16399999999999,60,22012,175000,jul-17-2021_1749
1977,0.0,0.0,0.0,0.0,1,0.0,0.0,0.0,0.0,0.0,0.0,0.0,0.0,4.0,0.0,500,400000,0.004999999888241291,30,True,0.6666666865348816,0.0,0.0,0.0,0.0,0.0,1.0,0.0,0.0,0.0,0.0,0.0,0.0,0.0,0.0,1.0,30.0,79.392,79.39200000000005,54,12979,210000,jul-17-2021_1749
1978,0.0,0.0,0.0,0.0,1,0.0,0.0,0.0,0.0,0.0,0.0,0.0,0.0,4.0,0.0,500,400000,0.004999999888241291,30,True,0.6666666865348816,0.3333333432674408,0.0,0.0,0.0,0.0,1.0,0.0,0.0,0.0,0.0,0.0,0.0,0.0,0.0,1.0,30.0,78.884,78.88400000000001,51,11120,125000,jul-17-2021_1749
1979,0.0,0.0,0.0,0.0,1,0.0,0.0,0.0,0.0,0.0,0.0,0.0,0.0,4.0,0.0,500,400000,0.004999999888241291,30,True,0.6666666865348816,0.6666666865348816,0.0,0.0,0.0,0.0,1.0,0.0,0.0,0.0,0.0,0.0,0.0,0.0,0.0,1.0,30.0,70.852,70.85199999999998,53,11062,120000,jul-17-2021_1749
1980,0.0,0.0,0.0,0.0,1,0.0,0.0,0.0,0.0,0.0,0.0,0.0,0.0,4.0,0.0,500,400000,0.004999999888241291,30,True,0.6666666865348816,1.0,0.0,0.0,0.0,0.0,1.0,0.0,0.0,0.0,0.0,0.0,0.0,0.0,0.0,1.0,30.0,61.348,61.347999999999956,49,7244,80000,jul-17-2021_1749
1981,0.0,0.0,0.0,0.0,1,0.0,0.0,0.0,0.0,0.0,0.0,0.0,0.0,4.0,0.0,500,400000,0.004999999888241291,30,True,1.0,-1.0,0.0,0.0,0.0,0.0,1.0,0.0,0.0,0.0,0.0,0.0,0.0,0.0,0.0,1.0,30.0,80.116,80.11599999999999,53,13581,150000,jul-17-2021_1750
1982,0.0,0.0,0.0,0.0,1,0.0,0.0,0.0,0.0,0.0,0.0,0.0,0.0,4.0,0.0,500,400000,0.004999999888241291,30,True,1.0,-0.6666666865348816,0.0,0.0,0.0,0.0,1.0,0.0,0.0,0.0,0.0,0.0,0.0,0.0,0.0,1.0,30.0,119.14,119.13999999999999,61,31852,305000,jul-17-2021_1750
1983,0.0,0.0,0.0,0.0,1,0.0,0.0,0.0,0.0,0.0,0.0,0.0,0.0,4.0,0.0,500,400000,0.004999999888241291,30,True,1.0,-0.3333333432674408,0.0,0.0,0.0,0.0,1.0,0.0,0.0,0.0,0.0,0.0,0.0,0.0,0.0,1.0,30.0,100.504,100.50400000000002,68,25427,225000,jul-17-2021_1750
1984,0.0,0.0,0.0,0.0,1,0.0,0.0,0.0,0.0,0.0,0.0,0.0,0.0,4.0,0.0,500,400000,0.004999999888241291,30,True,1.0,0.0,0.0,0.0,0.0,0.0,1.0,0.0,0.0,0.0,0.0,0.0,0.0,0.0,0.0,1.0,30.0,91.48,91.48000000000002,56,21907,255000,jul-17-2021_1750
1985,0.0,0.0,0.0,0.0,1,0.0,0.0,0.0,0.0,0.0,0.0,0.0,0.0,4.0,0.0,500,400000,0.004999999888241291,30,True,1.0,0.3333333432674408,0.0,0.0,0.0,0.0,1.0,0.0,0.0,0.0,0.0,0.0,0.0,0.0,0.0,1.0,30.0,82.164,82.16399999999999,53,11261,265000,jul-17-2021_1750
1986,0.0,0.0,0.0,0.0,1,0.0,0.0,0.0,0.0,0.0,0.0,0.0,0.0,4.0,0.0,500,400000,0.004999999888241291,30,True,1.0,0.6666666865348816,0.0,0.0,0.0,0.0,1.0,0.0,0.0,0.0,0.0,0.0,0.0,0.0,0.0,1.0,30.0,64.056,64.05600000000004,53,9815,120000,jul-17-2021_1750
1987,0.0,0.0,0.0,0.0,1,0.0,0.0,0.0,0.0,0.0,0.0,0.0,0.0,4.0,0.0,500,400000,0.004999999888241291,30,True,1.0,1.0,0.0,0.0,0.0,0.0,1.0,0.0,0.0,0.0,0.0,0.0,0.0,0.0,0.0,1.0,30.0,74.168,74.168,51,9797,130000,jul-17-2021_1750
1988,0.0,0.0,0.0,0.0,1,0.0,0.0,0.0,0.0,0.0,0.0,0.0,0.0,4.0,0.0,500,400000,0.004999999888241291,30,True,1.3333333730697632,-1.0,0.0,0.0,0.0,0.0,1.0,0.0,0.0,0.0,0.0,0.0,0.0,0.0,0.0,1.0,30.0,74.772,74.77200000000005,51,10133,150000,jul-17-2021_1750
1989,0.0,0.0,0.0,0.0,1,0.0,0.0,0.0,0.0,0.0,0.0,0.0,0.0,4.0,0.0,500,400000,0.004999999888241291,30,True,1.3333333730697632,-0.6666666865348816,0.0,0.0,0.0,0.0,1.0,0.0,0.0,0.0,0.0,0.0,0.0,0.0,0.0,1.0,30.0,111.076,111.07600000000002,68,36284,305000,jul-17-2021_1750
1990,0.0,0.0,0.0,0.0,1,0.0,0.0,0.0,0.0,0.0,0.0,0.0,0.0,4.0,0.0,500,400000,0.004999999888241291,30,True,1.3333333730697632,-0.3333333432674408,0.0,0.0,0.0,0.0,1.0,0.0,0.0,0.0,0.0,0.0,0.0,0.0,0.0,1.0,30.0,109.132,109.13199999999995,63,20947,190000,jul-17-2021_1750
1991,0.0,0.0,0.0,0.0,1,0.0,0.0,0.0,0.0,0.0,0.0,0.0,0.0,4.0,0.0,500,400000,0.004999999888241291,30,True,1.3333333730697632,0.0,0.0,0.0,0.0,0.0,1.0,0.0,0.0,0.0,0.0,0.0,0.0,0.0,0.0,1.0,30.0,112.872,112.87199999999996,66,27208,285000,jul-17-2021_1751
1992,0.0,0.0,0.0,0.0,1,0.0,0.0,0.0,0.0,0.0,0.0,0.0,0.0,4.0,0.0,500,400000,0.004999999888241291,30,True,1.3333333730697632,0.3333333432674408,0.0,0.0,0.0,0.0,1.0,0.0,0.0,0.0,0.0,0.0,0.0,0.0,0.0,1.0,30.0,86.08,86.08000000000004,55,14023,155000,jul-17-2021_1751
1993,0.0,0.0,0.0,0.0,1,0.0,0.0,0.0,0.0,0.0,0.0,0.0,0.0,4.0,0.0,500,400000,0.004999999888241291,30,True,1.3333333730697632,0.6666666865348816,0.0,0.0,0.0,0.0,1.0,0.0,0.0,0.0,0.0,0.0,0.0,0.0,0.0,1.0,30.0,81.664,81.66399999999999,56,13045,165000,jul-17-2021_1751
1994,0.0,0.0,0.0,0.0,1,0.0,0.0,0.0,0.0,0.0,0.0,0.0,0.0,4.0,0.0,500,400000,0.004999999888241291,30,True,1.3333333730697632,1.0,0.0,0.0,0.0,0.0,1.0,0.0,0.0,0.0,0.0,0.0,0.0,0.0,0.0,1.0,30.0,107.18,107.17999999999995,58,24152,205000,jul-17-2021_1751
1995,0.0,0.0,0.0,0.0,1,0.0,0.0,0.0,0.0,0.0,0.0,0.0,0.0,4.0,0.0,500,400000,0.004999999888241291,30,True,1.6666666269302368,-1.0,0.0,0.0,0.0,0.0,1.0,0.0,0.0,0.0,0.0,0.0,0.0,0.0,0.0,1.0,30.0,90.628,90.62800000000004,57,18070,250000,jul-17-2021_1751
1996,0.0,0.0,0.0,0.0,1,0.0,0.0,0.0,0.0,0.0,0.0,0.0,0.0,4.0,0.0,500,400000,0.004999999888241291,30,True,1.6666666269302368,-0.6666666865348816,0.0,0.0,0.0,0.0,1.0,0.0,0.0,0.0,0.0,0.0,0.0,0.0,0.0,1.0,30.0,111.02,111.01999999999998,66,28429,215000,jul-17-2021_1751
1997,0.0,0.0,0.0,0.0,1,0.0,0.0,0.0,0.0,0.0,0.0,0.0,0.0,4.0,0.0,500,400000,0.004999999888241291,30,True,1.6666666269302368,-0.3333333432674408,0.0,0.0,0.0,0.0,1.0,0.0,0.0,0.0,0.0,0.0,0.0,0.0,0.0,1.0,30.0,104.956,104.95600000000002,59,23705,230000,jul-17-2021_1751
1998,0.0,0.0,0.0,0.0,1,0.0,0.0,0.0,0.0,0.0,0.0,0.0,0.0,4.0,0.0,500,400000,0.004999999888241291,30,True,1.6666666269302368,0.0,0.0,0.0,0.0,0.0,1.0,0.0,0.0,0.0,0.0,0.0,0.0,0.0,0.0,1.0,30.0,96.896,96.89599999999996,67,20598,235000,jul-17-2021_1751
1999,0.0,0.0,0.0,0.0,1,0.0,0.0,0.0,0.0,0.0,0.0,0.0,0.0,4.0,0.0,500,400000,0.004999999888241291,30,True,1.6666666269302368,0.3333333432674408,0.0,0.0,0.0,0.0,1.0,0.0,0.0,0.0,0.0,0.0,0.0,0.0,0.0,1.0,30.0,93.516,93.51599999999996,58,17964,170000,jul-17-2021_1751
2000,0.0,0.0,0.0,0.0,1,0.0,0.0,0.0,0.0,0.0,0.0,0.0,0.0,4.0,0.0,500,400000,0.004999999888241291,30,True,1.6666666269302368,0.6666666865348816,0.0,0.0,0.0,0.0,1.0,0.0,0.0,0.0,0.0,0.0,0.0,0.0,0.0,1.0,30.0,101.756,101.75599999999997,58,19646,190000,jul-17-2021_1751
2001,0.0,0.0,0.0,0.0,1,0.0,0.0,0.0,0.0,0.0,0.0,0.0,0.0,4.0,0.0,500,400000,0.004999999888241291,30,True,1.6666666269302368,1.0,0.0,0.0,0.0,0.0,1.0,0.0,0.0,0.0,0.0,0.0,0.0,0.0,0.0,1.0,30.0,99.352,99.35199999999998,61,18531,230000,jul-17-2021_1752
2002,0.0,0.0,0.0,0.0,1,0.0,0.0,0.0,0.0,0.0,0.0,0.0,0.0,4.0,0.0,500,400000,0.004999999888241291,30,True,2.0,-1.0,0.0,0.0,0.0,0.0,1.0,0.0,0.0,0.0,0.0,0.0,0.0,0.0,0.0,1.0,30.0,109.3,109.29999999999995,68,20369,200000,jul-17-2021_1752
2003,0.0,0.0,0.0,0.0,1,0.0,0.0,0.0,0.0,0.0,0.0,0.0,0.0,4.0,0.0,500,400000,0.004999999888241291,30,True,2.0,-0.6666666865348816,0.0,0.0,0.0,0.0,1.0,0.0,0.0,0.0,0.0,0.0,0.0,0.0,0.0,1.0,30.0,113.544,113.54399999999998,70,31463,265000,jul-17-2021_1752
2004,0.0,0.0,0.0,0.0,1,0.0,0.0,0.0,0.0,0.0,0.0,0.0,0.0,4.0,0.0,500,400000,0.004999999888241291,30,True,2.0,-0.3333333432674408,0.0,0.0,0.0,0.0,1.0,0.0,0.0,0.0,0.0,0.0,0.0,0.0,0.0,1.0,30.0,100.168,100.168,65,22670,220000,jul-17-2021_1752
2005,0.0,0.0,0.0,0.0,1,0.0,0.0,0.0,0.0,0.0,0.0,0.0,0.0,4.0,0.0,500,400000,0.004999999888241291,30,True,2.0,0.0,0.0,0.0,0.0,0.0,1.0,0.0,0.0,0.0,0.0,0.0,0.0,0.0,0.0,1.0,30.0,103.472,103.47199999999998,61,26276,260000,jul-17-2021_1752
2006,0.0,0.0,0.0,0.0,1,0.0,0.0,0.0,0.0,0.0,0.0,0.0,0.0,4.0,0.0,500,400000,0.004999999888241291,30,True,2.0,0.3333333432674408,0.0,0.0,0.0,0.0,1.0,0.0,0.0,0.0,0.0,0.0,0.0,0.0,0.0,1.0,30.0,90.244,90.24400000000003,58,19697,380000,jul-17-2021_1752
2007,0.0,0.0,0.0,0.0,1,0.0,0.0,0.0,0.0,0.0,0.0,0.0,0.0,4.0,0.0,500,400000,0.004999999888241291,30,True,2.0,0.6666666865348816,0.0,0.0,0.0,0.0,1.0,0.0,0.0,0.0,0.0,0.0,0.0,0.0,0.0,1.0,30.0,93.332,93.332,57,15461,230000,jul-17-2021_1752
2008,0.0,0.0,0.0,0.0,1,0.0,0.0,0.0,0.0,0.0,0.0,0.0,0.0,4.0,0.0,500,400000,0.004999999888241291,30,True,2.0,1.0,0.0,0.0,0.0,0.0,1.0,0.0,0.0,0.0,0.0,0.0,0.0,0.0,0.0,1.0,30.0,88.204,88.20399999999995,54,16085,185000,jul-17-2021_1752
2009,0.0,0.0,0.0,0.0,1,0.0,0.0,0.0,0.0,0.0,0.0,0.0,0.0,4.0,0.0,500,400000,0.004999999888241291,30,True,0.0,-1.0,0.0,0.0,0.0,0.0,1.0,0.0,0.0,0.0,0.0,0.0,0.0,0.0,0.0,1.0,30.0,75.696,75.69600000000003,54,10671,100000,jul-17-2021_1752
2010,0.0,0.0,0.0,0.0,1,0.0,0.0,0.0,0.0,0.0,0.0,0.0,0.0,4.0,0.0,500,400000,0.004999999888241291,30,True,0.0,-0.6666666865348816,0.0,0.0,0.0,0.0,1.0,0.0,0.0,0.0,0.0,0.0,0.0,0.0,0.0,1.0,30.0,77.98,77.98000000000002,59,10630,130000,jul-17-2021_1752
2011,0.0,0.0,0.0,0.0,1,0.0,0.0,0.0,0.0,0.0,0.0,0.0,0.0,4.0,0.0,500,400000,0.004999999888241291,30,True,0.0,-0.3333333432674408,0.0,0.0,0.0,0.0,1.0,0.0,0.0,0.0,0.0,0.0,0.0,0.0,0.0,1.0,30.0,84.464,84.46400000000006,51,10951,125000,jul-17-2021_1753
2012,0.0,0.0,0.0,0.0,1,0.0,0.0,0.0,0.0,0.0,0.0,0.0,0.0,4.0,0.0,500,400000,0.004999999888241291,30,True,0.0,0.0,0.0,0.0,0.0,0.0,1.0,0.0,0.0,0.0,0.0,0.0,0.0,0.0,0.0,1.0,30.0,66.26,66.25999999999999,52,11185,110000,jul-17-2021_1753
2013,0.0,0.0,0.0,0.0,1,0.0,0.0,0.0,0.0,0.0,0.0,0.0,0.0,4.0,0.0,500,400000,0.004999999888241291,30,True,0.0,0.3333333432674408,0.0,0.0,0.0,0.0,1.0,0.0,0.0,0.0,0.0,0.0,0.0,0.0,0.0,1.0,30.0,65.288,65.28800000000001,51,8392,170000,jul-17-2021_1753
2014,0.0,0.0,0.0,0.0,1,0.0,0.0,0.0,0.0,0.0,0.0,0.0,0.0,4.0,0.0,500,400000,0.004999999888241291,30,True,0.0,0.6666666865348816,0.0,0.0,0.0,0.0,1.0,0.0,0.0,0.0,0.0,0.0,0.0,0.0,0.0,1.0,30.0,74.372,74.37199999999996,51,9168,155000,jul-17-2021_1753
2015,0.0,0.0,0.0,0.0,1,0.0,0.0,0.0,0.0,0.0,0.0,0.0,0.0,4.0,0.0,500,400000,0.004999999888241291,30,True,0.0,1.0,0.0,0.0,0.0,0.0,1.0,0.0,0.0,0.0,0.0,0.0,0.0,0.0,0.0,1.0,30.0,75.88,75.88,53,11198,105000,jul-17-2021_1753
2016,0.0,0.0,0.0,0.0,1,0.0,0.0,0.0,0.0,0.0,0.0,0.0,0.0,4.0,0.0,500,400000,0.004999999888241291,30,True,0.3333333432674408,-1.0,0.0,0.0,0.0,0.0,1.0,0.0,0.0,0.0,0.0,0.0,0.0,0.0,0.0,1.0,30.0,100.412,100.41200000000003,62,15136,180000,jul-17-2021_1753
2017,0.0,0.0,0.0,0.0,1,0.0,0.0,0.0,0.0,0.0,0.0,0.0,0.0,4.0,0.0,500,400000,0.004999999888241291,30,True,0.3333333432674408,-0.6666666865348816,0.0,0.0,0.0,0.0,1.0,0.0,0.0,0.0,0.0,0.0,0.0,0.0,0.0,1.0,30.0,74.036,74.03599999999994,51,12625,165000,jul-17-2021_1753
2018,0.0,0.0,0.0,0.0,1,0.0,0.0,0.0,0.0,0.0,0.0,0.0,0.0,4.0,0.0,500,400000,0.004999999888241291,30,True,0.3333333432674408,-0.3333333432674408,0.0,0.0,0.0,0.0,1.0,0.0,0.0,0.0,0.0,0.0,0.0,0.0,0.0,1.0,30.0,72.956,72.95600000000002,56,10051,115000,jul-17-2021_1753
2019,0.0,0.0,0.0,0.0,1,0.0,0.0,0.0,0.0,0.0,0.0,0.0,0.0,4.0,0.0,500,400000,0.004999999888241291,30,True,0.3333333432674408,0.0,0.0,0.0,0.0,0.0,1.0,0.0,0.0,0.0,0.0,0.0,0.0,0.0,0.0,1.0,30.0,79.488,79.48800000000006,53,12209,160000,jul-17-2021_1753
2020,0.0,0.0,0.0,0.0,1,0.0,0.0,0.0,0.0,0.0,0.0,0.0,0.0,4.0,0.0,500,400000,0.004999999888241291,30,True,0.3333333432674408,0.3333333432674408,0.0,0.0,0.0,0.0,1.0,0.0,0.0,0.0,0.0,0.0,0.0,0.0,0.0,1.0,30.0,82.828,82.82799999999997,51,10968,115000,jul-17-2021_1753
2021,0.0,0.0,0.0,0.0,1,0.0,0.0,0.0,0.0,0.0,0.0,0.0,0.0,4.0,0.0,500,400000,0.004999999888241291,30,True,0.3333333432674408,0.6666666865348816,0.0,0.0,0.0,0.0,1.0,0.0,0.0,0.0,0.0,0.0,0.0,0.0,0.0,1.0,30.0,53.228,53.22799999999995,49,7289,95000,jul-17-2021_1753
2022,0.0,0.0,0.0,0.0,1,0.0,0.0,0.0,0.0,0.0,0.0,0.0,0.0,4.0,0.0,500,400000,0.004999999888241291,30,True,0.3333333432674408,1.0,0.0,0.0,0.0,0.0,1.0,0.0,0.0,0.0,0.0,0.0,0.0,0.0,0.0,1.0,30.0,76.152,76.15200000000004,57,13412,220000,jul-17-2021_1753
2023,0.0,0.0,0.0,0.0,1,0.0,0.0,0.0,0.0,0.0,0.0,0.0,0.0,4.0,0.0,500,400000,0.004999999888241291,30,True,0.6666666865348816,-1.0,0.0,0.0,0.0,0.0,1.0,0.0,0.0,0.0,0.0,0.0,0.0,0.0,0.0,1.0,30.0,78.72,78.72000000000003,54,11118,165000,jul-17-2021_1753
2024,0.0,0.0,0.0,0.0,1,0.0,0.0,0.0,0.0,0.0,0.0,0.0,0.0,4.0,0.0,500,400000,0.004999999888241291,30,True,0.6666666865348816,-0.6666666865348816,0.0,0.0,0.0,0.0,1.0,0.0,0.0,0.0,0.0,0.0,0.0,0.0,0.0,1.0,30.0,76.436,76.43600000000004,59,11998,230000,jul-17-2021_1753
2025,0.0,0.0,0.0,0.0,1,0.0,0.0,0.0,0.0,0.0,0.0,0.0,0.0,4.0,0.0,500,400000,0.004999999888241291,30,True,0.6666666865348816,-0.3333333432674408,0.0,0.0,0.0,0.0,1.0,0.0,0.0,0.0,0.0,0.0,0.0,0.0,0.0,1.0,30.0,81.48,81.48000000000002,54,13331,160000,jul-17-2021_1754
2026,0.0,0.0,0.0,0.0,1,0.0,0.0,0.0,0.0,0.0,0.0,0.0,0.0,4.0,0.0,500,400000,0.004999999888241291,30,True,0.6666666865348816,0.0,0.0,0.0,0.0,0.0,1.0,0.0,0.0,0.0,0.0,0.0,0.0,0.0,0.0,1.0,30.0,68.432,68.43200000000002,52,10486,125000,jul-17-2021_1754
2027,0.0,0.0,0.0,0.0,1,0.0,0.0,0.0,0.0,0.0,0.0,0.0,0.0,4.0,0.0,500,400000,0.004999999888241291,30,True,0.6666666865348816,0.3333333432674408,0.0,0.0,0.0,0.0,1.0,0.0,0.0,0.0,0.0,0.0,0.0,0.0,0.0,1.0,30.0,93.992,93.99199999999996,59,16702,225000,jul-17-2021_1754
2028,0.0,0.0,0.0,0.0,1,0.0,0.0,0.0,0.0,0.0,0.0,0.0,0.0,4.0,0.0,500,400000,0.004999999888241291,30,True,0.6666666865348816,0.6666666865348816,0.0,0.0,0.0,0.0,1.0,0.0,0.0,0.0,0.0,0.0,0.0,0.0,0.0,1.0,30.0,72.22,72.22000000000003,51,9455,135000,jul-17-2021_1754
2029,0.0,0.0,0.0,0.0,1,0.0,0.0,0.0,0.0,0.0,0.0,0.0,0.0,4.0,0.0,500,400000,0.004999999888241291,30,True,0.6666666865348816,1.0,0.0,0.0,0.0,0.0,1.0,0.0,0.0,0.0,0.0,0.0,0.0,0.0,0.0,1.0,30.0,80.424,80.42399999999998,52,12702,185000,jul-17-2021_1754
2030,0.0,0.0,0.0,0.0,1,0.0,0.0,0.0,0.0,0.0,0.0,0.0,0.0,4.0,0.0,500,400000,0.004999999888241291,30,True,1.0,-1.0,0.0,0.0,0.0,0.0,1.0,0.0,0.0,0.0,0.0,0.0,0.0,0.0,0.0,1.0,30.0,95.284,95.28399999999999,57,18297,185000,jul-17-2021_1754
2031,0.0,0.0,0.0,0.0,1,0.0,0.0,0.0,0.0,0.0,0.0,0.0,0.0,4.0,0.0,500,400000,0.004999999888241291,30,True,1.0,-0.6666666865348816,0.0,0.0,0.0,0.0,1.0,0.0,0.0,0.0,0.0,0.0,0.0,0.0,0.0,1.0,30.0,91.912,91.91200000000003,56,19867,230000,jul-17-2021_1754
2032,0.0,0.0,0.0,0.0,1,0.0,0.0,0.0,0.0,0.0,0.0,0.0,0.0,4.0,0.0,500,400000,0.004999999888241291,30,True,1.0,-0.3333333432674408,0.0,0.0,0.0,0.0,1.0,0.0,0.0,0.0,0.0,0.0,0.0,0.0,0.0,1.0,30.0,103.092,103.09199999999998,66,17291,190000,jul-17-2021_1754
2033,0.0,0.0,0.0,0.0,1,0.0,0.0,0.0,0.0,0.0,0.0,0.0,0.0,4.0,0.0,500,400000,0.004999999888241291,30,True,1.0,0.0,0.0,0.0,0.0,0.0,1.0,0.0,0.0,0.0,0.0,0.0,0.0,0.0,0.0,1.0,30.0,117.712,117.71199999999999,66,22000,240000,jul-17-2021_1754
2034,0.0,0.0,0.0,0.0,1,0.0,0.0,0.0,0.0,0.0,0.0,0.0,0.0,4.0,0.0,500,400000,0.004999999888241291,30,True,1.0,0.3333333432674408,0.0,0.0,0.0,0.0,1.0,0.0,0.0,0.0,0.0,0.0,0.0,0.0,0.0,1.0,30.0,86.416,86.41600000000005,57,17029,230000,jul-17-2021_1754
2035,0.0,0.0,0.0,0.0,1,0.0,0.0,0.0,0.0,0.0,0.0,0.0,0.0,4.0,0.0,500,400000,0.004999999888241291,30,True,1.0,0.6666666865348816,0.0,0.0,0.0,0.0,1.0,0.0,0.0,0.0,0.0,0.0,0.0,0.0,0.0,1.0,30.0,74.392,74.39200000000005,52,11094,140000,jul-17-2021_1754
2036,0.0,0.0,0.0,0.0,1,0.0,0.0,0.0,0.0,0.0,0.0,0.0,0.0,4.0,0.0,500,400000,0.004999999888241291,30,True,1.0,1.0,0.0,0.0,0.0,0.0,1.0,0.0,0.0,0.0,0.0,0.0,0.0,0.0,0.0,1.0,30.0,97.46,97.46000000000004,57,22511,170000,jul-17-2021_1754
2037,0.0,0.0,0.0,0.0,1,0.0,0.0,0.0,0.0,0.0,0.0,0.0,0.0,4.0,0.0,500,400000,0.004999999888241291,30,True,1.3333333730697632,-1.0,0.0,0.0,0.0,0.0,1.0,0.0,0.0,0.0,0.0,0.0,0.0,0.0,0.0,1.0,30.0,86.116,86.11599999999999,59,14182,190000,jul-17-2021_1755
2038,0.0,0.0,0.0,0.0,1,0.0,0.0,0.0,0.0,0.0,0.0,0.0,0.0,4.0,0.0,500,400000,0.004999999888241291,30,True,1.3333333730697632,-0.6666666865348816,0.0,0.0,0.0,0.0,1.0,0.0,0.0,0.0,0.0,0.0,0.0,0.0,0.0,1.0,30.0,103.288,103.28800000000001,61,17203,190000,jul-17-2021_1755
2039,0.0,0.0,0.0,0.0,1,0.0,0.0,0.0,0.0,0.0,0.0,0.0,0.0,4.0,0.0,500,400000,0.004999999888241291,30,True,1.3333333730697632,-0.3333333432674408,0.0,0.0,0.0,0.0,1.0,0.0,0.0,0.0,0.0,0.0,0.0,0.0,0.0,1.0,30.0,75.144,75.144,57,13108,125000,jul-17-2021_1755
2040,0.0,0.0,0.0,0.0,1,0.0,0.0,0.0,0.0,0.0,0.0,0.0,0.0,4.0,0.0,500,400000,0.004999999888241291,30,True,1.3333333730697632,0.0,0.0,0.0,0.0,0.0,1.0,0.0,0.0,0.0,0.0,0.0,0.0,0.0,0.0,1.0,30.0,91.184,91.18399999999997,57,15554,180000,jul-17-2021_1755
2041,0.0,0.0,0.0,0.0,1,0.0,0.0,0.0,0.0,0.0,0.0,0.0,0.0,4.0,0.0,500,400000,0.004999999888241291,30,True,1.3333333730697632,0.3333333432674408,0.0,0.0,0.0,0.0,1.0,0.0,0.0,0.0,0.0,0.0,0.0,0.0,0.0,1.0,30.0,88.14,88.13999999999999,57,18392,175000,jul-17-2021_1755
2042,0.0,0.0,0.0,0.0,1,0.0,0.0,0.0,0.0,0.0,0.0,0.0,0.0,4.0,0.0,500,400000,0.004999999888241291,30,True,1.3333333730697632,0.6666666865348816,0.0,0.0,0.0,0.0,1.0,0.0,0.0,0.0,0.0,0.0,0.0,0.0,0.0,1.0,30.0,103.176,103.17600000000004,65,21208,190000,jul-17-2021_1755
2043,0.0,0.0,0.0,0.0,1,0.0,0.0,0.0,0.0,0.0,0.0,0.0,0.0,4.0,0.0,500,400000,0.004999999888241291,30,True,1.3333333730697632,1.0,0.0,0.0,0.0,0.0,1.0,0.0,0.0,0.0,0.0,0.0,0.0,0.0,0.0,1.0,30.0,73.216,73.21600000000001,55,9856,110000,jul-17-2021_1755
2044,0.0,0.0,0.0,0.0,1,0.0,0.0,0.0,0.0,0.0,0.0,0.0,0.0,4.0,0.0,500,400000,0.004999999888241291,30,True,1.6666666269302368,-1.0,0.0,0.0,0.0,0.0,1.0,0.0,0.0,0.0,0.0,0.0,0.0,0.0,0.0,1.0,30.0,101.492,101.49199999999996,61,22288,275000,jul-17-2021_1755
2045,0.0,0.0,0.0,0.0,1,0.0,0.0,0.0,0.0,0.0,0.0,0.0,0.0,4.0,0.0,500,400000,0.004999999888241291,30,True,1.6666666269302368,-0.6666666865348816,0.0,0.0,0.0,0.0,1.0,0.0,0.0,0.0,0.0,0.0,0.0,0.0,0.0,1.0,30.0,102.876,102.87599999999998,61,22596,255000,jul-17-2021_1755
2046,0.0,0.0,0.0,0.0,1,0.0,0.0,0.0,0.0,0.0,0.0,0.0,0.0,4.0,0.0,500,400000,0.004999999888241291,30,True,1.6666666269302368,-0.3333333432674408,0.0,0.0,0.0,0.0,1.0,0.0,0.0,0.0,0.0,0.0,0.0,0.0,0.0,1.0,30.0,86.716,86.71600000000001,57,18151,145000,jul-17-2021_1755
2047,0.0,0.0,0.0,0.0,1,0.0,0.0,0.0,0.0,0.0,0.0,0.0,0.0,4.0,0.0,500,400000,0.004999999888241291,30,True,1.6666666269302368,0.0,0.0,0.0,0.0,0.0,1.0,0.0,0.0,0.0,0.0,0.0,0.0,0.0,0.0,1.0,30.0,104.236,104.23599999999999,67,23244,215000,jul-17-2021_1755
2048,0.0,0.0,0.0,0.0,1,0.0,0.0,0.0,0.0,0.0,0.0,0.0,0.0,4.0,0.0,500,400000,0.004999999888241291,30,True,1.6666666269302368,0.3333333432674408,0.0,0.0,0.0,0.0,1.0,0.0,0.0,0.0,0.0,0.0,0.0,0.0,0.0,1.0,30.0,71.316,71.31600000000003,50,10511,145000,jul-17-2021_1756
2049,0.0,0.0,0.0,0.0,1,0.0,0.0,0.0,0.0,0.0,0.0,0.0,0.0,4.0,0.0,500,400000,0.004999999888241291,30,True,1.6666666269302368,0.6666666865348816,0.0,0.0,0.0,0.0,1.0,0.0,0.0,0.0,0.0,0.0,0.0,0.0,0.0,1.0,30.0,91.096,91.096,58,18544,245000,jul-17-2021_1756
2050,0.0,0.0,0.0,0.0,1,0.0,0.0,0.0,0.0,0.0,0.0,0.0,0.0,4.0,0.0,500,400000,0.004999999888241291,30,True,1.6666666269302368,1.0,0.0,0.0,0.0,0.0,1.0,0.0,0.0,0.0,0.0,0.0,0.0,0.0,0.0,1.0,30.0,93.32,93.32000000000005,60,16869,225000,jul-17-2021_1756
2051,0.0,0.0,0.0,0.0,1,0.0,0.0,0.0,0.0,0.0,0.0,0.0,0.0,4.0,0.0,500,400000,0.004999999888241291,30,True,2.0,-1.0,0.0,0.0,0.0,0.0,1.0,0.0,0.0,0.0,0.0,0.0,0.0,0.0,0.0,1.0,30.0,102.08,102.08000000000004,60,24023,225000,jul-17-2021_1756
2052,0.0,0.0,0.0,0.0,1,0.0,0.0,0.0,0.0,0.0,0.0,0.0,0.0,4.0,0.0,500,400000,0.004999999888241291,30,True,2.0,-0.6666666865348816,0.0,0.0,0.0,0.0,1.0,0.0,0.0,0.0,0.0,0.0,0.0,0.0,0.0,0.99,29.862666662693023,105.14069510005908,105.20799999999997,58,30164,399999,jul-17-2021_1756
2053,0.0,0.0,0.0,0.0,1,0.0,0.0,0.0,0.0,0.0,0.0,0.0,0.0,4.0,0.0,500,400000,0.004999999888241291,30,True,2.0,-0.3333333432674408,0.0,0.0,0.0,0.0,1.0,0.0,0.0,0.0,0.0,0.0,0.0,0.0,0.0,1.0,30.0,99.448,99.44799999999998,64,16640,240000,jul-17-2021_1756
2054,0.0,0.0,0.0,0.0,1,0.0,0.0,0.0,0.0,0.0,0.0,0.0,0.0,4.0,0.0,500,400000,0.004999999888241291,30,True,2.0,0.0,0.0,0.0,0.0,0.0,1.0,0.0,0.0,0.0,0.0,0.0,0.0,0.0,0.0,1.0,30.0,96.336,96.33600000000001,55,20255,235000,jul-17-2021_1756
2055,0.0,0.0,0.0,0.0,1,0.0,0.0,0.0,0.0,0.0,0.0,0.0,0.0,4.0,0.0,500,400000,0.004999999888241291,30,True,2.0,0.3333333432674408,0.0,0.0,0.0,0.0,1.0,0.0,0.0,0.0,0.0,0.0,0.0,0.0,0.0,1.0,30.0,100.716,100.71600000000001,60,18144,145000,jul-17-2021_1756
2056,0.0,0.0,0.0,0.0,1,0.0,0.0,0.0,0.0,0.0,0.0,0.0,0.0,4.0,0.0,500,400000,0.004999999888241291,30,True,2.0,0.6666666865348816,0.0,0.0,0.0,0.0,1.0,0.0,0.0,0.0,0.0,0.0,0.0,0.0,0.0,1.0,30.0,92.536,92.53599999999994,57,13603,210000,jul-17-2021_1756
2057,0.0,0.0,0.0,0.0,1,0.0,0.0,0.0,0.0,0.0,0.0,0.0,0.0,4.0,0.0,500,400000,0.004999999888241291,30,True,2.0,1.0,0.0,0.0,0.0,0.0,1.0,0.0,0.0,0.0,0.0,0.0,0.0,0.0,0.0,1.0,30.0,86.828,86.82799999999997,58,13371,300000,jul-17-2021_1757
2058,0.0,0.0,0.0,0.0,1,0.0,0.0,0.0,0.0,0.0,0.0,0.0,0.0,4.0,0.0,500,400000,0.004999999888241291,30,True,0.0,-1.0,0.0,0.0,0.0,0.0,1.0,0.0,0.0,0.0,0.0,0.0,0.0,0.0,0.0,1.0,30.0,102.84,102.84000000000003,61,16645,145000,jul-17-2021_1757
2059,0.0,0.0,0.0,0.0,1,0.0,0.0,0.0,0.0,0.0,0.0,0.0,0.0,4.0,0.0,500,400000,0.004999999888241291,30,True,0.0,-0.6666666865348816,0.0,0.0,0.0,0.0,1.0,0.0,0.0,0.0,0.0,0.0,0.0,0.0,0.0,1.0,30.0,95.512,95.51199999999994,58,14781,240000,jul-17-2021_1757
2060,0.0,0.0,0.0,0.0,1,0.0,0.0,0.0,0.0,0.0,0.0,0.0,0.0,4.0,0.0,500,400000,0.004999999888241291,30,True,0.0,-0.3333333432674408,0.0,0.0,0.0,0.0,1.0,0.0,0.0,0.0,0.0,0.0,0.0,0.0,0.0,1.0,30.0,88.204,88.20399999999995,57,14270,200000,jul-17-2021_1757
2061,0.0,0.0,0.0,0.0,1,0.0,0.0,0.0,0.0,0.0,0.0,0.0,0.0,4.0,0.0,500,400000,0.004999999888241291,30,True,0.0,0.0,0.0,0.0,0.0,0.0,1.0,0.0,0.0,0.0,0.0,0.0,0.0,0.0,0.0,1.0,30.0,52.028,52.02800000000002,46,6932,115000,jul-17-2021_1757
2062,0.0,0.0,0.0,0.0,1,0.0,0.0,0.0,0.0,0.0,0.0,0.0,0.0,4.0,0.0,500,400000,0.004999999888241291,30,True,0.0,0.3333333432674408,0.0,0.0,0.0,0.0,1.0,0.0,0.0,0.0,0.0,0.0,0.0,0.0,0.0,1.0,30.0,72.804,72.80399999999997,52,9232,160000,jul-17-2021_1757
2063,0.0,0.0,0.0,0.0,1,0.0,0.0,0.0,0.0,0.0,0.0,0.0,0.0,4.0,0.0,500,400000,0.004999999888241291,30,True,0.0,0.6666666865348816,0.0,0.0,0.0,0.0,1.0,0.0,0.0,0.0,0.0,0.0,0.0,0.0,0.0,1.0,30.0,68.276,68.27599999999995,51,10148,110000,jul-17-2021_1757
2064,0.0,0.0,0.0,0.0,1,0.0,0.0,0.0,0.0,0.0,0.0,0.0,0.0,4.0,0.0,500,400000,0.004999999888241291,30,True,0.0,1.0,0.0,0.0,0.0,0.0,1.0,0.0,0.0,0.0,0.0,0.0,0.0,0.0,0.0,1.0,30.0,76.856,76.856,54,12037,135000,jul-17-2021_1757
2065,0.0,0.0,0.0,0.0,1,0.0,0.0,0.0,0.0,0.0,0.0,0.0,0.0,4.0,0.0,500,400000,0.004999999888241291,30,True,0.3333333432674408,-1.0,0.0,0.0,0.0,0.0,1.0,0.0,0.0,0.0,0.0,0.0,0.0,0.0,0.0,1.0,30.0,88.516,88.51599999999996,56,16733,140000,jul-17-2021_1757
2066,0.0,0.0,0.0,0.0,1,0.0,0.0,0.0,0.0,0.0,0.0,0.0,0.0,4.0,0.0,500,400000,0.004999999888241291,30,True,0.3333333432674408,-0.6666666865348816,0.0,0.0,0.0,0.0,1.0,0.0,0.0,0.0,0.0,0.0,0.0,0.0,0.0,1.0,30.0,68.528,68.52800000000002,47,8934,85000,jul-17-2021_1757
2067,0.0,0.0,0.0,0.0,1,0.0,0.0,0.0,0.0,0.0,0.0,0.0,0.0,4.0,0.0,500,400000,0.004999999888241291,30,True,0.3333333432674408,-0.3333333432674408,0.0,0.0,0.0,0.0,1.0,0.0,0.0,0.0,0.0,0.0,0.0,0.0,0.0,1.0,30.0,93.92,93.91999999999996,57,20199,155000,jul-17-2021_1757
2068,0.0,0.0,0.0,0.0,1,0.0,0.0,0.0,0.0,0.0,0.0,0.0,0.0,4.0,0.0,500,400000,0.004999999888241291,30,True,0.3333333432674408,0.0,0.0,0.0,0.0,0.0,1.0,0.0,0.0,0.0,0.0,0.0,0.0,0.0,0.0,1.0,30.0,67.096,67.096,51,9245,155000,jul-17-2021_1757
2069,0.0,0.0,0.0,0.0,1,0.0,0.0,0.0,0.0,0.0,0.0,0.0,0.0,4.0,0.0,500,400000,0.004999999888241291,30,True,0.3333333432674408,0.3333333432674408,0.0,0.0,0.0,0.0,1.0,0.0,0.0,0.0,0.0,0.0,0.0,0.0,0.0,1.0,30.0,82.728,82.72799999999995,58,12732,165000,jul-17-2021_1757
2070,0.0,0.0,0.0,0.0,1,0.0,0.0,0.0,0.0,0.0,0.0,0.0,0.0,4.0,0.0,500,400000,0.004999999888241291,30,True,0.3333333432674408,0.6666666865348816,0.0,0.0,0.0,0.0,1.0,0.0,0.0,0.0,0.0,0.0,0.0,0.0,0.0,1.0,30.0,69.72,69.72000000000003,50,9282,115000,jul-17-2021_1757
2071,0.0,0.0,0.0,0.0,1,0.0,0.0,0.0,0.0,0.0,0.0,0.0,0.0,4.0,0.0,500,400000,0.004999999888241291,30,True,0.3333333432674408,1.0,0.0,0.0,0.0,0.0,1.0,0.0,0.0,0.0,0.0,0.0,0.0,0.0,0.0,1.0,30.0,72.236,72.23599999999999,57,12147,145000,jul-17-2021_1757
2072,0.0,0.0,0.0,0.0,1,0.0,0.0,0.0,0.0,0.0,0.0,0.0,0.0,4.0,0.0,500,400000,0.004999999888241291,30,True,0.6666666865348816,-1.0,0.0,0.0,0.0,0.0,1.0,0.0,0.0,0.0,0.0,0.0,0.0,0.0,0.0,1.0,30.0,89.16,89.15999999999997,62,15437,175000,jul-17-2021_1758
2073,0.0,0.0,0.0,0.0,1,0.0,0.0,0.0,0.0,0.0,0.0,0.0,0.0,4.0,0.0,500,400000,0.004999999888241291,30,True,0.6666666865348816,-0.6666666865348816,0.0,0.0,0.0,0.0,1.0,0.0,0.0,0.0,0.0,0.0,0.0,0.0,0.0,1.0,30.0,98.964,98.96400000000006,64,26919,305000,jul-17-2021_1758
2074,0.0,0.0,0.0,0.0,1,0.0,0.0,0.0,0.0,0.0,0.0,0.0,0.0,4.0,0.0,500,400000,0.004999999888241291,30,True,0.6666666865348816,-0.3333333432674408,0.0,0.0,0.0,0.0,1.0,0.0,0.0,0.0,0.0,0.0,0.0,0.0,0.0,1.0,30.0,96.544,96.54399999999998,55,17141,175000,jul-17-2021_1758
2075,0.0,0.0,0.0,0.0,1,0.0,0.0,0.0,0.0,0.0,0.0,0.0,0.0,4.0,0.0,500,400000,0.004999999888241291,30,True,0.6666666865348816,0.0,0.0,0.0,0.0,0.0,1.0,0.0,0.0,0.0,0.0,0.0,0.0,0.0,0.0,1.0,30.0,82.288,82.28800000000001,62,15808,200000,jul-17-2021_1758
2076,0.0,0.0,0.0,0.0,1,0.0,0.0,0.0,0.0,0.0,0.0,0.0,0.0,4.0,0.0,500,400000,0.004999999888241291,30,True,0.6666666865348816,0.3333333432674408,0.0,0.0,0.0,0.0,1.0,0.0,0.0,0.0,0.0,0.0,0.0,0.0,0.0,1.0,30.0,88.992,88.99199999999996,55,13866,110000,jul-17-2021_1758
2077,0.0,0.0,0.0,0.0,1,0.0,0.0,0.0,0.0,0.0,0.0,0.0,0.0,4.0,0.0,500,400000,0.004999999888241291,30,True,0.6666666865348816,0.6666666865348816,0.0,0.0,0.0,0.0,1.0,0.0,0.0,0.0,0.0,0.0,0.0,0.0,0.0,1.0,30.0,72.352,72.35199999999998,52,9482,90000,jul-17-2021_1758
2078,0.0,0.0,0.0,0.0,1,0.0,0.0,0.0,0.0,0.0,0.0,0.0,0.0,4.0,0.0,500,400000,0.004999999888241291,30,True,0.6666666865348816,1.0,0.0,0.0,0.0,0.0,1.0,0.0,0.0,0.0,0.0,0.0,0.0,0.0,0.0,1.0,30.0,63.988,63.988000000000056,50,7174,105000,jul-17-2021_1758
2079,0.0,0.0,0.0,0.0,1,0.0,0.0,0.0,0.0,0.0,0.0,0.0,0.0,4.0,0.0,500,400000,0.004999999888241291,30,True,1.0,-1.0,0.0,0.0,0.0,0.0,1.0,0.0,0.0,0.0,0.0,0.0,0.0,0.0,0.0,1.0,30.0,79.668,79.668,52,13531,160000,jul-17-2021_1758
2080,0.0,0.0,0.0,0.0,1,0.0,0.0,0.0,0.0,0.0,0.0,0.0,0.0,4.0,0.0,500,400000,0.004999999888241291,30,True,1.0,-0.6666666865348816,0.0,0.0,0.0,0.0,1.0,0.0,0.0,0.0,0.0,0.0,0.0,0.0,0.0,1.0,30.0,105.452,105.452,59,19428,275000,jul-17-2021_1758
2081,0.0,0.0,0.0,0.0,1,0.0,0.0,0.0,0.0,0.0,0.0,0.0,0.0,4.0,0.0,500,400000,0.004999999888241291,30,True,1.0,-0.3333333432674408,0.0,0.0,0.0,0.0,1.0,0.0,0.0,0.0,0.0,0.0,0.0,0.0,0.0,1.0,30.0,99.532,99.53200000000004,57,19073,175000,jul-17-2021_1758
2082,0.0,0.0,0.0,0.0,1,0.0,0.0,0.0,0.0,0.0,0.0,0.0,0.0,4.0,0.0,500,400000,0.004999999888241291,30,True,1.0,0.0,0.0,0.0,0.0,0.0,1.0,0.0,0.0,0.0,0.0,0.0,0.0,0.0,0.0,1.0,30.0,68.52,68.51999999999998,51,8595,135000,jul-17-2021_1758
2083,0.0,0.0,0.0,0.0,1,0.0,0.0,0.0,0.0,0.0,0.0,0.0,0.0,4.0,0.0,500,400000,0.004999999888241291,30,True,1.0,0.3333333432674408,0.0,0.0,0.0,0.0,1.0,0.0,0.0,0.0,0.0,0.0,0.0,0.0,0.0,1.0,30.0,79.808,79.80799999999999,60,14195,145000,jul-17-2021_1758
2084,0.0,0.0,0.0,0.0,1,0.0,0.0,0.0,0.0,0.0,0.0,0.0,0.0,4.0,0.0,500,400000,0.004999999888241291,30,True,1.0,0.6666666865348816,0.0,0.0,0.0,0.0,1.0,0.0,0.0,0.0,0.0,0.0,0.0,0.0,0.0,1.0,30.0,102.856,102.856,62,26415,275000,jul-17-2021_1759
2085,0.0,0.0,0.0,0.0,1,0.0,0.0,0.0,0.0,0.0,0.0,0.0,0.0,4.0,0.0,500,400000,0.004999999888241291,30,True,1.0,1.0,0.0,0.0,0.0,0.0,1.0,0.0,0.0,0.0,0.0,0.0,0.0,0.0,0.0,1.0,30.0,90.568,90.56799999999998,54,13806,195000,jul-17-2021_1759
2086,0.0,0.0,0.0,0.0,1,0.0,0.0,0.0,0.0,0.0,0.0,0.0,0.0,4.0,0.0,500,400000,0.004999999888241291,30,True,1.3333333730697632,-1.0,0.0,0.0,0.0,0.0,1.0,0.0,0.0,0.0,0.0,0.0,0.0,0.0,0.0,1.0,30.0,112.392,112.39200000000005,69,35437,325000,jul-17-2021_1759
2087,0.0,0.0,0.0,0.0,1,0.0,0.0,0.0,0.0,0.0,0.0,0.0,0.0,4.0,0.0,500,400000,0.004999999888241291,30,True,1.3333333730697632,-0.6666666865348816,0.0,0.0,0.0,0.0,1.0,0.0,0.0,0.0,0.0,0.0,0.0,0.0,0.0,1.0,30.0,117.108,117.10799999999995,67,40734,235000,jul-17-2021_1759
2088,0.0,0.0,0.0,0.0,1,0.0,0.0,0.0,0.0,0.0,0.0,0.0,0.0,4.0,0.0,500,400000,0.004999999888241291,30,True,1.3333333730697632,-0.3333333432674408,0.0,0.0,0.0,0.0,1.0,0.0,0.0,0.0,0.0,0.0,0.0,0.0,0.0,1.0,30.0,94.576,94.57600000000002,60,21176,260000,jul-17-2021_1759
2089,0.0,0.0,0.0,0.0,1,0.0,0.0,0.0,0.0,0.0,0.0,0.0,0.0,4.0,0.0,500,400000,0.004999999888241291,30,True,1.3333333730697632,0.0,0.0,0.0,0.0,0.0,1.0,0.0,0.0,0.0,0.0,0.0,0.0,0.0,0.0,1.0,30.0,101.336,101.33600000000001,60,17880,190000,jul-17-2021_1759
2090,0.0,0.0,0.0,0.0,1,0.0,0.0,0.0,0.0,0.0,0.0,0.0,0.0,4.0,0.0,500,400000,0.004999999888241291,30,True,1.3333333730697632,0.3333333432674408,0.0,0.0,0.0,0.0,1.0,0.0,0.0,0.0,0.0,0.0,0.0,0.0,0.0,1.0,30.0,89.624,89.62400000000002,57,14184,335000,jul-17-2021_1759
2091,0.0,0.0,0.0,0.0,1,0.0,0.0,0.0,0.0,0.0,0.0,0.0,0.0,4.0,0.0,500,400000,0.004999999888241291,30,True,1.3333333730697632,0.6666666865348816,0.0,0.0,0.0,0.0,1.0,0.0,0.0,0.0,0.0,0.0,0.0,0.0,0.0,1.0,30.0,110.488,110.48800000000006,59,23483,220000,jul-17-2021_1759
2092,0.0,0.0,0.0,0.0,1,0.0,0.0,0.0,0.0,0.0,0.0,0.0,0.0,4.0,0.0,500,400000,0.004999999888241291,30,True,1.3333333730697632,1.0,0.0,0.0,0.0,0.0,1.0,0.0,0.0,0.0,0.0,0.0,0.0,0.0,0.0,1.0,30.0,87.276,87.27599999999995,63,17250,200000,jul-17-2021_1800
2093,0.0,0.0,0.0,0.0,1,0.0,0.0,0.0,0.0,0.0,0.0,0.0,0.0,4.0,0.0,500,400000,0.004999999888241291,30,True,1.6666666269302368,-1.0,0.0,0.0,0.0,0.0,1.0,0.0,0.0,0.0,0.0,0.0,0.0,0.0,0.0,1.0,30.0,99.252,99.25199999999995,65,25386,225000,jul-17-2021_1800
2094,0.0,0.0,0.0,0.0,1,0.0,0.0,0.0,0.0,0.0,0.0,0.0,0.0,4.0,0.0,500,400000,0.004999999888241291,30,True,1.6666666269302368,-0.6666666865348816,0.0,0.0,0.0,0.0,1.0,0.0,0.0,0.0,0.0,0.0,0.0,0.0,0.0,1.0,30.0,100.224,100.22400000000005,55,15791,170000,jul-17-2021_1800
2095,0.0,0.0,0.0,0.0,1,0.0,0.0,0.0,0.0,0.0,0.0,0.0,0.0,4.0,0.0,500,400000,0.004999999888241291,30,True,1.6666666269302368,-0.3333333432674408,0.0,0.0,0.0,0.0,1.0,0.0,0.0,0.0,0.0,0.0,0.0,0.0,0.0,1.0,30.0,87.0,87.0,54,13495,160000,jul-17-2021_1800
2096,0.0,0.0,0.0,0.0,1,0.0,0.0,0.0,0.0,0.0,0.0,0.0,0.0,4.0,0.0,500,400000,0.004999999888241291,30,True,1.6666666269302368,0.0,0.0,0.0,0.0,0.0,1.0,0.0,0.0,0.0,0.0,0.0,0.0,0.0,0.0,1.0,30.0,88.564,88.56399999999996,57,16980,175000,jul-17-2021_1800
2097,0.0,0.0,0.0,0.0,1,0.0,0.0,0.0,0.0,0.0,0.0,0.0,0.0,4.0,0.0,500,400000,0.004999999888241291,30,True,1.6666666269302368,0.3333333432674408,0.0,0.0,0.0,0.0,1.0,0.0,0.0,0.0,0.0,0.0,0.0,0.0,0.0,1.0,30.0,89.856,89.856,59,15729,230000,jul-17-2021_1800
2098,0.0,0.0,0.0,0.0,1,0.0,0.0,0.0,0.0,0.0,0.0,0.0,0.0,4.0,0.0,500,400000,0.004999999888241291,30,True,1.6666666269302368,0.6666666865348816,0.0,0.0,0.0,0.0,1.0,0.0,0.0,0.0,0.0,0.0,0.0,0.0,0.0,1.0,30.0,79.068,79.06799999999998,52,11404,170000,jul-17-2021_1800
2099,0.0,0.0,0.0,0.0,1,0.0,0.0,0.0,0.0,0.0,0.0,0.0,0.0,4.0,0.0,500,400000,0.004999999888241291,30,True,1.6666666269302368,1.0,0.0,0.0,0.0,0.0,1.0,0.0,0.0,0.0,0.0,0.0,0.0,0.0,0.0,1.0,30.0,96.648,96.64800000000002,59,19673,200000,jul-17-2021_1800
2100,0.0,0.0,0.0,0.0,1,0.0,0.0,0.0,0.0,0.0,0.0,0.0,0.0,4.0,0.0,500,400000,0.004999999888241291,30,True,2.0,-1.0,0.0,0.0,0.0,0.0,1.0,0.0,0.0,0.0,0.0,0.0,0.0,0.0,0.0,1.0,30.0,90.676,90.67600000000004,60,17899,185000,jul-17-2021_1800
2101,0.0,0.0,0.0,0.0,1,0.0,0.0,0.0,0.0,0.0,0.0,0.0,0.0,4.0,0.0,500,400000,0.004999999888241291,30,True,2.0,-0.6666666865348816,0.0,0.0,0.0,0.0,1.0,0.0,0.0,0.0,0.0,0.0,0.0,0.0,0.0,1.0,30.0,108.984,108.98400000000004,66,26977,230000,jul-17-2021_1800
2102,0.0,0.0,0.0,0.0,1,0.0,0.0,0.0,0.0,0.0,0.0,0.0,0.0,4.0,0.0,500,400000,0.004999999888241291,30,True,2.0,-0.3333333432674408,0.0,0.0,0.0,0.0,1.0,0.0,0.0,0.0,0.0,0.0,0.0,0.0,0.0,0.992,29.91533333104849,123.44016488198523,117.048,73,46471,399999,jul-17-2021_1801
2103,0.0,0.0,0.0,0.0,1,0.0,0.0,0.0,0.0,0.0,0.0,0.0,0.0,4.0,0.0,500,400000,0.004999999888241291,30,True,2.0,0.0,0.0,0.0,0.0,0.0,1.0,0.0,0.0,0.0,0.0,0.0,0.0,0.0,0.0,1.0,30.0,94.712,94.71199999999999,58,15530,200000,jul-17-2021_1801
2104,0.0,0.0,0.0,0.0,1,0.0,0.0,0.0,0.0,0.0,0.0,0.0,0.0,4.0,0.0,500,400000,0.004999999888241291,30,True,2.0,0.3333333432674408,0.0,0.0,0.0,0.0,1.0,0.0,0.0,0.0,0.0,0.0,0.0,0.0,0.0,1.0,30.0,109.688,109.68799999999999,66,23246,195000,jul-17-2021_1801
2105,0.0,0.0,0.0,0.0,1,0.0,0.0,0.0,0.0,0.0,0.0,0.0,0.0,4.0,0.0,500,400000,0.004999999888241291,30,True,2.0,0.6666666865348816,0.0,0.0,0.0,0.0,1.0,0.0,0.0,0.0,0.0,0.0,0.0,0.0,0.0,1.0,30.0,89.104,89.10400000000004,56,13419,250000,jul-17-2021_1801
2106,0.0,0.0,0.0,0.0,1,0.0,0.0,0.0,0.0,0.0,0.0,0.0,0.0,4.0,0.0,500,400000,0.004999999888241291,30,True,2.0,1.0,0.0,0.0,0.0,0.0,1.0,0.0,0.0,0.0,0.0,0.0,0.0,0.0,0.0,1.0,30.0,95.676,95.67600000000004,62,17495,165000,jul-17-2021_1801
2107,0.0,0.0,0.0,0.0,1,0.0,0.0,0.0,0.0,0.0,0.0,0.0,0.0,4.0,0.0,500,400000,0.004999999888241291,30,True,0.0,-1.0,0.0,0.0,0.0,0.0,1.0,0.0,0.0,0.0,0.0,0.0,0.0,0.0,0.0,1.0,30.0,73.728,73.72799999999995,51,13242,160000,jul-17-2021_1801
2108,0.0,0.0,0.0,0.0,1,0.0,0.0,0.0,0.0,0.0,0.0,0.0,0.0,4.0,0.0,500,400000,0.004999999888241291,30,True,0.0,-0.6666666865348816,0.0,0.0,0.0,0.0,1.0,0.0,0.0,0.0,0.0,0.0,0.0,0.0,0.0,1.0,30.0,90.124,90.12400000000002,56,16777,165000,jul-17-2021_1801
2109,0.0,0.0,0.0,0.0,1,0.0,0.0,0.0,0.0,0.0,0.0,0.0,0.0,4.0,0.0,500,400000,0.004999999888241291,30,True,0.0,-0.3333333432674408,0.0,0.0,0.0,0.0,1.0,0.0,0.0,0.0,0.0,0.0,0.0,0.0,0.0,1.0,30.0,68.296,68.29600000000005,48,9061,105000,jul-17-2021_1801
2110,0.0,0.0,0.0,0.0,1,0.0,0.0,0.0,0.0,0.0,0.0,0.0,0.0,4.0,0.0,500,400000,0.004999999888241291,30,True,0.0,0.0,0.0,0.0,0.0,0.0,1.0,0.0,0.0,0.0,0.0,0.0,0.0,0.0,0.0,1.0,30.0,69.54,69.53999999999996,53,11527,135000,jul-17-2021_1801
2111,0.0,0.0,0.0,0.0,1,0.0,0.0,0.0,0.0,0.0,0.0,0.0,0.0,4.0,0.0,500,400000,0.004999999888241291,30,True,0.0,0.3333333432674408,0.0,0.0,0.0,0.0,1.0,0.0,0.0,0.0,0.0,0.0,0.0,0.0,0.0,1.0,30.0,64.648,64.64800000000002,50,8857,125000,jul-17-2021_1801
2112,0.0,0.0,0.0,0.0,1,0.0,0.0,0.0,0.0,0.0,0.0,0.0,0.0,4.0,0.0,500,400000,0.004999999888241291,30,True,0.0,0.6666666865348816,0.0,0.0,0.0,0.0,1.0,0.0,0.0,0.0,0.0,0.0,0.0,0.0,0.0,1.0,30.0,62.76,62.75999999999999,47,7819,75000,jul-17-2021_1801
2113,0.0,0.0,0.0,0.0,1,0.0,0.0,0.0,0.0,0.0,0.0,0.0,0.0,4.0,0.0,500,400000,0.004999999888241291,30,True,0.0,1.0,0.0,0.0,0.0,0.0,1.0,0.0,0.0,0.0,0.0,0.0,0.0,0.0,0.0,1.0,30.0,74.132,74.13199999999995,52,10590,115000,jul-17-2021_1801
2114,0.0,0.0,0.0,0.0,1,0.0,0.0,0.0,0.0,0.0,0.0,0.0,0.0,4.0,0.0,500,400000,0.004999999888241291,30,True,0.3333333432674408,-1.0,0.0,0.0,0.0,0.0,1.0,0.0,0.0,0.0,0.0,0.0,0.0,0.0,0.0,1.0,30.0,62.084,62.083999999999946,51,7560,130000,jul-17-2021_1801
2115,0.0,0.0,0.0,0.0,1,0.0,0.0,0.0,0.0,0.0,0.0,0.0,0.0,4.0,0.0,500,400000,0.004999999888241291,30,True,0.3333333432674408,-0.6666666865348816,0.0,0.0,0.0,0.0,1.0,0.0,0.0,0.0,0.0,0.0,0.0,0.0,0.0,1.0,30.0,69.708,69.70799999999997,55,10782,130000,jul-17-2021_1802
2116,0.0,0.0,0.0,0.0,1,0.0,0.0,0.0,0.0,0.0,0.0,0.0,0.0,4.0,0.0,500,400000,0.004999999888241291,30,True,0.3333333432674408,-0.3333333432674408,0.0,0.0,0.0,0.0,1.0,0.0,0.0,0.0,0.0,0.0,0.0,0.0,0.0,1.0,30.0,69.94,69.94000000000005,55,10354,135000,jul-17-2021_1802
2117,0.0,0.0,0.0,0.0,1,0.0,0.0,0.0,0.0,0.0,0.0,0.0,0.0,4.0,0.0,500,400000,0.004999999888241291,30,True,0.3333333432674408,0.0,0.0,0.0,0.0,0.0,1.0,0.0,0.0,0.0,0.0,0.0,0.0,0.0,0.0,1.0,30.0,68.852,68.85199999999998,51,10552,160000,jul-17-2021_1802
2118,0.0,0.0,0.0,0.0,1,0.0,0.0,0.0,0.0,0.0,0.0,0.0,0.0,4.0,0.0,500,400000,0.004999999888241291,30,True,0.3333333432674408,0.3333333432674408,0.0,0.0,0.0,0.0,1.0,0.0,0.0,0.0,0.0,0.0,0.0,0.0,0.0,1.0,30.0,66.368,66.36800000000005,50,10380,155000,jul-17-2021_1802
2119,0.0,0.0,0.0,0.0,1,0.0,0.0,0.0,0.0,0.0,0.0,0.0,0.0,4.0,0.0,500,400000,0.004999999888241291,30,True,0.3333333432674408,0.6666666865348816,0.0,0.0,0.0,0.0,1.0,0.0,0.0,0.0,0.0,0.0,0.0,0.0,0.0,1.0,30.0,80.604,80.60400000000004,54,11371,140000,jul-17-2021_1802
2120,0.0,0.0,0.0,0.0,1,0.0,0.0,0.0,0.0,0.0,0.0,0.0,0.0,4.0,0.0,500,400000,0.004999999888241291,30,True,0.3333333432674408,1.0,0.0,0.0,0.0,0.0,1.0,0.0,0.0,0.0,0.0,0.0,0.0,0.0,0.0,1.0,30.0,81.732,81.73199999999997,54,10638,135000,jul-17-2021_1802
2121,0.0,0.0,0.0,0.0,1,0.0,0.0,0.0,0.0,0.0,0.0,0.0,0.0,4.0,0.0,500,400000,0.004999999888241291,30,True,0.6666666865348816,-1.0,0.0,0.0,0.0,0.0,1.0,0.0,0.0,0.0,0.0,0.0,0.0,0.0,0.0,1.0,30.0,100.544,100.54399999999998,59,17285,150000,jul-17-2021_1802
2122,0.0,0.0,0.0,0.0,1,0.0,0.0,0.0,0.0,0.0,0.0,0.0,0.0,4.0,0.0,500,400000,0.004999999888241291,30,True,0.6666666865348816,-0.6666666865348816,0.0,0.0,0.0,0.0,1.0,0.0,0.0,0.0,0.0,0.0,0.0,0.0,0.0,1.0,30.0,93.736,93.73599999999999,58,15398,235000,jul-17-2021_1802
2123,0.0,0.0,0.0,0.0,1,0.0,0.0,0.0,0.0,0.0,0.0,0.0,0.0,4.0,0.0,500,400000,0.004999999888241291,30,True,0.6666666865348816,-0.3333333432674408,0.0,0.0,0.0,0.0,1.0,0.0,0.0,0.0,0.0,0.0,0.0,0.0,0.0,1.0,30.0,92.916,92.91600000000005,62,20165,170000,jul-17-2021_1802
2124,0.0,0.0,0.0,0.0,1,0.0,0.0,0.0,0.0,0.0,0.0,0.0,0.0,4.0,0.0,500,400000,0.004999999888241291,30,True,0.6666666865348816,0.0,0.0,0.0,0.0,0.0,1.0,0.0,0.0,0.0,0.0,0.0,0.0,0.0,0.0,1.0,30.0,92.364,92.36400000000003,55,14004,170000,jul-17-2021_1802
2125,0.0,0.0,0.0,0.0,1,0.0,0.0,0.0,0.0,0.0,0.0,0.0,0.0,4.0,0.0,500,400000,0.004999999888241291,30,True,0.6666666865348816,0.3333333432674408,0.0,0.0,0.0,0.0,1.0,0.0,0.0,0.0,0.0,0.0,0.0,0.0,0.0,1.0,30.0,66.168,66.168,51,9522,135000,jul-17-2021_1802
2126,0.0,0.0,0.0,0.0,1,0.0,0.0,0.0,0.0,0.0,0.0,0.0,0.0,4.0,0.0,500,400000,0.004999999888241291,30,True,0.6666666865348816,0.6666666865348816,0.0,0.0,0.0,0.0,1.0,0.0,0.0,0.0,0.0,0.0,0.0,0.0,0.0,1.0,30.0,88.332,88.332,57,15410,155000,jul-17-2021_1802
2127,0.0,0.0,0.0,0.0,1,0.0,0.0,0.0,0.0,0.0,0.0,0.0,0.0,4.0,0.0,500,400000,0.004999999888241291,30,True,0.6666666865348816,1.0,0.0,0.0,0.0,0.0,1.0,0.0,0.0,0.0,0.0,0.0,0.0,0.0,0.0,1.0,30.0,63.64,63.639999999999986,51,9111,175000,jul-17-2021_1802
2128,0.0,0.0,0.0,0.0,1,0.0,0.0,0.0,0.0,0.0,0.0,0.0,0.0,4.0,0.0,500,400000,0.004999999888241291,30,True,1.0,-1.0,0.0,0.0,0.0,0.0,1.0,0.0,0.0,0.0,0.0,0.0,0.0,0.0,0.0,1.0,30.0,99.292,99.29200000000003,64,22857,210000,jul-17-2021_1803
2129,0.0,0.0,0.0,0.0,1,0.0,0.0,0.0,0.0,0.0,0.0,0.0,0.0,4.0,0.0,500,400000,0.004999999888241291,30,True,1.0,-0.6666666865348816,0.0,0.0,0.0,0.0,1.0,0.0,0.0,0.0,0.0,0.0,0.0,0.0,0.0,1.0,30.0,88.664,88.66399999999999,55,12384,130000,jul-17-2021_1803
2130,0.0,0.0,0.0,0.0,1,0.0,0.0,0.0,0.0,0.0,0.0,0.0,0.0,4.0,0.0,500,400000,0.004999999888241291,30,True,1.0,-0.3333333432674408,0.0,0.0,0.0,0.0,1.0,0.0,0.0,0.0,0.0,0.0,0.0,0.0,0.0,1.0,30.0,90.688,90.68799999999999,53,16162,270000,jul-17-2021_1803
2131,0.0,0.0,0.0,0.0,1,0.0,0.0,0.0,0.0,0.0,0.0,0.0,0.0,4.0,0.0,500,400000,0.004999999888241291,30,True,1.0,0.0,0.0,0.0,0.0,0.0,1.0,0.0,0.0,0.0,0.0,0.0,0.0,0.0,0.0,1.0,30.0,80.348,80.34799999999996,57,11570,185000,jul-17-2021_1803
2132,0.0,0.0,0.0,0.0,1,0.0,0.0,0.0,0.0,0.0,0.0,0.0,0.0,4.0,0.0,500,400000,0.004999999888241291,30,True,1.0,0.3333333432674408,0.0,0.0,0.0,0.0,1.0,0.0,0.0,0.0,0.0,0.0,0.0,0.0,0.0,1.0,30.0,89.928,89.928,58,14629,205000,jul-17-2021_1803
2133,0.0,0.0,0.0,0.0,1,0.0,0.0,0.0,0.0,0.0,0.0,0.0,0.0,4.0,0.0,500,400000,0.004999999888241291,30,True,1.0,0.6666666865348816,0.0,0.0,0.0,0.0,1.0,0.0,0.0,0.0,0.0,0.0,0.0,0.0,0.0,1.0,30.0,83.784,83.78399999999999,52,12743,170000,jul-17-2021_1803
2134,0.0,0.0,0.0,0.0,1,0.0,0.0,0.0,0.0,0.0,0.0,0.0,0.0,4.0,0.0,500,400000,0.004999999888241291,30,True,1.0,1.0,0.0,0.0,0.0,0.0,1.0,0.0,0.0,0.0,0.0,0.0,0.0,0.0,0.0,1.0,30.0,80.028,80.02800000000002,56,16369,145000,jul-17-2021_1803
2135,0.0,0.0,0.0,0.0,1,0.0,0.0,0.0,0.0,0.0,0.0,0.0,0.0,4.0,0.0,500,400000,0.004999999888241291,30,True,1.3333333730697632,-1.0,0.0,0.0,0.0,0.0,1.0,0.0,0.0,0.0,0.0,0.0,0.0,0.0,0.0,1.0,30.0,77.4,77.39999999999998,49,9823,135000,jul-17-2021_1803
2136,0.0,0.0,0.0,0.0,1,0.0,0.0,0.0,0.0,0.0,0.0,0.0,0.0,4.0,0.0,500,400000,0.004999999888241291,30,True,1.3333333730697632,-0.6666666865348816,0.0,0.0,0.0,0.0,1.0,0.0,0.0,0.0,0.0,0.0,0.0,0.0,0.0,1.0,30.0,106.34,106.34000000000003,62,19147,315000,jul-17-2021_1803
2137,0.0,0.0,0.0,0.0,1,0.0,0.0,0.0,0.0,0.0,0.0,0.0,0.0,4.0,0.0,500,400000,0.004999999888241291,30,True,1.3333333730697632,-0.3333333432674408,0.0,0.0,0.0,0.0,1.0,0.0,0.0,0.0,0.0,0.0,0.0,0.0,0.0,1.0,30.0,101.628,101.62800000000004,60,16650,130000,jul-17-2021_1803
2138,0.0,0.0,0.0,0.0,1,0.0,0.0,0.0,0.0,0.0,0.0,0.0,0.0,4.0,0.0,500,400000,0.004999999888241291,30,True,1.3333333730697632,0.0,0.0,0.0,0.0,0.0,1.0,0.0,0.0,0.0,0.0,0.0,0.0,0.0,0.0,1.0,30.0,99.992,99.99199999999996,57,18334,260000,jul-17-2021_1803
2139,0.0,0.0,0.0,0.0,1,0.0,0.0,0.0,0.0,0.0,0.0,0.0,0.0,4.0,0.0,500,400000,0.004999999888241291,30,True,1.3333333730697632,0.3333333432674408,0.0,0.0,0.0,0.0,1.0,0.0,0.0,0.0,0.0,0.0,0.0,0.0,0.0,1.0,30.0,92.168,92.168,60,15237,145000,jul-17-2021_1803
2140,0.0,0.0,0.0,0.0,1,0.0,0.0,0.0,0.0,0.0,0.0,0.0,0.0,4.0,0.0,500,400000,0.004999999888241291,30,True,1.3333333730697632,0.6666666865348816,0.0,0.0,0.0,0.0,1.0,0.0,0.0,0.0,0.0,0.0,0.0,0.0,0.0,1.0,30.0,92.256,92.25599999999997,57,20838,195000,jul-17-2021_1804
2141,0.0,0.0,0.0,0.0,1,0.0,0.0,0.0,0.0,0.0,0.0,0.0,0.0,4.0,0.0,500,400000,0.004999999888241291,30,True,1.3333333730697632,1.0,0.0,0.0,0.0,0.0,1.0,0.0,0.0,0.0,0.0,0.0,0.0,0.0,0.0,1.0,30.0,78.96,78.96000000000004,53,12020,235000,jul-17-2021_1804
2142,0.0,0.0,0.0,0.0,1,0.0,0.0,0.0,0.0,0.0,0.0,0.0,0.0,4.0,0.0,500,400000,0.004999999888241291,30,True,1.6666666269302368,-1.0,0.0,0.0,0.0,0.0,1.0,0.0,0.0,0.0,0.0,0.0,0.0,0.0,0.0,1.0,30.0,105.568,105.56799999999998,59,21505,180000,jul-17-2021_1804
2143,0.0,0.0,0.0,0.0,1,0.0,0.0,0.0,0.0,0.0,0.0,0.0,0.0,4.0,0.0,500,400000,0.004999999888241291,30,True,1.6666666269302368,-0.6666666865348816,0.0,0.0,0.0,0.0,1.0,0.0,0.0,0.0,0.0,0.0,0.0,0.0,0.0,1.0,30.0,105.7,105.70000000000005,61,21171,220000,jul-17-2021_1804
2144,0.0,0.0,0.0,0.0,1,0.0,0.0,0.0,0.0,0.0,0.0,0.0,0.0,4.0,0.0,500,400000,0.004999999888241291,30,True,1.6666666269302368,-0.3333333432674408,0.0,0.0,0.0,0.0,1.0,0.0,0.0,0.0,0.0,0.0,0.0,0.0,0.0,1.0,30.0,118.248,118.24800000000005,62,29209,240000,jul-17-2021_1804
2145,0.0,0.0,0.0,0.0,1,0.0,0.0,0.0,0.0,0.0,0.0,0.0,0.0,4.0,0.0,500,400000,0.004999999888241291,30,True,1.6666666269302368,0.0,0.0,0.0,0.0,0.0,1.0,0.0,0.0,0.0,0.0,0.0,0.0,0.0,0.0,1.0,30.0,102.764,102.76400000000001,56,14867,215000,jul-17-2021_1804
2146,0.0,0.0,0.0,0.0,1,0.0,0.0,0.0,0.0,0.0,0.0,0.0,0.0,4.0,0.0,500,400000,0.004999999888241291,30,True,1.6666666269302368,0.3333333432674408,0.0,0.0,0.0,0.0,1.0,0.0,0.0,0.0,0.0,0.0,0.0,0.0,0.0,1.0,30.0,112.78,112.77999999999997,66,26826,190000,jul-17-2021_1804
2147,0.0,0.0,0.0,0.0,1,0.0,0.0,0.0,0.0,0.0,0.0,0.0,0.0,4.0,0.0,500,400000,0.004999999888241291,30,True,1.6666666269302368,0.6666666865348816,0.0,0.0,0.0,0.0,1.0,0.0,0.0,0.0,0.0,0.0,0.0,0.0,0.0,1.0,30.0,89.784,89.78399999999999,58,15665,145000,jul-17-2021_1804
2148,0.0,0.0,0.0,0.0,1,0.0,0.0,0.0,0.0,0.0,0.0,0.0,0.0,4.0,0.0,500,400000,0.004999999888241291,30,True,1.6666666269302368,1.0,0.0,0.0,0.0,0.0,1.0,0.0,0.0,0.0,0.0,0.0,0.0,0.0,0.0,1.0,30.0,89.328,89.32799999999997,64,18414,260000,jul-17-2021_1804
2149,0.0,0.0,0.0,0.0,1,0.0,0.0,0.0,0.0,0.0,0.0,0.0,0.0,4.0,0.0,500,400000,0.004999999888241291,30,True,2.0,-1.0,0.0,0.0,0.0,0.0,1.0,0.0,0.0,0.0,0.0,0.0,0.0,0.0,0.0,1.0,30.0,100.152,100.15200000000004,60,21236,245000,jul-17-2021_1804
2150,0.0,0.0,0.0,0.0,1,0.0,0.0,0.0,0.0,0.0,0.0,0.0,0.0,4.0,0.0,500,400000,0.004999999888241291,30,True,2.0,-0.6666666865348816,0.0,0.0,0.0,0.0,1.0,0.0,0.0,0.0,0.0,0.0,0.0,0.0,0.0,1.0,30.0,93.512,93.51199999999994,62,15157,155000,jul-17-2021_1805
2151,0.0,0.0,0.0,0.0,1,0.0,0.0,0.0,0.0,0.0,0.0,0.0,0.0,4.0,0.0,500,400000,0.004999999888241291,30,True,2.0,-0.3333333432674408,0.0,0.0,0.0,0.0,1.0,0.0,0.0,0.0,0.0,0.0,0.0,0.0,0.0,1.0,30.0,117.796,117.79600000000005,66,29038,250000,jul-17-2021_1805
2152,0.0,0.0,0.0,0.0,1,0.0,0.0,0.0,0.0,0.0,0.0,0.0,0.0,4.0,0.0,500,400000,0.004999999888241291,30,True,2.0,0.0,0.0,0.0,0.0,0.0,1.0,0.0,0.0,0.0,0.0,0.0,0.0,0.0,0.0,1.0,30.0,94.792,94.79200000000003,60,15812,210000,jul-17-2021_1805
2153,0.0,0.0,0.0,0.0,1,0.0,0.0,0.0,0.0,0.0,0.0,0.0,0.0,4.0,0.0,500,400000,0.004999999888241291,30,True,2.0,0.3333333432674408,0.0,0.0,0.0,0.0,1.0,0.0,0.0,0.0,0.0,0.0,0.0,0.0,0.0,1.0,30.0,101.228,101.22799999999995,63,21350,210000,jul-17-2021_1805
2154,0.0,0.0,0.0,0.0,1,0.0,0.0,0.0,0.0,0.0,0.0,0.0,0.0,4.0,0.0,500,400000,0.004999999888241291,30,True,2.0,0.6666666865348816,0.0,0.0,0.0,0.0,1.0,0.0,0.0,0.0,0.0,0.0,0.0,0.0,0.0,0.99,30.133333337426187,108.36355558243856,107.65999999999997,68,28488,399999,jul-17-2021_1805
2155,0.0,0.0,0.0,0.0,1,0.0,0.0,0.0,0.0,0.0,0.0,0.0,0.0,4.0,0.0,500,400000,0.004999999888241291,30,True,2.0,1.0,0.0,0.0,0.0,0.0,1.0,0.0,0.0,0.0,0.0,0.0,0.0,0.0,0.0,1.0,30.0,98.532,98.53200000000004,63,21805,235000,jul-17-2021_1805
2156,0.0,0.0,0.0,0.0,1,0.0,0.0,0.0,0.0,0.0,0.0,0.0,0.0,4.0,0.0,500,400000,0.004999999888241291,30,True,0.0,-1.0,0.0,0.0,0.0,0.0,1.0,0.0,0.0,0.0,0.0,0.0,0.0,0.0,0.0,1.0,30.0,91.564,91.56399999999996,61,15599,185000,jul-17-2021_1805
2157,0.0,0.0,0.0,0.0,1,0.0,0.0,0.0,0.0,0.0,0.0,0.0,0.0,4.0,0.0,500,400000,0.004999999888241291,30,True,0.0,-0.6666666865348816,0.0,0.0,0.0,0.0,1.0,0.0,0.0,0.0,0.0,0.0,0.0,0.0,0.0,1.0,30.0,70.416,70.41600000000005,50,10856,190000,jul-17-2021_1805
2158,0.0,0.0,0.0,0.0,1,0.0,0.0,0.0,0.0,0.0,0.0,0.0,0.0,4.0,0.0,500,400000,0.004999999888241291,30,True,0.0,-0.3333333432674408,0.0,0.0,0.0,0.0,1.0,0.0,0.0,0.0,0.0,0.0,0.0,0.0,0.0,1.0,30.0,74.084,74.08399999999995,54,10967,110000,jul-17-2021_1805
2159,0.0,0.0,0.0,0.0,1,0.0,0.0,0.0,0.0,0.0,0.0,0.0,0.0,4.0,0.0,500,400000,0.004999999888241291,30,True,0.0,0.0,0.0,0.0,0.0,0.0,1.0,0.0,0.0,0.0,0.0,0.0,0.0,0.0,0.0,1.0,30.0,92.064,92.06399999999996,59,16538,155000,jul-17-2021_1805
2160,0.0,0.0,0.0,0.0,1,0.0,0.0,0.0,0.0,0.0,0.0,0.0,0.0,4.0,0.0,500,400000,0.004999999888241291,30,True,0.0,0.3333333432674408,0.0,0.0,0.0,0.0,1.0,0.0,0.0,0.0,0.0,0.0,0.0,0.0,0.0,1.0,30.0,62.42,62.41999999999996,52,9564,95000,jul-17-2021_1806
2161,0.0,0.0,0.0,0.0,1,0.0,0.0,0.0,0.0,0.0,0.0,0.0,0.0,4.0,0.0,500,400000,0.004999999888241291,30,True,0.0,0.6666666865348816,0.0,0.0,0.0,0.0,1.0,0.0,0.0,0.0,0.0,0.0,0.0,0.0,0.0,1.0,30.0,72.42,72.41999999999996,56,11037,150000,jul-17-2021_1806
2162,0.0,0.0,0.0,0.0,1,0.0,0.0,0.0,0.0,0.0,0.0,0.0,0.0,4.0,0.0,500,400000,0.004999999888241291,30,True,0.0,1.0,0.0,0.0,0.0,0.0,1.0,0.0,0.0,0.0,0.0,0.0,0.0,0.0,0.0,1.0,30.0,60.244,60.24400000000003,49,8937,120000,jul-17-2021_1806
2163,0.0,0.0,0.0,0.0,1,0.0,0.0,0.0,0.0,0.0,0.0,0.0,0.0,4.0,0.0,500,400000,0.004999999888241291,30,True,0.3333333432674408,-1.0,0.0,0.0,0.0,0.0,1.0,0.0,0.0,0.0,0.0,0.0,0.0,0.0,0.0,1.0,30.0,72.296,72.29600000000005,55,10711,115000,jul-17-2021_1806
2164,0.0,0.0,0.0,0.0,1,0.0,0.0,0.0,0.0,0.0,0.0,0.0,0.0,4.0,0.0,500,400000,0.004999999888241291,30,True,0.3333333432674408,-0.6666666865348816,0.0,0.0,0.0,0.0,1.0,0.0,0.0,0.0,0.0,0.0,0.0,0.0,0.0,1.0,30.0,67.316,67.31600000000003,51,9057,180000,jul-17-2021_1806
2165,0.0,0.0,0.0,0.0,1,0.0,0.0,0.0,0.0,0.0,0.0,0.0,0.0,4.0,0.0,500,400000,0.004999999888241291,30,True,0.3333333432674408,-0.3333333432674408,0.0,0.0,0.0,0.0,1.0,0.0,0.0,0.0,0.0,0.0,0.0,0.0,0.0,1.0,30.0,90.78,90.77999999999997,60,18791,235000,jul-17-2021_1806
2166,0.0,0.0,0.0,0.0,1,0.0,0.0,0.0,0.0,0.0,0.0,0.0,0.0,4.0,0.0,500,400000,0.004999999888241291,30,True,0.3333333432674408,0.0,0.0,0.0,0.0,0.0,1.0,0.0,0.0,0.0,0.0,0.0,0.0,0.0,0.0,1.0,30.0,90.48,90.48000000000002,56,15617,180000,jul-17-2021_1806
2167,0.0,0.0,0.0,0.0,1,0.0,0.0,0.0,0.0,0.0,0.0,0.0,0.0,4.0,0.0,500,400000,0.004999999888241291,30,True,0.3333333432674408,0.3333333432674408,0.0,0.0,0.0,0.0,1.0,0.0,0.0,0.0,0.0,0.0,0.0,0.0,0.0,1.0,30.0,86.196,86.19600000000003,54,13926,110000,jul-17-2021_1806
2168,0.0,0.0,0.0,0.0,1,0.0,0.0,0.0,0.0,0.0,0.0,0.0,0.0,4.0,0.0,500,400000,0.004999999888241291,30,True,0.3333333432674408,0.6666666865348816,0.0,0.0,0.0,0.0,1.0,0.0,0.0,0.0,0.0,0.0,0.0,0.0,0.0,1.0,30.0,99.768,99.76800000000003,62,16653,175000,jul-17-2021_1806
2169,0.0,0.0,0.0,0.0,1,0.0,0.0,0.0,0.0,0.0,0.0,0.0,0.0,4.0,0.0,500,400000,0.004999999888241291,30,True,0.3333333432674408,1.0,0.0,0.0,0.0,0.0,1.0,0.0,0.0,0.0,0.0,0.0,0.0,0.0,0.0,1.0,30.0,83.08,83.08000000000004,56,12349,190000,jul-17-2021_1806
2170,0.0,0.0,0.0,0.0,1,0.0,0.0,0.0,0.0,0.0,0.0,0.0,0.0,4.0,0.0,500,400000,0.004999999888241291,30,True,0.6666666865348816,-1.0,0.0,0.0,0.0,0.0,1.0,0.0,0.0,0.0,0.0,0.0,0.0,0.0,0.0,1.0,30.0,56.66,56.65999999999997,48,7718,100000,jul-17-2021_1806
2171,0.0,0.0,0.0,0.0,1,0.0,0.0,0.0,0.0,0.0,0.0,0.0,0.0,4.0,0.0,500,400000,0.004999999888241291,30,True,0.6666666865348816,-0.6666666865348816,0.0,0.0,0.0,0.0,1.0,0.0,0.0,0.0,0.0,0.0,0.0,0.0,0.0,1.0,30.0,86.132,86.13199999999995,58,12838,125000,jul-17-2021_1806
2172,0.0,0.0,0.0,0.0,1,0.0,0.0,0.0,0.0,0.0,0.0,0.0,0.0,4.0,0.0,500,400000,0.004999999888241291,30,True,0.6666666865348816,-0.3333333432674408,0.0,0.0,0.0,0.0,1.0,0.0,0.0,0.0,0.0,0.0,0.0,0.0,0.0,1.0,30.0,83.696,83.69600000000003,53,11676,120000,jul-17-2021_1806
2173,0.0,0.0,0.0,0.0,1,0.0,0.0,0.0,0.0,0.0,0.0,0.0,0.0,4.0,0.0,500,400000,0.004999999888241291,30,True,0.6666666865348816,0.0,0.0,0.0,0.0,0.0,1.0,0.0,0.0,0.0,0.0,0.0,0.0,0.0,0.0,1.0,30.0,101.724,101.72400000000005,59,19132,145000,jul-17-2021_1806
2174,0.0,0.0,0.0,0.0,1,0.0,0.0,0.0,0.0,0.0,0.0,0.0,0.0,4.0,0.0,500,400000,0.004999999888241291,30,True,0.6666666865348816,0.3333333432674408,0.0,0.0,0.0,0.0,1.0,0.0,0.0,0.0,0.0,0.0,0.0,0.0,0.0,1.0,30.0,72.776,72.77599999999995,53,11624,145000,jul-17-2021_1807
2175,0.0,0.0,0.0,0.0,1,0.0,0.0,0.0,0.0,0.0,0.0,0.0,0.0,4.0,0.0,500,400000,0.004999999888241291,30,True,0.6666666865348816,0.6666666865348816,0.0,0.0,0.0,0.0,1.0,0.0,0.0,0.0,0.0,0.0,0.0,0.0,0.0,1.0,30.0,68.1,68.10000000000002,48,9513,135000,jul-17-2021_1807
2176,0.0,0.0,0.0,0.0,1,0.0,0.0,0.0,0.0,0.0,0.0,0.0,0.0,4.0,0.0,500,400000,0.004999999888241291,30,True,0.6666666865348816,1.0,0.0,0.0,0.0,0.0,1.0,0.0,0.0,0.0,0.0,0.0,0.0,0.0,0.0,1.0,30.0,66.656,66.65599999999995,51,8778,175000,jul-17-2021_1807
2177,0.0,0.0,0.0,0.0,1,0.0,0.0,0.0,0.0,0.0,0.0,0.0,0.0,4.0,0.0,500,400000,0.004999999888241291,30,True,1.0,-1.0,0.0,0.0,0.0,0.0,1.0,0.0,0.0,0.0,0.0,0.0,0.0,0.0,0.0,1.0,30.0,97.216,97.21600000000001,60,18451,160000,jul-17-2021_1807
2178,0.0,0.0,0.0,0.0,1,0.0,0.0,0.0,0.0,0.0,0.0,0.0,0.0,4.0,0.0,500,400000,0.004999999888241291,30,True,1.0,-0.6666666865348816,0.0,0.0,0.0,0.0,1.0,0.0,0.0,0.0,0.0,0.0,0.0,0.0,0.0,1.0,30.0,100.264,100.26400000000001,59,18401,180000,jul-17-2021_1807
2179,0.0,0.0,0.0,0.0,1,0.0,0.0,0.0,0.0,0.0,0.0,0.0,0.0,4.0,0.0,500,400000,0.004999999888241291,30,True,1.0,-0.3333333432674408,0.0,0.0,0.0,0.0,1.0,0.0,0.0,0.0,0.0,0.0,0.0,0.0,0.0,1.0,30.0,80.576,80.57600000000002,54,13252,160000,jul-17-2021_1807
2180,0.0,0.0,0.0,0.0,1,0.0,0.0,0.0,0.0,0.0,0.0,0.0,0.0,4.0,0.0,500,400000,0.004999999888241291,30,True,1.0,0.0,0.0,0.0,0.0,0.0,1.0,0.0,0.0,0.0,0.0,0.0,0.0,0.0,0.0,1.0,30.0,83.772,83.77200000000005,61,12714,140000,jul-17-2021_1807
2181,0.0,0.0,0.0,0.0,1,0.0,0.0,0.0,0.0,0.0,0.0,0.0,0.0,4.0,0.0,500,400000,0.004999999888241291,30,True,1.0,0.3333333432674408,0.0,0.0,0.0,0.0,1.0,0.0,0.0,0.0,0.0,0.0,0.0,0.0,0.0,1.0,30.0,77.088,77.08799999999997,62,13894,180000,jul-17-2021_1807
2182,0.0,0.0,0.0,0.0,1,0.0,0.0,0.0,0.0,0.0,0.0,0.0,0.0,4.0,0.0,500,400000,0.004999999888241291,30,True,1.0,0.6666666865348816,0.0,0.0,0.0,0.0,1.0,0.0,0.0,0.0,0.0,0.0,0.0,0.0,0.0,1.0,30.0,72.968,72.96799999999996,50,11310,160000,jul-17-2021_1807
2183,0.0,0.0,0.0,0.0,1,0.0,0.0,0.0,0.0,0.0,0.0,0.0,0.0,4.0,0.0,500,400000,0.004999999888241291,30,True,1.0,1.0,0.0,0.0,0.0,0.0,1.0,0.0,0.0,0.0,0.0,0.0,0.0,0.0,0.0,1.0,30.0,84.488,84.48800000000006,54,13535,120000,jul-17-2021_1807
2184,0.0,0.0,0.0,0.0,1,0.0,0.0,0.0,0.0,0.0,0.0,0.0,0.0,4.0,0.0,500,400000,0.004999999888241291,30,True,1.3333333730697632,-1.0,0.0,0.0,0.0,0.0,1.0,0.0,0.0,0.0,0.0,0.0,0.0,0.0,0.0,1.0,30.0,109.092,109.09199999999998,60,20114,170000,jul-17-2021_1807
2185,0.0,0.0,0.0,0.0,1,0.0,0.0,0.0,0.0,0.0,0.0,0.0,0.0,4.0,0.0,500,400000,0.004999999888241291,30,True,1.3333333730697632,-0.6666666865348816,0.0,0.0,0.0,0.0,1.0,0.0,0.0,0.0,0.0,0.0,0.0,0.0,0.0,1.0,30.0,121.412,121.41200000000003,79,28410,205000,jul-17-2021_1807
2186,0.0,0.0,0.0,0.0,1,0.0,0.0,0.0,0.0,0.0,0.0,0.0,0.0,4.0,0.0,500,400000,0.004999999888241291,30,True,1.3333333730697632,-0.3333333432674408,0.0,0.0,0.0,0.0,1.0,0.0,0.0,0.0,0.0,0.0,0.0,0.0,0.0,1.0,30.0,83.312,83.31200000000001,56,16832,225000,jul-17-2021_1807
2187,0.0,0.0,0.0,0.0,1,0.0,0.0,0.0,0.0,0.0,0.0,0.0,0.0,4.0,0.0,500,400000,0.004999999888241291,30,True,1.3333333730697632,0.0,0.0,0.0,0.0,0.0,1.0,0.0,0.0,0.0,0.0,0.0,0.0,0.0,0.0,1.0,30.0,77.168,77.168,51,10176,135000,jul-17-2021_1808
2188,0.0,0.0,0.0,0.0,1,0.0,0.0,0.0,0.0,0.0,0.0,0.0,0.0,4.0,0.0,500,400000,0.004999999888241291,30,True,1.3333333730697632,0.3333333432674408,0.0,0.0,0.0,0.0,1.0,0.0,0.0,0.0,0.0,0.0,0.0,0.0,0.0,1.0,30.0,109.04,109.03999999999996,62,22668,290000,jul-17-2021_1808
2189,0.0,0.0,0.0,0.0,1,0.0,0.0,0.0,0.0,0.0,0.0,0.0,0.0,4.0,0.0,500,400000,0.004999999888241291,30,True,1.3333333730697632,0.6666666865348816,0.0,0.0,0.0,0.0,1.0,0.0,0.0,0.0,0.0,0.0,0.0,0.0,0.0,1.0,30.0,103.584,103.58399999999995,66,20486,235000,jul-17-2021_1808
2190,0.0,0.0,0.0,0.0,1,0.0,0.0,0.0,0.0,0.0,0.0,0.0,0.0,4.0,0.0,500,400000,0.004999999888241291,30,True,1.3333333730697632,1.0,0.0,0.0,0.0,0.0,1.0,0.0,0.0,0.0,0.0,0.0,0.0,0.0,0.0,1.0,30.0,93.112,93.11199999999997,59,14971,165000,jul-17-2021_1808
2191,0.0,0.0,0.0,0.0,1,0.0,0.0,0.0,0.0,0.0,0.0,0.0,0.0,4.0,0.0,500,400000,0.004999999888241291,30,True,1.6666666269302368,-1.0,0.0,0.0,0.0,0.0,1.0,0.0,0.0,0.0,0.0,0.0,0.0,0.0,0.0,1.0,30.0,101.324,101.32399999999996,65,21684,250000,jul-17-2021_1808
2192,0.0,0.0,0.0,0.0,1,0.0,0.0,0.0,0.0,0.0,0.0,0.0,0.0,4.0,0.0,500,400000,0.004999999888241291,30,True,1.6666666269302368,-0.6666666865348816,0.0,0.0,0.0,0.0,1.0,0.0,0.0,0.0,0.0,0.0,0.0,0.0,0.0,1.0,30.0,105.112,105.11199999999997,70,23756,345000,jul-17-2021_1808
2193,0.0,0.0,0.0,0.0,1,0.0,0.0,0.0,0.0,0.0,0.0,0.0,0.0,4.0,0.0,500,400000,0.004999999888241291,30,True,1.6666666269302368,-0.3333333432674408,0.0,0.0,0.0,0.0,1.0,0.0,0.0,0.0,0.0,0.0,0.0,0.0,0.0,1.0,30.0,92.564,92.56399999999996,59,15660,285000,jul-17-2021_1808
2194,0.0,0.0,0.0,0.0,1,0.0,0.0,0.0,0.0,0.0,0.0,0.0,0.0,4.0,0.0,500,400000,0.004999999888241291,30,True,1.6666666269302368,0.0,0.0,0.0,0.0,0.0,1.0,0.0,0.0,0.0,0.0,0.0,0.0,0.0,0.0,1.0,30.0,78.128,78.12800000000004,55,13915,270000,jul-17-2021_1808
2195,0.0,0.0,0.0,0.0,1,0.0,0.0,0.0,0.0,0.0,0.0,0.0,0.0,4.0,0.0,500,400000,0.004999999888241291,30,True,1.6666666269302368,0.3333333432674408,0.0,0.0,0.0,0.0,1.0,0.0,0.0,0.0,0.0,0.0,0.0,0.0,0.0,1.0,30.0,92.88,92.88,59,17275,185000,jul-17-2021_1808
2196,0.0,0.0,0.0,0.0,1,0.0,0.0,0.0,0.0,0.0,0.0,0.0,0.0,4.0,0.0,500,400000,0.004999999888241291,30,True,1.6666666269302368,0.6666666865348816,0.0,0.0,0.0,0.0,1.0,0.0,0.0,0.0,0.0,0.0,0.0,0.0,0.0,1.0,30.0,80.056,80.05600000000004,51,11876,200000,jul-17-2021_1809
2197,0.0,0.0,0.0,0.0,1,0.0,0.0,0.0,0.0,0.0,0.0,0.0,0.0,4.0,0.0,500,400000,0.004999999888241291,30,True,1.6666666269302368,1.0,0.0,0.0,0.0,0.0,1.0,0.0,0.0,0.0,0.0,0.0,0.0,0.0,0.0,1.0,30.0,92.532,92.53200000000004,57,13878,280000,jul-17-2021_1809
2198,0.0,0.0,0.0,0.0,1,0.0,0.0,0.0,0.0,0.0,0.0,0.0,0.0,4.0,0.0,500,400000,0.004999999888241291,30,True,2.0,-1.0,0.0,0.0,0.0,0.0,1.0,0.0,0.0,0.0,0.0,0.0,0.0,0.0,0.0,1.0,30.0,110.788,110.78800000000001,65,38692,295000,jul-17-2021_1809
2199,0.0,0.0,0.0,0.0,1,0.0,0.0,0.0,0.0,0.0,0.0,0.0,0.0,4.0,0.0,500,400000,0.004999999888241291,30,True,2.0,-0.6666666865348816,0.0,0.0,0.0,0.0,1.0,0.0,0.0,0.0,0.0,0.0,0.0,0.0,0.0,0.998,29.975999999284745,113.48609066098976,114.27599999999995,61,37624,399999,jul-17-2021_1809
2200,0.0,0.0,0.0,0.0,1,0.0,0.0,0.0,0.0,0.0,0.0,0.0,0.0,4.0,0.0,500,400000,0.004999999888241291,30,True,2.0,-0.3333333432674408,0.0,0.0,0.0,0.0,1.0,0.0,0.0,0.0,0.0,0.0,0.0,0.0,0.0,1.0,30.0,101.512,101.51199999999994,62,17099,165000,jul-17-2021_1809
2201,0.0,0.0,0.0,0.0,1,0.0,0.0,0.0,0.0,0.0,0.0,0.0,0.0,4.0,0.0,500,400000,0.004999999888241291,30,True,2.0,0.0,0.0,0.0,0.0,0.0,1.0,0.0,0.0,0.0,0.0,0.0,0.0,0.0,0.0,1.0,30.0,86.056,86.05600000000004,62,14076,185000,jul-17-2021_1809
2202,0.0,0.0,0.0,0.0,1,0.0,0.0,0.0,0.0,0.0,0.0,0.0,0.0,4.0,0.0,500,400000,0.004999999888241291,30,True,2.0,0.3333333432674408,0.0,0.0,0.0,0.0,1.0,0.0,0.0,0.0,0.0,0.0,0.0,0.0,0.0,1.0,30.0,117.676,117.67600000000004,67,34767,350000,jul-17-2021_1809
2203,0.0,0.0,0.0,0.0,1,0.0,0.0,0.0,0.0,0.0,0.0,0.0,0.0,4.0,0.0,500,400000,0.004999999888241291,30,True,2.0,0.6666666865348816,0.0,0.0,0.0,0.0,1.0,0.0,0.0,0.0,0.0,0.0,0.0,0.0,0.0,1.0,30.0,97.844,97.84400000000005,60,17598,250000,jul-17-2021_1809
2204,0.0,0.0,0.0,0.0,1,0.0,0.0,0.0,0.0,0.0,0.0,0.0,0.0,4.0,0.0,500,400000,0.004999999888241291,30,True,2.0,1.0,0.0,0.0,0.0,0.0,1.0,0.0,0.0,0.0,0.0,0.0,0.0,0.0,0.0,1.0,30.0,107.856,107.856,75,22719,230000,jul-17-2021_1810
2205,0.0,0.0,0.0,0.0,1,0.0,0.0,0.0,0.0,0.0,0.0,0.0,0.0,4.0,0.0,500,400000,0.004999999888241291,30,True,0.0,-1.0,0.0,0.0,0.0,0.0,1.0,0.0,0.0,0.0,0.0,0.0,0.0,0.0,0.0,1.0,30.0,101.092,101.09199999999998,59,19256,200000,jul-17-2021_1810
2206,0.0,0.0,0.0,0.0,1,0.0,0.0,0.0,0.0,0.0,0.0,0.0,0.0,4.0,0.0,500,400000,0.004999999888241291,30,True,0.0,-0.6666666865348816,0.0,0.0,0.0,0.0,1.0,0.0,0.0,0.0,0.0,0.0,0.0,0.0,0.0,1.0,30.0,83.264,83.26400000000001,55,12039,145000,jul-17-2021_1810
2207,0.0,0.0,0.0,0.0,1,0.0,0.0,0.0,0.0,0.0,0.0,0.0,0.0,4.0,0.0,500,400000,0.004999999888241291,30,True,0.0,-0.3333333432674408,0.0,0.0,0.0,0.0,1.0,0.0,0.0,0.0,0.0,0.0,0.0,0.0,0.0,1.0,30.0,105.024,105.024,63,22880,160000,jul-17-2021_1810
2208,0.0,0.0,0.0,0.0,1,0.0,0.0,0.0,0.0,0.0,0.0,0.0,0.0,4.0,0.0,500,400000,0.004999999888241291,30,True,0.0,0.0,0.0,0.0,0.0,0.0,1.0,0.0,0.0,0.0,0.0,0.0,0.0,0.0,0.0,1.0,30.0,64.292,64.29200000000003,51,8682,85000,jul-17-2021_1810
2209,0.0,0.0,0.0,0.0,1,0.0,0.0,0.0,0.0,0.0,0.0,0.0,0.0,4.0,0.0,500,400000,0.004999999888241291,30,True,0.0,0.3333333432674408,0.0,0.0,0.0,0.0,1.0,0.0,0.0,0.0,0.0,0.0,0.0,0.0,0.0,1.0,30.0,67.912,67.91200000000003,52,8561,105000,jul-17-2021_1810
2210,0.0,0.0,0.0,0.0,1,0.0,0.0,0.0,0.0,0.0,0.0,0.0,0.0,4.0,0.0,500,400000,0.004999999888241291,30,True,0.0,0.6666666865348816,0.0,0.0,0.0,0.0,1.0,0.0,0.0,0.0,0.0,0.0,0.0,0.0,0.0,1.0,30.0,69.004,69.00400000000002,50,10006,140000,jul-17-2021_1810
2211,0.0,0.0,0.0,0.0,1,0.0,0.0,0.0,0.0,0.0,0.0,0.0,0.0,4.0,0.0,500,400000,0.004999999888241291,30,True,0.0,1.0,0.0,0.0,0.0,0.0,1.0,0.0,0.0,0.0,0.0,0.0,0.0,0.0,0.0,1.0,30.0,66.48,66.48000000000002,50,9073,90000,jul-17-2021_1810
2212,0.0,0.0,0.0,0.0,1,0.0,0.0,0.0,0.0,0.0,0.0,0.0,0.0,4.0,0.0,500,400000,0.004999999888241291,30,True,0.3333333432674408,-1.0,0.0,0.0,0.0,0.0,1.0,0.0,0.0,0.0,0.0,0.0,0.0,0.0,0.0,1.0,30.0,76.38,76.38,52,12251,155000,jul-17-2021_1810
2213,0.0,0.0,0.0,0.0,1,0.0,0.0,0.0,0.0,0.0,0.0,0.0,0.0,4.0,0.0,500,400000,0.004999999888241291,30,True,0.3333333432674408,-0.6666666865348816,0.0,0.0,0.0,0.0,1.0,0.0,0.0,0.0,0.0,0.0,0.0,0.0,0.0,1.0,30.0,81.336,81.33600000000001,54,13241,120000,jul-17-2021_1810
2214,0.0,0.0,0.0,0.0,1,0.0,0.0,0.0,0.0,0.0,0.0,0.0,0.0,4.0,0.0,500,400000,0.004999999888241291,30,True,0.3333333432674408,-0.3333333432674408,0.0,0.0,0.0,0.0,1.0,0.0,0.0,0.0,0.0,0.0,0.0,0.0,0.0,1.0,30.0,92.08,92.08000000000004,53,14255,250000,jul-17-2021_1810
2215,0.0,0.0,0.0,0.0,1,0.0,0.0,0.0,0.0,0.0,0.0,0.0,0.0,4.0,0.0,500,400000,0.004999999888241291,30,True,0.3333333432674408,0.0,0.0,0.0,0.0,0.0,1.0,0.0,0.0,0.0,0.0,0.0,0.0,0.0,0.0,1.0,30.0,63.804,63.803999999999974,47,8158,110000,jul-17-2021_1810
2216,0.0,0.0,0.0,0.0,1,0.0,0.0,0.0,0.0,0.0,0.0,0.0,0.0,4.0,0.0,500,400000,0.004999999888241291,30,True,0.3333333432674408,0.3333333432674408,0.0,0.0,0.0,0.0,1.0,0.0,0.0,0.0,0.0,0.0,0.0,0.0,0.0,1.0,30.0,83.764,83.76400000000001,59,13712,165000,jul-17-2021_1810
2217,0.0,0.0,0.0,0.0,1,0.0,0.0,0.0,0.0,0.0,0.0,0.0,0.0,4.0,0.0,500,400000,0.004999999888241291,30,True,0.3333333432674408,0.6666666865348816,0.0,0.0,0.0,0.0,1.0,0.0,0.0,0.0,0.0,0.0,0.0,0.0,0.0,1.0,30.0,82.176,82.17600000000004,53,11025,125000,jul-17-2021_1810
2218,0.0,0.0,0.0,0.0,1,0.0,0.0,0.0,0.0,0.0,0.0,0.0,0.0,4.0,0.0,500,400000,0.004999999888241291,30,True,0.3333333432674408,1.0,0.0,0.0,0.0,0.0,1.0,0.0,0.0,0.0,0.0,0.0,0.0,0.0,0.0,1.0,30.0,78.784,78.78399999999999,52,10844,110000,jul-17-2021_1810
2219,0.0,0.0,0.0,0.0,1,0.0,0.0,0.0,0.0,0.0,0.0,0.0,0.0,4.0,0.0,500,400000,0.004999999888241291,30,True,0.6666666865348816,-1.0,0.0,0.0,0.0,0.0,1.0,0.0,0.0,0.0,0.0,0.0,0.0,0.0,0.0,1.0,30.0,104.0,104.0,58,19794,205000,jul-17-2021_1811
2220,0.0,0.0,0.0,0.0,1,0.0,0.0,0.0,0.0,0.0,0.0,0.0,0.0,4.0,0.0,500,400000,0.004999999888241291,30,True,0.6666666865348816,-0.6666666865348816,0.0,0.0,0.0,0.0,1.0,0.0,0.0,0.0,0.0,0.0,0.0,0.0,0.0,1.0,30.0,101.584,101.58399999999995,63,27875,295000,jul-17-2021_1811
2221,0.0,0.0,0.0,0.0,1,0.0,0.0,0.0,0.0,0.0,0.0,0.0,0.0,4.0,0.0,500,400000,0.004999999888241291,30,True,0.6666666865348816,-0.3333333432674408,0.0,0.0,0.0,0.0,1.0,0.0,0.0,0.0,0.0,0.0,0.0,0.0,0.0,1.0,30.0,81.852,81.85199999999998,56,13307,140000,jul-17-2021_1811
2222,0.0,0.0,0.0,0.0,1,0.0,0.0,0.0,0.0,0.0,0.0,0.0,0.0,4.0,0.0,500,400000,0.004999999888241291,30,True,0.6666666865348816,0.0,0.0,0.0,0.0,0.0,1.0,0.0,0.0,0.0,0.0,0.0,0.0,0.0,0.0,1.0,30.0,105.796,105.79600000000005,59,23965,200000,jul-17-2021_1811
2223,0.0,0.0,0.0,0.0,1,0.0,0.0,0.0,0.0,0.0,0.0,0.0,0.0,4.0,0.0,500,400000,0.004999999888241291,30,True,0.6666666865348816,0.3333333432674408,0.0,0.0,0.0,0.0,1.0,0.0,0.0,0.0,0.0,0.0,0.0,0.0,0.0,1.0,30.0,89.552,89.55200000000002,56,16115,215000,jul-17-2021_1811
2224,0.0,0.0,0.0,0.0,1,0.0,0.0,0.0,0.0,0.0,0.0,0.0,0.0,4.0,0.0,500,400000,0.004999999888241291,30,True,0.6666666865348816,0.6666666865348816,0.0,0.0,0.0,0.0,1.0,0.0,0.0,0.0,0.0,0.0,0.0,0.0,0.0,1.0,30.0,56.3,56.299999999999955,47,6747,180000,jul-17-2021_1811
2225,0.0,0.0,0.0,0.0,1,0.0,0.0,0.0,0.0,0.0,0.0,0.0,0.0,4.0,0.0,500,400000,0.004999999888241291,30,True,0.6666666865348816,1.0,0.0,0.0,0.0,0.0,1.0,0.0,0.0,0.0,0.0,0.0,0.0,0.0,0.0,1.0,30.0,76.588,76.58799999999997,54,10407,130000,jul-17-2021_1811
2226,0.0,0.0,0.0,0.0,1,0.0,0.0,0.0,0.0,0.0,0.0,0.0,0.0,4.0,0.0,500,400000,0.004999999888241291,30,True,1.0,-1.0,0.0,0.0,0.0,0.0,1.0,0.0,0.0,0.0,0.0,0.0,0.0,0.0,0.0,1.0,30.0,83.952,83.952,53,13309,190000,jul-17-2021_1811
2227,0.0,0.0,0.0,0.0,1,0.0,0.0,0.0,0.0,0.0,0.0,0.0,0.0,4.0,0.0,500,400000,0.004999999888241291,30,True,1.0,-0.6666666865348816,0.0,0.0,0.0,0.0,1.0,0.0,0.0,0.0,0.0,0.0,0.0,0.0,0.0,1.0,30.0,92.796,92.79600000000005,62,14848,160000,jul-17-2021_1811
2228,0.0,0.0,0.0,0.0,1,0.0,0.0,0.0,0.0,0.0,0.0,0.0,0.0,4.0,0.0,500,400000,0.004999999888241291,30,True,1.0,-0.3333333432674408,0.0,0.0,0.0,0.0,1.0,0.0,0.0,0.0,0.0,0.0,0.0,0.0,0.0,1.0,30.0,81.992,81.99199999999996,52,10426,165000,jul-17-2021_1811
2229,0.0,0.0,0.0,0.0,1,0.0,0.0,0.0,0.0,0.0,0.0,0.0,0.0,4.0,0.0,500,400000,0.004999999888241291,30,True,1.0,0.0,0.0,0.0,0.0,0.0,1.0,0.0,0.0,0.0,0.0,0.0,0.0,0.0,0.0,1.0,30.0,92.32,92.32000000000005,56,15023,195000,jul-17-2021_1811
2230,0.0,0.0,0.0,0.0,1,0.0,0.0,0.0,0.0,0.0,0.0,0.0,0.0,4.0,0.0,500,400000,0.004999999888241291,30,True,1.0,0.3333333432674408,0.0,0.0,0.0,0.0,1.0,0.0,0.0,0.0,0.0,0.0,0.0,0.0,0.0,1.0,30.0,84.12,84.12,53,11134,145000,jul-17-2021_1811
2231,0.0,0.0,0.0,0.0,1,0.0,0.0,0.0,0.0,0.0,0.0,0.0,0.0,4.0,0.0,500,400000,0.004999999888241291,30,True,1.0,0.6666666865348816,0.0,0.0,0.0,0.0,1.0,0.0,0.0,0.0,0.0,0.0,0.0,0.0,0.0,1.0,30.0,96.384,96.38400000000001,58,15540,130000,jul-17-2021_1812
2232,0.0,0.0,0.0,0.0,1,0.0,0.0,0.0,0.0,0.0,0.0,0.0,0.0,4.0,0.0,500,400000,0.004999999888241291,30,True,1.0,1.0,0.0,0.0,0.0,0.0,1.0,0.0,0.0,0.0,0.0,0.0,0.0,0.0,0.0,1.0,30.0,72.976,72.976,51,9941,130000,jul-17-2021_1812
2233,0.0,0.0,0.0,0.0,1,0.0,0.0,0.0,0.0,0.0,0.0,0.0,0.0,4.0,0.0,500,400000,0.004999999888241291,30,True,1.3333333730697632,-1.0,0.0,0.0,0.0,0.0,1.0,0.0,0.0,0.0,0.0,0.0,0.0,0.0,0.0,1.0,30.0,80.78,80.77999999999997,56,15133,235000,jul-17-2021_1812
2234,0.0,0.0,0.0,0.0,1,0.0,0.0,0.0,0.0,0.0,0.0,0.0,0.0,4.0,0.0,500,400000,0.004999999888241291,30,True,1.3333333730697632,-0.6666666865348816,0.0,0.0,0.0,0.0,1.0,0.0,0.0,0.0,0.0,0.0,0.0,0.0,0.0,1.0,30.0,105.196,105.19600000000003,66,37461,390000,jul-17-2021_1812
2235,0.0,0.0,0.0,0.0,1,0.0,0.0,0.0,0.0,0.0,0.0,0.0,0.0,4.0,0.0,500,400000,0.004999999888241291,30,True,1.3333333730697632,-0.3333333432674408,0.0,0.0,0.0,0.0,1.0,0.0,0.0,0.0,0.0,0.0,0.0,0.0,0.0,1.0,30.0,100.604,100.60400000000004,57,18189,270000,jul-17-2021_1812
2236,0.0,0.0,0.0,0.0,1,0.0,0.0,0.0,0.0,0.0,0.0,0.0,0.0,4.0,0.0,500,400000,0.004999999888241291,30,True,1.3333333730697632,0.0,0.0,0.0,0.0,0.0,1.0,0.0,0.0,0.0,0.0,0.0,0.0,0.0,0.0,1.0,30.0,90.852,90.85199999999998,60,14585,180000,jul-17-2021_1812
2237,0.0,0.0,0.0,0.0,1,0.0,0.0,0.0,0.0,0.0,0.0,0.0,0.0,4.0,0.0,500,400000,0.004999999888241291,30,True,1.3333333730697632,0.3333333432674408,0.0,0.0,0.0,0.0,1.0,0.0,0.0,0.0,0.0,0.0,0.0,0.0,0.0,1.0,30.0,77.276,77.27599999999995,52,10384,210000,jul-17-2021_1812
2238,0.0,0.0,0.0,0.0,1,0.0,0.0,0.0,0.0,0.0,0.0,0.0,0.0,4.0,0.0,500,400000,0.004999999888241291,30,True,1.3333333730697632,0.6666666865348816,0.0,0.0,0.0,0.0,1.0,0.0,0.0,0.0,0.0,0.0,0.0,0.0,0.0,1.0,30.0,94.164,94.16399999999999,61,17187,155000,jul-17-2021_1812
2239,0.0,0.0,0.0,0.0,1,0.0,0.0,0.0,0.0,0.0,0.0,0.0,0.0,4.0,0.0,500,400000,0.004999999888241291,30,True,1.3333333730697632,1.0,0.0,0.0,0.0,0.0,1.0,0.0,0.0,0.0,0.0,0.0,0.0,0.0,0.0,1.0,30.0,91.396,91.39599999999996,58,15100,130000,jul-17-2021_1812
2240,0.0,0.0,0.0,0.0,1,0.0,0.0,0.0,0.0,0.0,0.0,0.0,0.0,4.0,0.0,500,400000,0.004999999888241291,30,True,1.6666666269302368,-1.0,0.0,0.0,0.0,0.0,1.0,0.0,0.0,0.0,0.0,0.0,0.0,0.0,0.0,1.0,30.0,109.224,109.22400000000005,63,22740,235000,jul-17-2021_1812
2241,0.0,0.0,0.0,0.0,1,0.0,0.0,0.0,0.0,0.0,0.0,0.0,0.0,4.0,0.0,500,400000,0.004999999888241291,30,True,1.6666666269302368,-0.6666666865348816,0.0,0.0,0.0,0.0,1.0,0.0,0.0,0.0,0.0,0.0,0.0,0.0,0.0,1.0,30.0,118.676,118.67600000000004,68,34297,365000,jul-17-2021_1813
2242,0.0,0.0,0.0,0.0,1,0.0,0.0,0.0,0.0,0.0,0.0,0.0,0.0,4.0,0.0,500,400000,0.004999999888241291,30,True,1.6666666269302368,-0.3333333432674408,0.0,0.0,0.0,0.0,1.0,0.0,0.0,0.0,0.0,0.0,0.0,0.0,0.0,1.0,30.0,108.572,108.572,64,19112,195000,jul-17-2021_1813
2243,0.0,0.0,0.0,0.0,1,0.0,0.0,0.0,0.0,0.0,0.0,0.0,0.0,4.0,0.0,500,400000,0.004999999888241291,30,True,1.6666666269302368,0.0,0.0,0.0,0.0,0.0,1.0,0.0,0.0,0.0,0.0,0.0,0.0,0.0,0.0,1.0,30.0,93.056,93.05600000000004,58,19012,350000,jul-17-2021_1813
2244,0.0,0.0,0.0,0.0,1,0.0,0.0,0.0,0.0,0.0,0.0,0.0,0.0,4.0,0.0,500,400000,0.004999999888241291,30,True,1.6666666269302368,0.3333333432674408,0.0,0.0,0.0,0.0,1.0,0.0,0.0,0.0,0.0,0.0,0.0,0.0,0.0,1.0,30.0,104.892,104.89200000000005,62,21197,220000,jul-17-2021_1813
2245,0.0,0.0,0.0,0.0,1,0.0,0.0,0.0,0.0,0.0,0.0,0.0,0.0,4.0,0.0,500,400000,0.004999999888241291,30,True,1.6666666269302368,0.6666666865348816,0.0,0.0,0.0,0.0,1.0,0.0,0.0,0.0,0.0,0.0,0.0,0.0,0.0,1.0,30.0,97.588,97.58799999999997,60,19861,190000,jul-17-2021_1813
2246,0.0,0.0,0.0,0.0,1,0.0,0.0,0.0,0.0,0.0,0.0,0.0,0.0,4.0,0.0,500,400000,0.004999999888241291,30,True,1.6666666269302368,1.0,0.0,0.0,0.0,0.0,1.0,0.0,0.0,0.0,0.0,0.0,0.0,0.0,0.0,1.0,30.0,80.096,80.096,50,9688,120000,jul-17-2021_1813
2247,0.0,0.0,0.0,0.0,1,0.0,0.0,0.0,0.0,0.0,0.0,0.0,0.0,4.0,0.0,500,400000,0.004999999888241291,30,True,2.0,-1.0,0.0,0.0,0.0,0.0,1.0,0.0,0.0,0.0,0.0,0.0,0.0,0.0,0.0,0.994,29.852,99.650096,98.48000000000002,62,38393,399999,jul-17-2021_1813
2248,0.0,0.0,0.0,0.0,1,0.0,0.0,0.0,0.0,0.0,0.0,0.0,0.0,4.0,0.0,500,400000,0.004999999888241291,30,True,2.0,-0.6666666865348816,0.0,0.0,0.0,0.0,1.0,0.0,0.0,0.0,0.0,0.0,0.0,0.0,0.0,0.948,29.094666644096375,118.22037148901855,105.84400000000005,59,21711,399999,jul-17-2021_1813
2249,0.0,0.0,0.0,0.0,1,0.0,0.0,0.0,0.0,0.0,0.0,0.0,0.0,4.0,0.0,500,400000,0.004999999888241291,30,True,2.0,-0.3333333432674408,0.0,0.0,0.0,0.0,1.0,0.0,0.0,0.0,0.0,0.0,0.0,0.0,0.0,1.0,30.0,110.832,110.832,59,21126,200000,jul-17-2021_1814
2250,0.0,0.0,0.0,0.0,1,0.0,0.0,0.0,0.0,0.0,0.0,0.0,0.0,4.0,0.0,500,400000,0.004999999888241291,30,True,2.0,0.0,0.0,0.0,0.0,0.0,1.0,0.0,0.0,0.0,0.0,0.0,0.0,0.0,0.0,1.0,30.0,98.344,98.34400000000005,55,14973,250000,jul-17-2021_1814
2251,0.0,0.0,0.0,0.0,1,0.0,0.0,0.0,0.0,0.0,0.0,0.0,0.0,4.0,0.0,500,400000,0.004999999888241291,30,True,2.0,0.3333333432674408,0.0,0.0,0.0,0.0,1.0,0.0,0.0,0.0,0.0,0.0,0.0,0.0,0.0,1.0,30.0,92.744,92.74400000000003,59,16389,170000,jul-17-2021_1814
2252,0.0,0.0,0.0,0.0,1,0.0,0.0,0.0,0.0,0.0,0.0,0.0,0.0,4.0,0.0,500,400000,0.004999999888241291,30,True,2.0,0.6666666865348816,0.0,0.0,0.0,0.0,1.0,0.0,0.0,0.0,0.0,0.0,0.0,0.0,0.0,1.0,30.0,94.592,94.59199999999998,57,15024,240000,jul-17-2021_1814
2253,0.0,0.0,0.0,0.0,1,0.0,0.0,0.0,0.0,0.0,0.0,0.0,0.0,4.0,0.0,500,400000,0.004999999888241291,30,True,2.0,1.0,0.0,0.0,0.0,0.0,1.0,0.0,0.0,0.0,0.0,0.0,0.0,0.0,0.0,0.958,30.848,106.39689600000001,93.024,62,20799,399999,jul-17-2021_1814
2254,0.0,0.0,0.0,0.0,1,0.0,0.0,0.0,0.0,0.0,0.0,0.0,0.0,4.0,0.0,500,400000,0.004999999888241291,30,True,0.0,-1.0,0.0,0.0,0.0,0.0,1.0,0.0,0.0,0.0,0.0,0.0,0.0,0.0,0.0,1.0,30.0,68.36,68.36000000000001,51,9736,110000,jul-17-2021_1814
2255,0.0,0.0,0.0,0.0,1,0.0,0.0,0.0,0.0,0.0,0.0,0.0,0.0,4.0,0.0,500,400000,0.004999999888241291,30,True,0.0,-0.6666666865348816,0.0,0.0,0.0,0.0,1.0,0.0,0.0,0.0,0.0,0.0,0.0,0.0,0.0,1.0,30.0,90.952,90.952,59,14759,130000,jul-17-2021_1814
2256,0.0,0.0,0.0,0.0,1,0.0,0.0,0.0,0.0,0.0,0.0,0.0,0.0,4.0,0.0,500,400000,0.004999999888241291,30,True,0.0,-0.3333333432674408,0.0,0.0,0.0,0.0,1.0,0.0,0.0,0.0,0.0,0.0,0.0,0.0,0.0,1.0,30.0,87.904,87.904,59,15459,175000,jul-17-2021_1814
2257,0.0,0.0,0.0,0.0,1,0.0,0.0,0.0,0.0,0.0,0.0,0.0,0.0,4.0,0.0,500,400000,0.004999999888241291,30,True,0.0,0.0,0.0,0.0,0.0,0.0,1.0,0.0,0.0,0.0,0.0,0.0,0.0,0.0,0.0,1.0,30.0,58.696,58.696000000000026,49,8543,100000,jul-17-2021_1814
2258,0.0,0.0,0.0,0.0,1,0.0,0.0,0.0,0.0,0.0,0.0,0.0,0.0,4.0,0.0,500,400000,0.004999999888241291,30,True,0.0,0.3333333432674408,0.0,0.0,0.0,0.0,1.0,0.0,0.0,0.0,0.0,0.0,0.0,0.0,0.0,1.0,30.0,82.168,82.168,53,12425,145000,jul-17-2021_1814
2259,0.0,0.0,0.0,0.0,1,0.0,0.0,0.0,0.0,0.0,0.0,0.0,0.0,4.0,0.0,500,400000,0.004999999888241291,30,True,0.0,0.6666666865348816,0.0,0.0,0.0,0.0,1.0,0.0,0.0,0.0,0.0,0.0,0.0,0.0,0.0,1.0,30.0,58.292,58.29200000000003,49,8190,95000,jul-17-2021_1814
2260,0.0,0.0,0.0,0.0,1,0.0,0.0,0.0,0.0,0.0,0.0,0.0,0.0,4.0,0.0,500,400000,0.004999999888241291,30,True,0.0,1.0,0.0,0.0,0.0,0.0,1.0,0.0,0.0,0.0,0.0,0.0,0.0,0.0,0.0,1.0,30.0,69.956,69.95600000000002,52,10239,145000,jul-17-2021_1814
2261,0.0,0.0,0.0,0.0,1,0.0,0.0,0.0,0.0,0.0,0.0,0.0,0.0,4.0,0.0,500,400000,0.004999999888241291,30,True,0.3333333432674408,-1.0,0.0,0.0,0.0,0.0,1.0,0.0,0.0,0.0,0.0,0.0,0.0,0.0,0.0,1.0,30.0,107.72,107.72000000000003,63,28799,280000,jul-17-2021_1815
2262,0.0,0.0,0.0,0.0,1,0.0,0.0,0.0,0.0,0.0,0.0,0.0,0.0,4.0,0.0,500,400000,0.004999999888241291,30,True,0.3333333432674408,-0.6666666865348816,0.0,0.0,0.0,0.0,1.0,0.0,0.0,0.0,0.0,0.0,0.0,0.0,0.0,1.0,30.0,67.368,67.36800000000005,49,7829,100000,jul-17-2021_1815
2263,0.0,0.0,0.0,0.0,1,0.0,0.0,0.0,0.0,0.0,0.0,0.0,0.0,4.0,0.0,500,400000,0.004999999888241291,30,True,0.3333333432674408,-0.3333333432674408,0.0,0.0,0.0,0.0,1.0,0.0,0.0,0.0,0.0,0.0,0.0,0.0,0.0,1.0,30.0,72.296,72.29600000000005,51,10522,145000,jul-17-2021_1815
2264,0.0,0.0,0.0,0.0,1,0.0,0.0,0.0,0.0,0.0,0.0,0.0,0.0,4.0,0.0,500,400000,0.004999999888241291,30,True,0.3333333432674408,0.0,0.0,0.0,0.0,0.0,1.0,0.0,0.0,0.0,0.0,0.0,0.0,0.0,0.0,1.0,30.0,89.66,89.65999999999997,61,16470,130000,jul-17-2021_1815
2265,0.0,0.0,0.0,0.0,1,0.0,0.0,0.0,0.0,0.0,0.0,0.0,0.0,4.0,0.0,500,400000,0.004999999888241291,30,True,0.3333333432674408,0.3333333432674408,0.0,0.0,0.0,0.0,1.0,0.0,0.0,0.0,0.0,0.0,0.0,0.0,0.0,1.0,30.0,86.508,86.50800000000004,60,15515,145000,jul-17-2021_1815
2266,0.0,0.0,0.0,0.0,1,0.0,0.0,0.0,0.0,0.0,0.0,0.0,0.0,4.0,0.0,500,400000,0.004999999888241291,30,True,0.3333333432674408,0.6666666865348816,0.0,0.0,0.0,0.0,1.0,0.0,0.0,0.0,0.0,0.0,0.0,0.0,0.0,1.0,30.0,75.896,75.89599999999996,52,9490,140000,jul-17-2021_1815
2267,0.0,0.0,0.0,0.0,1,0.0,0.0,0.0,0.0,0.0,0.0,0.0,0.0,4.0,0.0,500,400000,0.004999999888241291,30,True,0.3333333432674408,1.0,0.0,0.0,0.0,0.0,1.0,0.0,0.0,0.0,0.0,0.0,0.0,0.0,0.0,1.0,30.0,67.028,67.02800000000002,49,9262,105000,jul-17-2021_1815
2268,0.0,0.0,0.0,0.0,1,0.0,0.0,0.0,0.0,0.0,0.0,0.0,0.0,4.0,0.0,500,400000,0.004999999888241291,30,True,0.6666666865348816,-1.0,0.0,0.0,0.0,0.0,1.0,0.0,0.0,0.0,0.0,0.0,0.0,0.0,0.0,1.0,30.0,84.12,84.12,59,13191,245000,jul-17-2021_1815
2269,0.0,0.0,0.0,0.0,1,0.0,0.0,0.0,0.0,0.0,0.0,0.0,0.0,4.0,0.0,500,400000,0.004999999888241291,30,True,0.6666666865348816,-0.6666666865348816,0.0,0.0,0.0,0.0,1.0,0.0,0.0,0.0,0.0,0.0,0.0,0.0,0.0,1.0,30.0,98.632,98.63199999999995,57,19016,155000,jul-17-2021_1815
2270,0.0,0.0,0.0,0.0,1,0.0,0.0,0.0,0.0,0.0,0.0,0.0,0.0,4.0,0.0,500,400000,0.004999999888241291,30,True,0.6666666865348816,-0.3333333432674408,0.0,0.0,0.0,0.0,1.0,0.0,0.0,0.0,0.0,0.0,0.0,0.0,0.0,1.0,30.0,89.34,89.34000000000003,58,14686,155000,jul-17-2021_1815
2271,0.0,0.0,0.0,0.0,1,0.0,0.0,0.0,0.0,0.0,0.0,0.0,0.0,4.0,0.0,500,400000,0.004999999888241291,30,True,0.6666666865348816,0.0,0.0,0.0,0.0,0.0,1.0,0.0,0.0,0.0,0.0,0.0,0.0,0.0,0.0,1.0,30.0,84.032,84.03200000000004,56,13651,245000,jul-17-2021_1815
2272,0.0,0.0,0.0,0.0,1,0.0,0.0,0.0,0.0,0.0,0.0,0.0,0.0,4.0,0.0,500,400000,0.004999999888241291,30,True,0.6666666865348816,0.3333333432674408,0.0,0.0,0.0,0.0,1.0,0.0,0.0,0.0,0.0,0.0,0.0,0.0,0.0,1.0,30.0,75.188,75.18799999999999,52,12385,230000,jul-17-2021_1815
2273,0.0,0.0,0.0,0.0,1,0.0,0.0,0.0,0.0,0.0,0.0,0.0,0.0,4.0,0.0,500,400000,0.004999999888241291,30,True,0.6666666865348816,0.6666666865348816,0.0,0.0,0.0,0.0,1.0,0.0,0.0,0.0,0.0,0.0,0.0,0.0,0.0,1.0,30.0,69.34,69.34000000000003,52,9870,115000,jul-17-2021_1815
2274,0.0,0.0,0.0,0.0,1,0.0,0.0,0.0,0.0,0.0,0.0,0.0,0.0,4.0,0.0,500,400000,0.004999999888241291,30,True,0.6666666865348816,1.0,0.0,0.0,0.0,0.0,1.0,0.0,0.0,0.0,0.0,0.0,0.0,0.0,0.0,1.0,30.0,78.1,78.10000000000002,56,13059,190000,jul-17-2021_1816
2275,0.0,0.0,0.0,0.0,1,0.0,0.0,0.0,0.0,0.0,0.0,0.0,0.0,4.0,0.0,500,400000,0.004999999888241291,30,True,1.0,-1.0,0.0,0.0,0.0,0.0,1.0,0.0,0.0,0.0,0.0,0.0,0.0,0.0,0.0,1.0,30.0,90.396,90.39599999999996,55,13450,205000,jul-17-2021_1816
2276,0.0,0.0,0.0,0.0,1,0.0,0.0,0.0,0.0,0.0,0.0,0.0,0.0,4.0,0.0,500,400000,0.004999999888241291,30,True,1.0,-0.6666666865348816,0.0,0.0,0.0,0.0,1.0,0.0,0.0,0.0,0.0,0.0,0.0,0.0,0.0,1.0,30.0,107.42,107.41999999999996,71,23936,250000,jul-17-2021_1816
2277,0.0,0.0,0.0,0.0,1,0.0,0.0,0.0,0.0,0.0,0.0,0.0,0.0,4.0,0.0,500,400000,0.004999999888241291,30,True,1.0,-0.3333333432674408,0.0,0.0,0.0,0.0,1.0,0.0,0.0,0.0,0.0,0.0,0.0,0.0,0.0,1.0,30.0,92.928,92.928,58,13944,130000,jul-17-2021_1816
2278,0.0,0.0,0.0,0.0,1,0.0,0.0,0.0,0.0,0.0,0.0,0.0,0.0,4.0,0.0,500,400000,0.004999999888241291,30,True,1.0,0.0,0.0,0.0,0.0,0.0,1.0,0.0,0.0,0.0,0.0,0.0,0.0,0.0,0.0,1.0,30.0,86.86,86.86000000000001,57,12593,240000,jul-17-2021_1816
2279,0.0,0.0,0.0,0.0,1,0.0,0.0,0.0,0.0,0.0,0.0,0.0,0.0,4.0,0.0,500,400000,0.004999999888241291,30,True,1.0,0.3333333432674408,0.0,0.0,0.0,0.0,1.0,0.0,0.0,0.0,0.0,0.0,0.0,0.0,0.0,1.0,30.0,84.864,84.86400000000003,55,14265,135000,jul-17-2021_1816
2280,0.0,0.0,0.0,0.0,1,0.0,0.0,0.0,0.0,0.0,0.0,0.0,0.0,4.0,0.0,500,400000,0.004999999888241291,30,True,1.0,0.6666666865348816,0.0,0.0,0.0,0.0,1.0,0.0,0.0,0.0,0.0,0.0,0.0,0.0,0.0,1.0,30.0,84.732,84.73199999999997,55,14154,125000,jul-17-2021_1816
2281,0.0,0.0,0.0,0.0,1,0.0,0.0,0.0,0.0,0.0,0.0,0.0,0.0,4.0,0.0,500,400000,0.004999999888241291,30,True,1.0,1.0,0.0,0.0,0.0,0.0,1.0,0.0,0.0,0.0,0.0,0.0,0.0,0.0,0.0,1.0,30.0,77.604,77.60400000000004,56,14067,220000,jul-17-2021_1816
2282,0.0,0.0,0.0,0.0,1,0.0,0.0,0.0,0.0,0.0,0.0,0.0,0.0,4.0,0.0,500,400000,0.004999999888241291,30,True,1.3333333730697632,-1.0,0.0,0.0,0.0,0.0,1.0,0.0,0.0,0.0,0.0,0.0,0.0,0.0,0.0,1.0,30.0,118.784,118.78399999999999,66,37574,345000,jul-17-2021_1816
2283,0.0,0.0,0.0,0.0,1,0.0,0.0,0.0,0.0,0.0,0.0,0.0,0.0,4.0,0.0,500,400000,0.004999999888241291,30,True,1.3333333730697632,-0.6666666865348816,0.0,0.0,0.0,0.0,1.0,0.0,0.0,0.0,0.0,0.0,0.0,0.0,0.0,1.0,30.0,107.476,107.476,58,19250,180000,jul-17-2021_1816
2284,0.0,0.0,0.0,0.0,1,0.0,0.0,0.0,0.0,0.0,0.0,0.0,0.0,4.0,0.0,500,400000,0.004999999888241291,30,True,1.3333333730697632,-0.3333333432674408,0.0,0.0,0.0,0.0,1.0,0.0,0.0,0.0,0.0,0.0,0.0,0.0,0.0,1.0,30.0,104.848,104.84799999999996,61,21280,240000,jul-17-2021_1817
2285,0.0,0.0,0.0,0.0,1,0.0,0.0,0.0,0.0,0.0,0.0,0.0,0.0,4.0,0.0,500,400000,0.004999999888241291,30,True,1.3333333730697632,0.0,0.0,0.0,0.0,0.0,1.0,0.0,0.0,0.0,0.0,0.0,0.0,0.0,0.0,1.0,30.0,81.816,81.81600000000003,58,13927,150000,jul-17-2021_1817
2286,0.0,0.0,0.0,0.0,1,0.0,0.0,0.0,0.0,0.0,0.0,0.0,0.0,4.0,0.0,500,400000,0.004999999888241291,30,True,1.3333333730697632,0.3333333432674408,0.0,0.0,0.0,0.0,1.0,0.0,0.0,0.0,0.0,0.0,0.0,0.0,0.0,1.0,30.0,74.732,74.73199999999997,52,10030,185000,jul-17-2021_1817
2287,0.0,0.0,0.0,0.0,1,0.0,0.0,0.0,0.0,0.0,0.0,0.0,0.0,4.0,0.0,500,400000,0.004999999888241291,30,True,1.3333333730697632,0.6666666865348816,0.0,0.0,0.0,0.0,1.0,0.0,0.0,0.0,0.0,0.0,0.0,0.0,0.0,1.0,30.0,88.028,88.02800000000002,59,12784,220000,jul-17-2021_1817
2288,0.0,0.0,0.0,0.0,1,0.0,0.0,0.0,0.0,0.0,0.0,0.0,0.0,4.0,0.0,500,400000,0.004999999888241291,30,True,1.3333333730697632,1.0,0.0,0.0,0.0,0.0,1.0,0.0,0.0,0.0,0.0,0.0,0.0,0.0,0.0,1.0,30.0,83.3,83.29999999999995,56,12736,285000,jul-17-2021_1817
2289,0.0,0.0,0.0,0.0,1,0.0,0.0,0.0,0.0,0.0,0.0,0.0,0.0,4.0,0.0,500,400000,0.004999999888241291,30,True,1.6666666269302368,-1.0,0.0,0.0,0.0,0.0,1.0,0.0,0.0,0.0,0.0,0.0,0.0,0.0,0.0,1.0,30.0,90.388,90.38800000000003,59,14220,160000,jul-17-2021_1817
2290,0.0,0.0,0.0,0.0,1,0.0,0.0,0.0,0.0,0.0,0.0,0.0,0.0,4.0,0.0,500,400000,0.004999999888241291,30,True,1.6666666269302368,-0.6666666865348816,0.0,0.0,0.0,0.0,1.0,0.0,0.0,0.0,0.0,0.0,0.0,0.0,0.0,1.0,30.0,100.164,100.16399999999999,60,22074,170000,jul-17-2021_1817
2291,0.0,0.0,0.0,0.0,1,0.0,0.0,0.0,0.0,0.0,0.0,0.0,0.0,4.0,0.0,500,400000,0.004999999888241291,30,True,1.6666666269302368,-0.3333333432674408,0.0,0.0,0.0,0.0,1.0,0.0,0.0,0.0,0.0,0.0,0.0,0.0,0.0,1.0,30.0,87.932,87.93200000000002,57,12443,135000,jul-17-2021_1817
2292,0.0,0.0,0.0,0.0,1,0.0,0.0,0.0,0.0,0.0,0.0,0.0,0.0,4.0,0.0,500,400000,0.004999999888241291,30,True,1.6666666269302368,0.0,0.0,0.0,0.0,0.0,1.0,0.0,0.0,0.0,0.0,0.0,0.0,0.0,0.0,1.0,30.0,98.876,98.87599999999998,61,18864,240000,jul-17-2021_1817
2293,0.0,0.0,0.0,0.0,1,0.0,0.0,0.0,0.0,0.0,0.0,0.0,0.0,4.0,0.0,500,400000,0.004999999888241291,30,True,1.6666666269302368,0.3333333432674408,0.0,0.0,0.0,0.0,1.0,0.0,0.0,0.0,0.0,0.0,0.0,0.0,0.0,1.0,30.0,106.764,106.76400000000001,61,23029,195000,jul-17-2021_1817
2294,0.0,0.0,0.0,0.0,1,0.0,0.0,0.0,0.0,0.0,0.0,0.0,0.0,4.0,0.0,500,400000,0.004999999888241291,30,True,1.6666666269302368,0.6666666865348816,0.0,0.0,0.0,0.0,1.0,0.0,0.0,0.0,0.0,0.0,0.0,0.0,0.0,1.0,30.0,74.508,74.50800000000004,55,13690,175000,jul-17-2021_1817
2295,0.0,0.0,0.0,0.0,1,0.0,0.0,0.0,0.0,0.0,0.0,0.0,0.0,4.0,0.0,500,400000,0.004999999888241291,30,True,1.6666666269302368,1.0,0.0,0.0,0.0,0.0,1.0,0.0,0.0,0.0,0.0,0.0,0.0,0.0,0.0,1.0,30.0,94.868,94.86800000000005,58,17691,270000,jul-17-2021_1818
2296,0.0,0.0,0.0,0.0,1,0.0,0.0,0.0,0.0,0.0,0.0,0.0,0.0,4.0,0.0,500,400000,0.004999999888241291,30,True,2.0,-1.0,0.0,0.0,0.0,0.0,1.0,0.0,0.0,0.0,0.0,0.0,0.0,0.0,0.0,1.0,30.0,107.96,107.96000000000004,68,33392,399999,jul-17-2021_1818
2297,0.0,0.0,0.0,0.0,1,0.0,0.0,0.0,0.0,0.0,0.0,0.0,0.0,4.0,0.0,500,400000,0.004999999888241291,30,True,2.0,-0.6666666865348816,0.0,0.0,0.0,0.0,1.0,0.0,0.0,0.0,0.0,0.0,0.0,0.0,0.0,0.97,29.441333318591116,116.2567804003689,107.44000000000005,68,61793,399999,jul-17-2021_1818
2298,0.0,0.0,0.0,0.0,1,0.0,0.0,0.0,0.0,0.0,0.0,0.0,0.0,4.0,0.0,500,400000,0.004999999888241291,30,True,2.0,-0.3333333432674408,0.0,0.0,0.0,0.0,1.0,0.0,0.0,0.0,0.0,0.0,0.0,0.0,0.0,1.0,30.0,93.936,93.93600000000004,63,18912,155000,jul-17-2021_1818
2299,0.0,0.0,0.0,0.0,1,0.0,0.0,0.0,0.0,0.0,0.0,0.0,0.0,4.0,0.0,500,400000,0.004999999888241291,30,True,2.0,0.0,0.0,0.0,0.0,0.0,1.0,0.0,0.0,0.0,0.0,0.0,0.0,0.0,0.0,1.0,30.0,83.34,83.34000000000003,59,12907,270000,jul-17-2021_1818
2300,0.0,0.0,0.0,0.0,1,0.0,0.0,0.0,0.0,0.0,0.0,0.0,0.0,4.0,0.0,500,400000,0.004999999888241291,30,True,2.0,0.3333333432674408,0.0,0.0,0.0,0.0,1.0,0.0,0.0,0.0,0.0,0.0,0.0,0.0,0.0,1.0,30.0,96.72,96.72000000000003,59,29346,300000,jul-17-2021_1818
2301,0.0,0.0,0.0,0.0,1,0.0,0.0,0.0,0.0,0.0,0.0,0.0,0.0,4.0,0.0,500,400000,0.004999999888241291,30,True,2.0,0.6666666865348816,0.0,0.0,0.0,0.0,1.0,0.0,0.0,0.0,0.0,0.0,0.0,0.0,0.0,1.0,30.0,102.892,102.89200000000005,60,27914,225000,jul-17-2021_1819
2302,0.0,0.0,0.0,0.0,1,0.0,0.0,0.0,0.0,0.0,0.0,0.0,0.0,4.0,0.0,500,400000,0.004999999888241291,30,True,2.0,1.0,0.0,0.0,0.0,0.0,1.0,0.0,0.0,0.0,0.0,0.0,0.0,0.0,0.0,1.0,30.0,102.152,102.15200000000004,61,21287,230000,jul-17-2021_1819
2303,0.0,0.0,0.0,0.0,1,0.0,0.0,0.0,0.0,0.0,0.0,0.0,0.0,4.0,0.0,500,400000,0.004999999888241291,30,True,0.0,-1.0,0.0,0.0,0.0,0.0,1.0,0.0,0.0,0.0,0.0,0.0,0.0,0.0,0.0,1.0,30.0,79.636,79.63599999999997,50,11742,125000,jul-17-2021_1819
2304,0.0,0.0,0.0,0.0,1,0.0,0.0,0.0,0.0,0.0,0.0,0.0,0.0,4.0,0.0,500,400000,0.004999999888241291,30,True,0.0,-0.6666666865348816,0.0,0.0,0.0,0.0,1.0,0.0,0.0,0.0,0.0,0.0,0.0,0.0,0.0,1.0,30.0,76.076,76.07600000000002,56,11867,190000,jul-17-2021_1819
2305,0.0,0.0,0.0,0.0,1,0.0,0.0,0.0,0.0,0.0,0.0,0.0,0.0,4.0,0.0,500,400000,0.004999999888241291,30,True,0.0,-0.3333333432674408,0.0,0.0,0.0,0.0,1.0,0.0,0.0,0.0,0.0,0.0,0.0,0.0,0.0,1.0,30.0,94.104,94.10400000000004,54,13531,165000,jul-17-2021_1819
2306,0.0,0.0,0.0,0.0,1,0.0,0.0,0.0,0.0,0.0,0.0,0.0,0.0,4.0,0.0,500,400000,0.004999999888241291,30,True,0.0,0.0,0.0,0.0,0.0,0.0,1.0,0.0,0.0,0.0,0.0,0.0,0.0,0.0,0.0,1.0,30.0,72.236,72.23599999999999,55,10571,110000,jul-17-2021_1819
2307,0.0,0.0,0.0,0.0,1,0.0,0.0,0.0,0.0,0.0,0.0,0.0,0.0,4.0,0.0,500,400000,0.004999999888241291,30,True,0.0,0.3333333432674408,0.0,0.0,0.0,0.0,1.0,0.0,0.0,0.0,0.0,0.0,0.0,0.0,0.0,1.0,30.0,71.836,71.83600000000001,48,11403,120000,jul-17-2021_1819
2308,0.0,0.0,0.0,0.0,1,0.0,0.0,0.0,0.0,0.0,0.0,0.0,0.0,4.0,0.0,500,400000,0.004999999888241291,30,True,0.0,0.6666666865348816,0.0,0.0,0.0,0.0,1.0,0.0,0.0,0.0,0.0,0.0,0.0,0.0,0.0,1.0,30.0,81.08,81.08000000000004,50,10791,135000,jul-17-2021_1819
2309,0.0,0.0,0.0,0.0,1,0.0,0.0,0.0,0.0,0.0,0.0,0.0,0.0,4.0,0.0,500,400000,0.004999999888241291,30,True,0.0,1.0,0.0,0.0,0.0,0.0,1.0,0.0,0.0,0.0,0.0,0.0,0.0,0.0,0.0,1.0,30.0,53.332,53.331999999999994,46,7356,130000,jul-17-2021_1819
2310,0.0,0.0,0.0,0.0,1,0.0,0.0,0.0,0.0,0.0,0.0,0.0,0.0,4.0,0.0,500,400000,0.004999999888241291,30,True,0.3333333432674408,-1.0,0.0,0.0,0.0,0.0,1.0,0.0,0.0,0.0,0.0,0.0,0.0,0.0,0.0,1.0,30.0,101.98,101.98000000000002,64,29596,210000,jul-17-2021_1819
2311,0.0,0.0,0.0,0.0,1,0.0,0.0,0.0,0.0,0.0,0.0,0.0,0.0,4.0,0.0,500,400000,0.004999999888241291,30,True,0.3333333432674408,-0.6666666865348816,0.0,0.0,0.0,0.0,1.0,0.0,0.0,0.0,0.0,0.0,0.0,0.0,0.0,1.0,30.0,79.668,79.668,51,12526,140000,jul-17-2021_1819
2312,0.0,0.0,0.0,0.0,1,0.0,0.0,0.0,0.0,0.0,0.0,0.0,0.0,4.0,0.0,500,400000,0.004999999888241291,30,True,0.3333333432674408,-0.3333333432674408,0.0,0.0,0.0,0.0,1.0,0.0,0.0,0.0,0.0,0.0,0.0,0.0,0.0,1.0,30.0,85.292,85.29200000000003,60,12069,125000,jul-17-2021_1819
2313,0.0,0.0,0.0,0.0,1,0.0,0.0,0.0,0.0,0.0,0.0,0.0,0.0,4.0,0.0,500,400000,0.004999999888241291,30,True,0.3333333432674408,0.0,0.0,0.0,0.0,0.0,1.0,0.0,0.0,0.0,0.0,0.0,0.0,0.0,0.0,1.0,30.0,84.252,84.25199999999995,53,12242,145000,jul-17-2021_1819
2314,0.0,0.0,0.0,0.0,1,0.0,0.0,0.0,0.0,0.0,0.0,0.0,0.0,4.0,0.0,500,400000,0.004999999888241291,30,True,0.3333333432674408,0.3333333432674408,0.0,0.0,0.0,0.0,1.0,0.0,0.0,0.0,0.0,0.0,0.0,0.0,0.0,1.0,30.0,67.304,67.30399999999997,54,10633,185000,jul-17-2021_1819
2315,0.0,0.0,0.0,0.0,1,0.0,0.0,0.0,0.0,0.0,0.0,0.0,0.0,4.0,0.0,500,400000,0.004999999888241291,30,True,0.3333333432674408,0.6666666865348816,0.0,0.0,0.0,0.0,1.0,0.0,0.0,0.0,0.0,0.0,0.0,0.0,0.0,1.0,30.0,65.4,65.39999999999998,49,9549,175000,jul-17-2021_1820
2316,0.0,0.0,0.0,0.0,1,0.0,0.0,0.0,0.0,0.0,0.0,0.0,0.0,4.0,0.0,500,400000,0.004999999888241291,30,True,0.3333333432674408,1.0,0.0,0.0,0.0,0.0,1.0,0.0,0.0,0.0,0.0,0.0,0.0,0.0,0.0,1.0,30.0,66.9,66.89999999999998,59,9384,110000,jul-17-2021_1820
2317,0.0,0.0,0.0,0.0,1,0.0,0.0,0.0,0.0,0.0,0.0,0.0,0.0,4.0,0.0,500,400000,0.004999999888241291,30,True,0.6666666865348816,-1.0,0.0,0.0,0.0,0.0,1.0,0.0,0.0,0.0,0.0,0.0,0.0,0.0,0.0,1.0,30.0,85.912,85.91200000000003,54,14652,140000,jul-17-2021_1820
2318,0.0,0.0,0.0,0.0,1,0.0,0.0,0.0,0.0,0.0,0.0,0.0,0.0,4.0,0.0,500,400000,0.004999999888241291,30,True,0.6666666865348816,-0.6666666865348816,0.0,0.0,0.0,0.0,1.0,0.0,0.0,0.0,0.0,0.0,0.0,0.0,0.0,1.0,30.0,100.264,100.26400000000001,58,19160,205000,jul-17-2021_1820
2319,0.0,0.0,0.0,0.0,1,0.0,0.0,0.0,0.0,0.0,0.0,0.0,0.0,4.0,0.0,500,400000,0.004999999888241291,30,True,0.6666666865348816,-0.3333333432674408,0.0,0.0,0.0,0.0,1.0,0.0,0.0,0.0,0.0,0.0,0.0,0.0,0.0,1.0,30.0,97.336,97.33600000000001,58,20481,230000,jul-17-2021_1820
2320,0.0,0.0,0.0,0.0,1,0.0,0.0,0.0,0.0,0.0,0.0,0.0,0.0,4.0,0.0,500,400000,0.004999999888241291,30,True,0.6666666865348816,0.0,0.0,0.0,0.0,0.0,1.0,0.0,0.0,0.0,0.0,0.0,0.0,0.0,0.0,1.0,30.0,88.604,88.60400000000004,63,17398,150000,jul-17-2021_1820
2321,0.0,0.0,0.0,0.0,1,0.0,0.0,0.0,0.0,0.0,0.0,0.0,0.0,4.0,0.0,500,400000,0.004999999888241291,30,True,0.6666666865348816,0.3333333432674408,0.0,0.0,0.0,0.0,1.0,0.0,0.0,0.0,0.0,0.0,0.0,0.0,0.0,1.0,30.0,67.14,67.13999999999999,52,7824,125000,jul-17-2021_1820
2322,0.0,0.0,0.0,0.0,1,0.0,0.0,0.0,0.0,0.0,0.0,0.0,0.0,4.0,0.0,500,400000,0.004999999888241291,30,True,0.6666666865348816,0.6666666865348816,0.0,0.0,0.0,0.0,1.0,0.0,0.0,0.0,0.0,0.0,0.0,0.0,0.0,1.0,30.0,53.688,53.68799999999999,48,6889,110000,jul-17-2021_1820
2323,0.0,0.0,0.0,0.0,1,0.0,0.0,0.0,0.0,0.0,0.0,0.0,0.0,4.0,0.0,500,400000,0.004999999888241291,30,True,0.6666666865348816,1.0,0.0,0.0,0.0,0.0,1.0,0.0,0.0,0.0,0.0,0.0,0.0,0.0,0.0,1.0,30.0,73.544,73.54399999999998,54,9828,180000,jul-17-2021_1820
2324,0.0,0.0,0.0,0.0,1,0.0,0.0,0.0,0.0,0.0,0.0,0.0,0.0,4.0,0.0,500,400000,0.004999999888241291,30,True,1.0,-1.0,0.0,0.0,0.0,0.0,1.0,0.0,0.0,0.0,0.0,0.0,0.0,0.0,0.0,1.0,30.0,99.208,99.20799999999997,63,22888,210000,jul-17-2021_1820
2325,0.0,0.0,0.0,0.0,1,0.0,0.0,0.0,0.0,0.0,0.0,0.0,0.0,4.0,0.0,500,400000,0.004999999888241291,30,True,1.0,-0.6666666865348816,0.0,0.0,0.0,0.0,1.0,0.0,0.0,0.0,0.0,0.0,0.0,0.0,0.0,1.0,30.0,90.364,90.36400000000003,55,17325,220000,jul-17-2021_1820
2326,0.0,0.0,0.0,0.0,1,0.0,0.0,0.0,0.0,0.0,0.0,0.0,0.0,4.0,0.0,500,400000,0.004999999888241291,30,True,1.0,-0.3333333432674408,0.0,0.0,0.0,0.0,1.0,0.0,0.0,0.0,0.0,0.0,0.0,0.0,0.0,1.0,30.0,90.188,90.18799999999999,56,15763,230000,jul-17-2021_1821
2327,0.0,0.0,0.0,0.0,1,0.0,0.0,0.0,0.0,0.0,0.0,0.0,0.0,4.0,0.0,500,400000,0.004999999888241291,30,True,1.0,0.0,0.0,0.0,0.0,0.0,1.0,0.0,0.0,0.0,0.0,0.0,0.0,0.0,0.0,1.0,30.0,89.648,89.64800000000002,57,15621,155000,jul-17-2021_1821
2328,0.0,0.0,0.0,0.0,1,0.0,0.0,0.0,0.0,0.0,0.0,0.0,0.0,4.0,0.0,500,400000,0.004999999888241291,30,True,1.0,0.3333333432674408,0.0,0.0,0.0,0.0,1.0,0.0,0.0,0.0,0.0,0.0,0.0,0.0,0.0,1.0,30.0,83.268,83.26800000000003,51,12940,120000,jul-17-2021_1821
2329,0.0,0.0,0.0,0.0,1,0.0,0.0,0.0,0.0,0.0,0.0,0.0,0.0,4.0,0.0,500,400000,0.004999999888241291,30,True,1.0,0.6666666865348816,0.0,0.0,0.0,0.0,1.0,0.0,0.0,0.0,0.0,0.0,0.0,0.0,0.0,1.0,30.0,80.692,80.69200000000001,54,11047,125000,jul-17-2021_1821
2330,0.0,0.0,0.0,0.0,1,0.0,0.0,0.0,0.0,0.0,0.0,0.0,0.0,4.0,0.0,500,400000,0.004999999888241291,30,True,1.0,1.0,0.0,0.0,0.0,0.0,1.0,0.0,0.0,0.0,0.0,0.0,0.0,0.0,0.0,1.0,30.0,62.172,62.172000000000025,47,9008,95000,jul-17-2021_1821
2331,0.0,0.0,0.0,0.0,1,0.0,0.0,0.0,0.0,0.0,0.0,0.0,0.0,4.0,0.0,500,400000,0.004999999888241291,30,True,1.3333333730697632,-1.0,0.0,0.0,0.0,0.0,1.0,0.0,0.0,0.0,0.0,0.0,0.0,0.0,0.0,1.0,30.0,96.048,96.048,59,21068,275000,jul-17-2021_1821
2332,0.0,0.0,0.0,0.0,1,0.0,0.0,0.0,0.0,0.0,0.0,0.0,0.0,4.0,0.0,500,400000,0.004999999888241291,30,True,1.3333333730697632,-0.6666666865348816,0.0,0.0,0.0,0.0,1.0,0.0,0.0,0.0,0.0,0.0,0.0,0.0,0.0,1.0,30.0,104.716,104.71600000000001,64,34668,290000,jul-17-2021_1821
2333,0.0,0.0,0.0,0.0,1,0.0,0.0,0.0,0.0,0.0,0.0,0.0,0.0,4.0,0.0,500,400000,0.004999999888241291,30,True,1.3333333730697632,-0.3333333432674408,0.0,0.0,0.0,0.0,1.0,0.0,0.0,0.0,0.0,0.0,0.0,0.0,0.0,1.0,30.0,98.056,98.05600000000004,64,16787,190000,jul-17-2021_1821
2334,0.0,0.0,0.0,0.0,1,0.0,0.0,0.0,0.0,0.0,0.0,0.0,0.0,4.0,0.0,500,400000,0.004999999888241291,30,True,1.3333333730697632,0.0,0.0,0.0,0.0,0.0,1.0,0.0,0.0,0.0,0.0,0.0,0.0,0.0,0.0,1.0,30.0,87.996,87.99599999999998,60,20404,190000,jul-17-2021_1821
2335,0.0,0.0,0.0,0.0,1,0.0,0.0,0.0,0.0,0.0,0.0,0.0,0.0,4.0,0.0,500,400000,0.004999999888241291,30,True,1.3333333730697632,0.3333333432674408,0.0,0.0,0.0,0.0,1.0,0.0,0.0,0.0,0.0,0.0,0.0,0.0,0.0,1.0,30.0,83.124,83.12400000000002,56,14114,190000,jul-17-2021_1821
2336,0.0,0.0,0.0,0.0,1,0.0,0.0,0.0,0.0,0.0,0.0,0.0,0.0,4.0,0.0,500,400000,0.004999999888241291,30,True,1.3333333730697632,0.6666666865348816,0.0,0.0,0.0,0.0,1.0,0.0,0.0,0.0,0.0,0.0,0.0,0.0,0.0,1.0,30.0,74.3,74.29999999999995,55,12798,130000,jul-17-2021_1821
2337,0.0,0.0,0.0,0.0,1,0.0,0.0,0.0,0.0,0.0,0.0,0.0,0.0,4.0,0.0,500,400000,0.004999999888241291,30,True,1.3333333730697632,1.0,0.0,0.0,0.0,0.0,1.0,0.0,0.0,0.0,0.0,0.0,0.0,0.0,0.0,1.0,30.0,86.036,86.03599999999994,58,13103,170000,jul-17-2021_1821
2338,0.0,0.0,0.0,0.0,1,0.0,0.0,0.0,0.0,0.0,0.0,0.0,0.0,4.0,0.0,500,400000,0.004999999888241291,30,True,1.6666666269302368,-1.0,0.0,0.0,0.0,0.0,1.0,0.0,0.0,0.0,0.0,0.0,0.0,0.0,0.0,0.994,29.83066666173935,121.06865945692996,122.23599999999999,64,35441,399999,jul-17-2021_1822
2339,0.0,0.0,0.0,0.0,1,0.0,0.0,0.0,0.0,0.0,0.0,0.0,0.0,4.0,0.0,500,400000,0.004999999888241291,30,True,1.6666666269302368,-0.6666666865348816,0.0,0.0,0.0,0.0,1.0,0.0,0.0,0.0,0.0,0.0,0.0,0.0,0.0,1.0,30.0,119.536,119.53599999999994,69,35739,215000,jul-17-2021_1822
2340,0.0,0.0,0.0,0.0,1,0.0,0.0,0.0,0.0,0.0,0.0,0.0,0.0,4.0,0.0,500,400000,0.004999999888241291,30,True,1.6666666269302368,-0.3333333432674408,0.0,0.0,0.0,0.0,1.0,0.0,0.0,0.0,0.0,0.0,0.0,0.0,0.0,1.0,30.0,104.864,104.86400000000003,66,21405,195000,jul-17-2021_1822
2341,0.0,0.0,0.0,0.0,1,0.0,0.0,0.0,0.0,0.0,0.0,0.0,0.0,4.0,0.0,500,400000,0.004999999888241291,30,True,1.6666666269302368,0.0,0.0,0.0,0.0,0.0,1.0,0.0,0.0,0.0,0.0,0.0,0.0,0.0,0.0,1.0,30.0,108.568,108.56799999999998,68,27314,205000,jul-17-2021_1822
2342,0.0,0.0,0.0,0.0,1,0.0,0.0,0.0,0.0,0.0,0.0,0.0,0.0,4.0,0.0,500,400000,0.004999999888241291,30,True,1.6666666269302368,0.3333333432674408,0.0,0.0,0.0,0.0,1.0,0.0,0.0,0.0,0.0,0.0,0.0,0.0,0.0,1.0,30.0,94.512,94.51199999999994,58,13705,210000,jul-17-2021_1822
2343,0.0,0.0,0.0,0.0,1,0.0,0.0,0.0,0.0,0.0,0.0,0.0,0.0,4.0,0.0,500,400000,0.004999999888241291,30,True,1.6666666269302368,0.6666666865348816,0.0,0.0,0.0,0.0,1.0,0.0,0.0,0.0,0.0,0.0,0.0,0.0,0.0,1.0,30.0,81.468,81.46799999999996,53,14585,125000,jul-17-2021_1822
2344,0.0,0.0,0.0,0.0,1,0.0,0.0,0.0,0.0,0.0,0.0,0.0,0.0,4.0,0.0,500,400000,0.004999999888241291,30,True,1.6666666269302368,1.0,0.0,0.0,0.0,0.0,1.0,0.0,0.0,0.0,0.0,0.0,0.0,0.0,0.0,1.0,30.0,88.516,88.51599999999996,59,14979,205000,jul-17-2021_1822
2345,0.0,0.0,0.0,0.0,1,0.0,0.0,0.0,0.0,0.0,0.0,0.0,0.0,4.0,0.0,500,400000,0.004999999888241291,30,True,2.0,-1.0,0.0,0.0,0.0,0.0,1.0,0.0,0.0,0.0,0.0,0.0,0.0,0.0,0.0,1.0,30.0,116.656,116.65599999999995,67,24903,190000,jul-17-2021_1822
2346,0.0,0.0,0.0,0.0,1,0.0,0.0,0.0,0.0,0.0,0.0,0.0,0.0,4.0,0.0,500,400000,0.004999999888241291,30,True,2.0,-0.6666666865348816,0.0,0.0,0.0,0.0,1.0,0.0,0.0,0.0,0.0,0.0,0.0,0.0,0.0,1.0,30.0,114.812,114.81200000000001,61,30585,340000,jul-17-2021_1822
2347,0.0,0.0,0.0,0.0,1,0.0,0.0,0.0,0.0,0.0,0.0,0.0,0.0,4.0,0.0,500,400000,0.004999999888241291,30,True,2.0,-0.3333333432674408,0.0,0.0,0.0,0.0,1.0,0.0,0.0,0.0,0.0,0.0,0.0,0.0,0.0,1.0,30.0,81.96,81.96000000000004,58,9835,140000,jul-17-2021_1823
2348,0.0,0.0,0.0,0.0,1,0.0,0.0,0.0,0.0,0.0,0.0,0.0,0.0,4.0,0.0,500,400000,0.004999999888241291,30,True,2.0,0.0,0.0,0.0,0.0,0.0,1.0,0.0,0.0,0.0,0.0,0.0,0.0,0.0,0.0,0.88,29.5,146.97,110.03599999999994,63,33996,399999,jul-17-2021_1823
2349,0.0,0.0,0.0,0.0,1,0.0,0.0,0.0,0.0,0.0,0.0,0.0,0.0,4.0,0.0,500,400000,0.004999999888241291,30,True,2.0,0.3333333432674408,0.0,0.0,0.0,0.0,1.0,0.0,0.0,0.0,0.0,0.0,0.0,0.0,0.0,1.0,30.0,105.656,105.65599999999995,63,24122,260000,jul-17-2021_1823
2350,0.0,0.0,0.0,0.0,1,0.0,0.0,0.0,0.0,0.0,0.0,0.0,0.0,4.0,0.0,500,400000,0.004999999888241291,30,True,2.0,0.6666666865348816,0.0,0.0,0.0,0.0,1.0,0.0,0.0,0.0,0.0,0.0,0.0,0.0,0.0,1.0,30.0,103.204,103.20399999999995,79,21603,250000,jul-17-2021_1823
2351,0.0,0.0,0.0,0.0,1,0.0,0.0,0.0,0.0,0.0,0.0,0.0,0.0,4.0,0.0,500,400000,0.004999999888241291,30,True,2.0,1.0,0.0,0.0,0.0,0.0,1.0,0.0,0.0,0.0,0.0,0.0,0.0,0.0,0.0,1.0,30.0,103.38,103.38,60,19712,260000,jul-17-2021_1823
2352,0.0,0.0,0.0,0.0,1,0.0,0.0,0.0,0.0,0.0,0.0,0.0,0.0,4.0,0.0,500,400000,0.004999999888241291,30,True,0.0,-1.0,0.0,0.0,0.0,0.0,1.0,0.0,0.0,0.0,0.0,0.0,0.0,0.0,0.0,1.0,30.0,71.448,71.44799999999998,55,10214,105000,jul-17-2021_1823
2353,0.0,0.0,0.0,0.0,1,0.0,0.0,0.0,0.0,0.0,0.0,0.0,0.0,4.0,0.0,500,400000,0.004999999888241291,30,True,0.0,-0.6666666865348816,0.0,0.0,0.0,0.0,1.0,0.0,0.0,0.0,0.0,0.0,0.0,0.0,0.0,1.0,30.0,81.876,81.87599999999998,53,11907,155000,jul-17-2021_1823
2354,0.0,0.0,0.0,0.0,1,0.0,0.0,0.0,0.0,0.0,0.0,0.0,0.0,4.0,0.0,500,400000,0.004999999888241291,30,True,0.0,-0.3333333432674408,0.0,0.0,0.0,0.0,1.0,0.0,0.0,0.0,0.0,0.0,0.0,0.0,0.0,1.0,30.0,79.14,79.13999999999999,55,13644,160000,jul-17-2021_1823
2355,0.0,0.0,0.0,0.0,1,0.0,0.0,0.0,0.0,0.0,0.0,0.0,0.0,4.0,0.0,500,400000,0.004999999888241291,30,True,0.0,0.0,0.0,0.0,0.0,0.0,1.0,0.0,0.0,0.0,0.0,0.0,0.0,0.0,0.0,1.0,30.0,64.572,64.572,47,8176,120000,jul-17-2021_1823
2356,0.0,0.0,0.0,0.0,1,0.0,0.0,0.0,0.0,0.0,0.0,0.0,0.0,4.0,0.0,500,400000,0.004999999888241291,30,True,0.0,0.3333333432674408,0.0,0.0,0.0,0.0,1.0,0.0,0.0,0.0,0.0,0.0,0.0,0.0,0.0,1.0,30.0,77.72,77.72000000000003,50,11109,85000,jul-17-2021_1823
2357,0.0,0.0,0.0,0.0,1,0.0,0.0,0.0,0.0,0.0,0.0,0.0,0.0,4.0,0.0,500,400000,0.004999999888241291,30,True,0.0,0.6666666865348816,0.0,0.0,0.0,0.0,1.0,0.0,0.0,0.0,0.0,0.0,0.0,0.0,0.0,1.0,30.0,48.896,48.89599999999996,49,6175,110000,jul-17-2021_1823
2358,0.0,0.0,0.0,0.0,1,0.0,0.0,0.0,0.0,0.0,0.0,0.0,0.0,4.0,0.0,500,400000,0.004999999888241291,30,True,0.0,1.0,0.0,0.0,0.0,0.0,1.0,0.0,0.0,0.0,0.0,0.0,0.0,0.0,0.0,1.0,30.0,63.988,63.988000000000056,49,8616,95000,jul-17-2021_1823
2359,0.0,0.0,0.0,0.0,1,0.0,0.0,0.0,0.0,0.0,0.0,0.0,0.0,4.0,0.0,500,400000,0.004999999888241291,30,True,0.3333333432674408,-1.0,0.0,0.0,0.0,0.0,1.0,0.0,0.0,0.0,0.0,0.0,0.0,0.0,0.0,1.0,30.0,93.676,93.67600000000004,57,16511,205000,jul-17-2021_1824
2360,0.0,0.0,0.0,0.0,1,0.0,0.0,0.0,0.0,0.0,0.0,0.0,0.0,4.0,0.0,500,400000,0.004999999888241291,30,True,0.3333333432674408,-0.6666666865348816,0.0,0.0,0.0,0.0,1.0,0.0,0.0,0.0,0.0,0.0,0.0,0.0,0.0,1.0,30.0,98.468,98.46799999999996,58,15331,205000,jul-17-2021_1824
2361,0.0,0.0,0.0,0.0,1,0.0,0.0,0.0,0.0,0.0,0.0,0.0,0.0,4.0,0.0,500,400000,0.004999999888241291,30,True,0.3333333432674408,-0.3333333432674408,0.0,0.0,0.0,0.0,1.0,0.0,0.0,0.0,0.0,0.0,0.0,0.0,0.0,1.0,30.0,78.196,78.19600000000003,56,13690,140000,jul-17-2021_1824
2362,0.0,0.0,0.0,0.0,1,0.0,0.0,0.0,0.0,0.0,0.0,0.0,0.0,4.0,0.0,500,400000,0.004999999888241291,30,True,0.3333333432674408,0.0,0.0,0.0,0.0,0.0,1.0,0.0,0.0,0.0,0.0,0.0,0.0,0.0,0.0,1.0,30.0,55.644,55.644000000000005,51,7364,80000,jul-17-2021_1824
2363,0.0,0.0,0.0,0.0,1,0.0,0.0,0.0,0.0,0.0,0.0,0.0,0.0,4.0,0.0,500,400000,0.004999999888241291,30,True,0.3333333432674408,0.3333333432674408,0.0,0.0,0.0,0.0,1.0,0.0,0.0,0.0,0.0,0.0,0.0,0.0,0.0,1.0,30.0,81.264,81.26400000000001,57,12000,125000,jul-17-2021_1824
2364,0.0,0.0,0.0,0.0,1,0.0,0.0,0.0,0.0,0.0,0.0,0.0,0.0,4.0,0.0,500,400000,0.004999999888241291,30,True,0.3333333432674408,0.6666666865348816,0.0,0.0,0.0,0.0,1.0,0.0,0.0,0.0,0.0,0.0,0.0,0.0,0.0,1.0,30.0,66.544,66.54399999999998,51,9436,195000,jul-17-2021_1824
2365,0.0,0.0,0.0,0.0,1,0.0,0.0,0.0,0.0,0.0,0.0,0.0,0.0,4.0,0.0,500,400000,0.004999999888241291,30,True,0.3333333432674408,1.0,0.0,0.0,0.0,0.0,1.0,0.0,0.0,0.0,0.0,0.0,0.0,0.0,0.0,1.0,30.0,84.576,84.57600000000002,54,15093,140000,jul-17-2021_1824
2366,0.0,0.0,0.0,0.0,1,0.0,0.0,0.0,0.0,0.0,0.0,0.0,0.0,4.0,0.0,500,400000,0.004999999888241291,30,True,0.6666666865348816,-1.0,0.0,0.0,0.0,0.0,1.0,0.0,0.0,0.0,0.0,0.0,0.0,0.0,0.0,1.0,30.0,95.924,95.92399999999998,64,17961,145000,jul-17-2021_1824
2367,0.0,0.0,0.0,0.0,1,0.0,0.0,0.0,0.0,0.0,0.0,0.0,0.0,4.0,0.0,500,400000,0.004999999888241291,30,True,0.6666666865348816,-0.6666666865348816,0.0,0.0,0.0,0.0,1.0,0.0,0.0,0.0,0.0,0.0,0.0,0.0,0.0,1.0,30.0,88.224,88.22400000000005,61,16722,160000,jul-17-2021_1824
2368,0.0,0.0,0.0,0.0,1,0.0,0.0,0.0,0.0,0.0,0.0,0.0,0.0,4.0,0.0,500,400000,0.004999999888241291,30,True,0.6666666865348816,-0.3333333432674408,0.0,0.0,0.0,0.0,1.0,0.0,0.0,0.0,0.0,0.0,0.0,0.0,0.0,1.0,30.0,88.988,88.98800000000006,62,20093,165000,jul-17-2021_1824
2369,0.0,0.0,0.0,0.0,1,0.0,0.0,0.0,0.0,0.0,0.0,0.0,0.0,4.0,0.0,500,400000,0.004999999888241291,30,True,0.6666666865348816,0.0,0.0,0.0,0.0,0.0,1.0,0.0,0.0,0.0,0.0,0.0,0.0,0.0,0.0,1.0,30.0,71.1,71.10000000000002,50,8824,95000,jul-17-2021_1824
2370,0.0,0.0,0.0,0.0,1,0.0,0.0,0.0,0.0,0.0,0.0,0.0,0.0,4.0,0.0,500,400000,0.004999999888241291,30,True,0.6666666865348816,0.3333333432674408,0.0,0.0,0.0,0.0,1.0,0.0,0.0,0.0,0.0,0.0,0.0,0.0,0.0,1.0,30.0,67.632,67.63199999999995,52,10031,130000,jul-17-2021_1824
2371,0.0,0.0,0.0,0.0,1,0.0,0.0,0.0,0.0,0.0,0.0,0.0,0.0,4.0,0.0,500,400000,0.004999999888241291,30,True,0.6666666865348816,0.6666666865348816,0.0,0.0,0.0,0.0,1.0,0.0,0.0,0.0,0.0,0.0,0.0,0.0,0.0,1.0,30.0,82.592,82.59199999999998,53,12256,130000,jul-17-2021_1824
2372,0.0,0.0,0.0,0.0,1,0.0,0.0,0.0,0.0,0.0,0.0,0.0,0.0,4.0,0.0,500,400000,0.004999999888241291,30,True,0.6666666865348816,1.0,0.0,0.0,0.0,0.0,1.0,0.0,0.0,0.0,0.0,0.0,0.0,0.0,0.0,1.0,30.0,81.044,81.04399999999998,56,12717,140000,jul-17-2021_1824
2373,0.0,0.0,0.0,0.0,1,0.0,0.0,0.0,0.0,0.0,0.0,0.0,0.0,4.0,0.0,500,400000,0.004999999888241291,30,True,1.0,-1.0,0.0,0.0,0.0,0.0,1.0,0.0,0.0,0.0,0.0,0.0,0.0,0.0,0.0,1.0,30.0,93.1,93.10000000000002,61,22534,180000,jul-17-2021_1825
2374,0.0,0.0,0.0,0.0,1,0.0,0.0,0.0,0.0,0.0,0.0,0.0,0.0,4.0,0.0,500,400000,0.004999999888241291,30,True,1.0,-0.6666666865348816,0.0,0.0,0.0,0.0,1.0,0.0,0.0,0.0,0.0,0.0,0.0,0.0,0.0,1.0,30.0,91.264,91.26400000000001,62,16211,210000,jul-17-2021_1825
2375,0.0,0.0,0.0,0.0,1,0.0,0.0,0.0,0.0,0.0,0.0,0.0,0.0,4.0,0.0,500,400000,0.004999999888241291,30,True,1.0,-0.3333333432674408,0.0,0.0,0.0,0.0,1.0,0.0,0.0,0.0,0.0,0.0,0.0,0.0,0.0,1.0,30.0,88.288,88.28800000000001,62,16022,265000,jul-17-2021_1825
2376,0.0,0.0,0.0,0.0,1,0.0,0.0,0.0,0.0,0.0,0.0,0.0,0.0,4.0,0.0,500,400000,0.004999999888241291,30,True,1.0,0.0,0.0,0.0,0.0,0.0,1.0,0.0,0.0,0.0,0.0,0.0,0.0,0.0,0.0,1.0,30.0,95.656,95.65599999999995,61,16837,210000,jul-17-2021_1825
2377,0.0,0.0,0.0,0.0,1,0.0,0.0,0.0,0.0,0.0,0.0,0.0,0.0,4.0,0.0,500,400000,0.004999999888241291,30,True,1.0,0.3333333432674408,0.0,0.0,0.0,0.0,1.0,0.0,0.0,0.0,0.0,0.0,0.0,0.0,0.0,1.0,30.0,80.224,80.22400000000005,58,11434,135000,jul-17-2021_1825
2378,0.0,0.0,0.0,0.0,1,0.0,0.0,0.0,0.0,0.0,0.0,0.0,0.0,4.0,0.0,500,400000,0.004999999888241291,30,True,1.0,0.6666666865348816,0.0,0.0,0.0,0.0,1.0,0.0,0.0,0.0,0.0,0.0,0.0,0.0,0.0,1.0,30.0,69.492,69.49199999999996,49,10361,105000,jul-17-2021_1825
2379,0.0,0.0,0.0,0.0,1,0.0,0.0,0.0,0.0,0.0,0.0,0.0,0.0,4.0,0.0,500,400000,0.004999999888241291,30,True,1.0,1.0,0.0,0.0,0.0,0.0,1.0,0.0,0.0,0.0,0.0,0.0,0.0,0.0,0.0,1.0,30.0,73.288,73.28800000000001,51,10163,160000,jul-17-2021_1825
2380,0.0,0.0,0.0,0.0,1,0.0,0.0,0.0,0.0,0.0,0.0,0.0,0.0,4.0,0.0,500,400000,0.004999999888241291,30,True,1.3333333730697632,-1.0,0.0,0.0,0.0,0.0,1.0,0.0,0.0,0.0,0.0,0.0,0.0,0.0,0.0,1.0,30.0,105.06,105.05999999999995,63,19279,325000,jul-17-2021_1825
2381,0.0,0.0,0.0,0.0,1,0.0,0.0,0.0,0.0,0.0,0.0,0.0,0.0,4.0,0.0,500,400000,0.004999999888241291,30,True,1.3333333730697632,-0.6666666865348816,0.0,0.0,0.0,0.0,1.0,0.0,0.0,0.0,0.0,0.0,0.0,0.0,0.0,1.0,30.0,96.116,96.11599999999999,56,20853,205000,jul-17-2021_1825
2382,0.0,0.0,0.0,0.0,1,0.0,0.0,0.0,0.0,0.0,0.0,0.0,0.0,4.0,0.0,500,400000,0.004999999888241291,30,True,1.3333333730697632,-0.3333333432674408,0.0,0.0,0.0,0.0,1.0,0.0,0.0,0.0,0.0,0.0,0.0,0.0,0.0,1.0,30.0,99.464,99.46400000000006,53,21476,160000,jul-17-2021_1825
2383,0.0,0.0,0.0,0.0,1,0.0,0.0,0.0,0.0,0.0,0.0,0.0,0.0,4.0,0.0,500,400000,0.004999999888241291,30,True,1.3333333730697632,0.0,0.0,0.0,0.0,0.0,1.0,0.0,0.0,0.0,0.0,0.0,0.0,0.0,0.0,1.0,30.0,83.76,83.75999999999999,54,14550,160000,jul-17-2021_1825
2384,0.0,0.0,0.0,0.0,1,0.0,0.0,0.0,0.0,0.0,0.0,0.0,0.0,4.0,0.0,500,400000,0.004999999888241291,30,True,1.3333333730697632,0.3333333432674408,0.0,0.0,0.0,0.0,1.0,0.0,0.0,0.0,0.0,0.0,0.0,0.0,0.0,1.0,30.0,81.144,81.144,57,12894,200000,jul-17-2021_1826
2385,0.0,0.0,0.0,0.0,1,0.0,0.0,0.0,0.0,0.0,0.0,0.0,0.0,4.0,0.0,500,400000,0.004999999888241291,30,True,1.3333333730697632,0.6666666865348816,0.0,0.0,0.0,0.0,1.0,0.0,0.0,0.0,0.0,0.0,0.0,0.0,0.0,1.0,30.0,99.804,99.80399999999997,58,16050,215000,jul-17-2021_1826
2386,0.0,0.0,0.0,0.0,1,0.0,0.0,0.0,0.0,0.0,0.0,0.0,0.0,4.0,0.0,500,400000,0.004999999888241291,30,True,1.3333333730697632,1.0,0.0,0.0,0.0,0.0,1.0,0.0,0.0,0.0,0.0,0.0,0.0,0.0,0.0,1.0,30.0,95.32,95.32000000000005,63,15624,210000,jul-17-2021_1826
2387,0.0,0.0,0.0,0.0,1,0.0,0.0,0.0,0.0,0.0,0.0,0.0,0.0,4.0,0.0,500,400000,0.004999999888241291,30,True,1.6666666269302368,-1.0,0.0,0.0,0.0,0.0,1.0,0.0,0.0,0.0,0.0,0.0,0.0,0.0,0.0,0.994,29.767999993085862,109.53462016016728,109.17600000000004,71,22422,399999,jul-17-2021_1826
2388,0.0,0.0,0.0,0.0,1,0.0,0.0,0.0,0.0,0.0,0.0,0.0,0.0,4.0,0.0,500,400000,0.004999999888241291,30,True,1.6666666269302368,-0.6666666865348816,0.0,0.0,0.0,0.0,1.0,0.0,0.0,0.0,0.0,0.0,0.0,0.0,0.0,1.0,30.0,104.824,104.82399999999996,58,16151,220000,jul-17-2021_1826
2389,0.0,0.0,0.0,0.0,1,0.0,0.0,0.0,0.0,0.0,0.0,0.0,0.0,4.0,0.0,500,400000,0.004999999888241291,30,True,1.6666666269302368,-0.3333333432674408,0.0,0.0,0.0,0.0,1.0,0.0,0.0,0.0,0.0,0.0,0.0,0.0,0.0,1.0,30.0,110.72,110.72000000000003,62,35868,345000,jul-17-2021_1826
2390,0.0,0.0,0.0,0.0,1,0.0,0.0,0.0,0.0,0.0,0.0,0.0,0.0,4.0,0.0,500,400000,0.004999999888241291,30,True,1.6666666269302368,0.0,0.0,0.0,0.0,0.0,1.0,0.0,0.0,0.0,0.0,0.0,0.0,0.0,0.0,1.0,30.0,115.572,115.572,67,27113,230000,jul-17-2021_1826
2391,0.0,0.0,0.0,0.0,1,0.0,0.0,0.0,0.0,0.0,0.0,0.0,0.0,4.0,0.0,500,400000,0.004999999888241291,30,True,1.6666666269302368,0.3333333432674408,0.0,0.0,0.0,0.0,1.0,0.0,0.0,0.0,0.0,0.0,0.0,0.0,0.0,1.0,30.0,92.256,92.25599999999997,60,15814,190000,jul-17-2021_1826
2392,0.0,0.0,0.0,0.0,1,0.0,0.0,0.0,0.0,0.0,0.0,0.0,0.0,4.0,0.0,500,400000,0.004999999888241291,30,True,1.6666666269302368,0.6666666865348816,0.0,0.0,0.0,0.0,1.0,0.0,0.0,0.0,0.0,0.0,0.0,0.0,0.0,1.0,30.0,94.272,94.27200000000005,58,14731,155000,jul-17-2021_1826
2393,0.0,0.0,0.0,0.0,1,0.0,0.0,0.0,0.0,0.0,0.0,0.0,0.0,4.0,0.0,500,400000,0.004999999888241291,30,True,1.6666666269302368,1.0,0.0,0.0,0.0,0.0,1.0,0.0,0.0,0.0,0.0,0.0,0.0,0.0,0.0,1.0,30.0,82.08,82.08000000000004,56,15294,220000,jul-17-2021_1827
2394,0.0,0.0,0.0,0.0,1,0.0,0.0,0.0,0.0,0.0,0.0,0.0,0.0,4.0,0.0,500,400000,0.004999999888241291,30,True,2.0,-1.0,0.0,0.0,0.0,0.0,1.0,0.0,0.0,0.0,0.0,0.0,0.0,0.0,0.0,0.928,28.208,130.576736,111.84799999999996,62,33153,399999,jul-17-2021_1827
2395,0.0,0.0,0.0,0.0,1,0.0,0.0,0.0,0.0,0.0,0.0,0.0,0.0,4.0,0.0,500,400000,0.004999999888241291,30,True,2.0,-0.6666666865348816,0.0,0.0,0.0,0.0,1.0,0.0,0.0,0.0,0.0,0.0,0.0,0.0,0.0,1.0,30.0,104.68,104.67999999999995,65,39106,320000,jul-17-2021_1827
2396,0.0,0.0,0.0,0.0,1,0.0,0.0,0.0,0.0,0.0,0.0,0.0,0.0,4.0,0.0,500,400000,0.004999999888241291,30,True,2.0,-0.3333333432674408,0.0,0.0,0.0,0.0,1.0,0.0,0.0,0.0,0.0,0.0,0.0,0.0,0.0,1.0,30.0,99.796,99.79600000000005,59,22009,205000,jul-17-2021_1827
2397,0.0,0.0,0.0,0.0,1,0.0,0.0,0.0,0.0,0.0,0.0,0.0,0.0,4.0,0.0,500,400000,0.004999999888241291,30,True,2.0,0.0,0.0,0.0,0.0,0.0,1.0,0.0,0.0,0.0,0.0,0.0,0.0,0.0,0.0,1.0,30.0,119.212,119.21199999999999,68,23502,240000,jul-17-2021_1827
2398,0.0,0.0,0.0,0.0,1,0.0,0.0,0.0,0.0,0.0,0.0,0.0,0.0,4.0,0.0,500,400000,0.004999999888241291,30,True,2.0,0.3333333432674408,0.0,0.0,0.0,0.0,1.0,0.0,0.0,0.0,0.0,0.0,0.0,0.0,0.0,1.0,30.0,105.0,105.0,61,26066,310000,jul-17-2021_1827
2399,0.0,0.0,0.0,0.0,1,0.0,0.0,0.0,0.0,0.0,0.0,0.0,0.0,4.0,0.0,500,400000,0.004999999888241291,30,True,2.0,0.6666666865348816,0.0,0.0,0.0,0.0,1.0,0.0,0.0,0.0,0.0,0.0,0.0,0.0,0.0,1.0,30.0,108.072,108.072,66,25177,300000,jul-17-2021_1827
2400,0.0,0.0,0.0,0.0,1,0.0,0.0,0.0,0.0,0.0,0.0,0.0,0.0,4.0,0.0,500,400000,0.004999999888241291,30,True,2.0,1.0,0.0,0.0,0.0,0.0,1.0,0.0,0.0,0.0,0.0,0.0,0.0,0.0,0.0,1.0,30.0,117.22,117.22000000000003,67,21401,235000,jul-17-2021_1828
2401,0.0,0.0,0.0,0.0,1,0.0,0.0,0.0,0.0,0.0,0.0,0.0,0.0,4.0,0.0,500,400000,0.004999999888241291,30,True,0.0,-1.0,0.0,0.0,0.0,0.0,1.0,0.0,0.0,0.0,0.0,0.0,0.0,0.0,0.0,1.0,30.0,83.24,83.24000000000001,54,14664,120000,jul-17-2021_1828
2402,0.0,0.0,0.0,0.0,1,0.0,0.0,0.0,0.0,0.0,0.0,0.0,0.0,4.0,0.0,500,400000,0.004999999888241291,30,True,0.0,-0.6666666865348816,0.0,0.0,0.0,0.0,1.0,0.0,0.0,0.0,0.0,0.0,0.0,0.0,0.0,1.0,30.0,57.5,57.5,52,7583,180000,jul-17-2021_1828
2403,0.0,0.0,0.0,0.0,1,0.0,0.0,0.0,0.0,0.0,0.0,0.0,0.0,4.0,0.0,500,400000,0.004999999888241291,30,True,0.0,-0.3333333432674408,0.0,0.0,0.0,0.0,1.0,0.0,0.0,0.0,0.0,0.0,0.0,0.0,0.0,1.0,30.0,85.096,85.096,57,15082,240000,jul-17-2021_1828
2404,0.0,0.0,0.0,0.0,1,0.0,0.0,0.0,0.0,0.0,0.0,0.0,0.0,4.0,0.0,500,400000,0.004999999888241291,30,True,0.0,0.0,0.0,0.0,0.0,0.0,1.0,0.0,0.0,0.0,0.0,0.0,0.0,0.0,0.0,1.0,30.0,82.024,82.024,63,13205,150000,jul-17-2021_1828
2405,0.0,0.0,0.0,0.0,1,0.0,0.0,0.0,0.0,0.0,0.0,0.0,0.0,4.0,0.0,500,400000,0.004999999888241291,30,True,0.0,0.3333333432674408,0.0,0.0,0.0,0.0,1.0,0.0,0.0,0.0,0.0,0.0,0.0,0.0,0.0,1.0,30.0,69.796,69.79600000000005,47,9005,115000,jul-17-2021_1828
2406,0.0,0.0,0.0,0.0,1,0.0,0.0,0.0,0.0,0.0,0.0,0.0,0.0,4.0,0.0,500,400000,0.004999999888241291,30,True,0.0,0.6666666865348816,0.0,0.0,0.0,0.0,1.0,0.0,0.0,0.0,0.0,0.0,0.0,0.0,0.0,1.0,30.0,72.652,72.65200000000004,54,11918,115000,jul-17-2021_1828
2407,0.0,0.0,0.0,0.0,1,0.0,0.0,0.0,0.0,0.0,0.0,0.0,0.0,4.0,0.0,500,400000,0.004999999888241291,30,True,0.0,1.0,0.0,0.0,0.0,0.0,1.0,0.0,0.0,0.0,0.0,0.0,0.0,0.0,0.0,1.0,30.0,67.136,67.13599999999997,52,8678,155000,jul-17-2021_1828
2408,0.0,0.0,0.0,0.0,1,0.0,0.0,0.0,0.0,0.0,0.0,0.0,0.0,4.0,0.0,500,400000,0.004999999888241291,30,True,0.3333333432674408,-1.0,0.0,0.0,0.0,0.0,1.0,0.0,0.0,0.0,0.0,0.0,0.0,0.0,0.0,1.0,30.0,78.676,78.67600000000004,54,16225,170000,jul-17-2021_1828
2409,0.0,0.0,0.0,0.0,1,0.0,0.0,0.0,0.0,0.0,0.0,0.0,0.0,4.0,0.0,500,400000,0.004999999888241291,30,True,0.3333333432674408,-0.6666666865348816,0.0,0.0,0.0,0.0,1.0,0.0,0.0,0.0,0.0,0.0,0.0,0.0,0.0,1.0,30.0,64.248,64.24800000000005,49,8615,125000,jul-17-2021_1828
2410,0.0,0.0,0.0,0.0,1,0.0,0.0,0.0,0.0,0.0,0.0,0.0,0.0,4.0,0.0,500,400000,0.004999999888241291,30,True,0.3333333432674408,-0.3333333432674408,0.0,0.0,0.0,0.0,1.0,0.0,0.0,0.0,0.0,0.0,0.0,0.0,0.0,1.0,30.0,62.388,62.388000000000034,51,8105,110000,jul-17-2021_1828
2411,0.0,0.0,0.0,0.0,1,0.0,0.0,0.0,0.0,0.0,0.0,0.0,0.0,4.0,0.0,500,400000,0.004999999888241291,30,True,0.3333333432674408,0.0,0.0,0.0,0.0,0.0,1.0,0.0,0.0,0.0,0.0,0.0,0.0,0.0,0.0,1.0,30.0,73.948,73.94799999999998,49,9272,90000,jul-17-2021_1828
2412,0.0,0.0,0.0,0.0,1,0.0,0.0,0.0,0.0,0.0,0.0,0.0,0.0,4.0,0.0,500,400000,0.004999999888241291,30,True,0.3333333432674408,0.3333333432674408,0.0,0.0,0.0,0.0,1.0,0.0,0.0,0.0,0.0,0.0,0.0,0.0,0.0,1.0,30.0,90.08,90.08000000000004,57,14851,220000,jul-17-2021_1828
2413,0.0,0.0,0.0,0.0,1,0.0,0.0,0.0,0.0,0.0,0.0,0.0,0.0,4.0,0.0,500,400000,0.004999999888241291,30,True,0.3333333432674408,0.6666666865348816,0.0,0.0,0.0,0.0,1.0,0.0,0.0,0.0,0.0,0.0,0.0,0.0,0.0,1.0,30.0,79.532,79.53200000000004,54,11911,115000,jul-17-2021_1828
2414,0.0,0.0,0.0,0.0,1,0.0,0.0,0.0,0.0,0.0,0.0,0.0,0.0,4.0,0.0,500,400000,0.004999999888241291,30,True,0.3333333432674408,1.0,0.0,0.0,0.0,0.0,1.0,0.0,0.0,0.0,0.0,0.0,0.0,0.0,0.0,1.0,30.0,64.608,64.60799999999995,46,8936,130000,jul-17-2021_1828
2415,0.0,0.0,0.0,0.0,1,0.0,0.0,0.0,0.0,0.0,0.0,0.0,0.0,4.0,0.0,500,400000,0.004999999888241291,30,True,0.6666666865348816,-1.0,0.0,0.0,0.0,0.0,1.0,0.0,0.0,0.0,0.0,0.0,0.0,0.0,0.0,1.0,30.0,101.424,101.42399999999998,61,18916,200000,jul-17-2021_1829
2416,0.0,0.0,0.0,0.0,1,0.0,0.0,0.0,0.0,0.0,0.0,0.0,0.0,4.0,0.0,500,400000,0.004999999888241291,30,True,0.6666666865348816,-0.6666666865348816,0.0,0.0,0.0,0.0,1.0,0.0,0.0,0.0,0.0,0.0,0.0,0.0,0.0,1.0,30.0,91.92,91.91999999999996,63,25199,205000,jul-17-2021_1829
2417,0.0,0.0,0.0,0.0,1,0.0,0.0,0.0,0.0,0.0,0.0,0.0,0.0,4.0,0.0,500,400000,0.004999999888241291,30,True,0.6666666865348816,-0.3333333432674408,0.0,0.0,0.0,0.0,1.0,0.0,0.0,0.0,0.0,0.0,0.0,0.0,0.0,1.0,30.0,74.612,74.61199999999997,53,12701,130000,jul-17-2021_1829
2418,0.0,0.0,0.0,0.0,1,0.0,0.0,0.0,0.0,0.0,0.0,0.0,0.0,4.0,0.0,500,400000,0.004999999888241291,30,True,0.6666666865348816,0.0,0.0,0.0,0.0,0.0,1.0,0.0,0.0,0.0,0.0,0.0,0.0,0.0,0.0,1.0,30.0,92.58,92.58000000000004,59,14094,230000,jul-17-2021_1829
2419,0.0,0.0,0.0,0.0,1,0.0,0.0,0.0,0.0,0.0,0.0,0.0,0.0,4.0,0.0,500,400000,0.004999999888241291,30,True,0.6666666865348816,0.3333333432674408,0.0,0.0,0.0,0.0,1.0,0.0,0.0,0.0,0.0,0.0,0.0,0.0,0.0,1.0,30.0,68.576,68.57600000000002,58,11987,135000,jul-17-2021_1829
2420,0.0,0.0,0.0,0.0,1,0.0,0.0,0.0,0.0,0.0,0.0,0.0,0.0,4.0,0.0,500,400000,0.004999999888241291,30,True,0.6666666865348816,0.6666666865348816,0.0,0.0,0.0,0.0,1.0,0.0,0.0,0.0,0.0,0.0,0.0,0.0,0.0,1.0,30.0,73.132,73.13199999999995,51,11415,105000,jul-17-2021_1829
2421,0.0,0.0,0.0,0.0,1,0.0,0.0,0.0,0.0,0.0,0.0,0.0,0.0,4.0,0.0,500,400000,0.004999999888241291,30,True,0.6666666865348816,1.0,0.0,0.0,0.0,0.0,1.0,0.0,0.0,0.0,0.0,0.0,0.0,0.0,0.0,1.0,30.0,69.168,69.168,47,7664,165000,jul-17-2021_1829
2422,0.0,0.0,0.0,0.0,1,0.0,0.0,0.0,0.0,0.0,0.0,0.0,0.0,4.0,0.0,500,400000,0.004999999888241291,30,True,1.0,-1.0,0.0,0.0,0.0,0.0,1.0,0.0,0.0,0.0,0.0,0.0,0.0,0.0,0.0,1.0,30.0,94.572,94.572,67,30637,190000,jul-17-2021_1829
2423,0.0,0.0,0.0,0.0,1,0.0,0.0,0.0,0.0,0.0,0.0,0.0,0.0,4.0,0.0,500,400000,0.004999999888241291,30,True,1.0,-0.6666666865348816,0.0,0.0,0.0,0.0,1.0,0.0,0.0,0.0,0.0,0.0,0.0,0.0,0.0,1.0,30.0,93.672,93.67200000000003,61,15192,190000,jul-17-2021_1829
2424,0.0,0.0,0.0,0.0,1,0.0,0.0,0.0,0.0,0.0,0.0,0.0,0.0,4.0,0.0,500,400000,0.004999999888241291,30,True,1.0,-0.3333333432674408,0.0,0.0,0.0,0.0,1.0,0.0,0.0,0.0,0.0,0.0,0.0,0.0,0.0,1.0,30.0,99.636,99.63599999999997,69,21602,205000,jul-17-2021_1829
2425,0.0,0.0,0.0,0.0,1,0.0,0.0,0.0,0.0,0.0,0.0,0.0,0.0,4.0,0.0,500,400000,0.004999999888241291,30,True,1.0,0.0,0.0,0.0,0.0,0.0,1.0,0.0,0.0,0.0,0.0,0.0,0.0,0.0,0.0,1.0,30.0,100.704,100.70399999999995,60,21470,200000,jul-17-2021_1829
2426,0.0,0.0,0.0,0.0,1,0.0,0.0,0.0,0.0,0.0,0.0,0.0,0.0,4.0,0.0,500,400000,0.004999999888241291,30,True,1.0,0.3333333432674408,0.0,0.0,0.0,0.0,1.0,0.0,0.0,0.0,0.0,0.0,0.0,0.0,0.0,1.0,30.0,85.612,85.61199999999997,57,13052,160000,jul-17-2021_1830
2427,0.0,0.0,0.0,0.0,1,0.0,0.0,0.0,0.0,0.0,0.0,0.0,0.0,4.0,0.0,500,400000,0.004999999888241291,30,True,1.0,0.6666666865348816,0.0,0.0,0.0,0.0,1.0,0.0,0.0,0.0,0.0,0.0,0.0,0.0,0.0,1.0,30.0,99.3,99.29999999999995,55,25300,230000,jul-17-2021_1830
2428,0.0,0.0,0.0,0.0,1,0.0,0.0,0.0,0.0,0.0,0.0,0.0,0.0,4.0,0.0,500,400000,0.004999999888241291,30,True,1.0,1.0,0.0,0.0,0.0,0.0,1.0,0.0,0.0,0.0,0.0,0.0,0.0,0.0,0.0,1.0,30.0,84.484,84.48400000000004,55,13991,155000,jul-17-2021_1830
2429,0.0,0.0,0.0,0.0,1,0.0,0.0,0.0,0.0,0.0,0.0,0.0,0.0,4.0,0.0,500,400000,0.004999999888241291,30,True,1.3333333730697632,-1.0,0.0,0.0,0.0,0.0,1.0,0.0,0.0,0.0,0.0,0.0,0.0,0.0,0.0,1.0,30.0,101.404,101.404,59,19084,185000,jul-17-2021_1830
2430,0.0,0.0,0.0,0.0,1,0.0,0.0,0.0,0.0,0.0,0.0,0.0,0.0,4.0,0.0,500,400000,0.004999999888241291,30,True,1.3333333730697632,-0.6666666865348816,0.0,0.0,0.0,0.0,1.0,0.0,0.0,0.0,0.0,0.0,0.0,0.0,0.0,1.0,30.0,102.328,102.32799999999997,64,21561,235000,jul-17-2021_1830
2431,0.0,0.0,0.0,0.0,1,0.0,0.0,0.0,0.0,0.0,0.0,0.0,0.0,4.0,0.0,500,400000,0.004999999888241291,30,True,1.3333333730697632,-0.3333333432674408,0.0,0.0,0.0,0.0,1.0,0.0,0.0,0.0,0.0,0.0,0.0,0.0,0.0,1.0,30.0,91.5,91.5,54,14374,195000,jul-17-2021_1830
2432,0.0,0.0,0.0,0.0,1,0.0,0.0,0.0,0.0,0.0,0.0,0.0,0.0,4.0,0.0,500,400000,0.004999999888241291,30,True,1.3333333730697632,0.0,0.0,0.0,0.0,0.0,1.0,0.0,0.0,0.0,0.0,0.0,0.0,0.0,0.0,1.0,30.0,104.688,104.68799999999999,59,18753,195000,jul-17-2021_1830
2433,0.0,0.0,0.0,0.0,1,0.0,0.0,0.0,0.0,0.0,0.0,0.0,0.0,4.0,0.0,500,400000,0.004999999888241291,30,True,1.3333333730697632,0.3333333432674408,0.0,0.0,0.0,0.0,1.0,0.0,0.0,0.0,0.0,0.0,0.0,0.0,0.0,1.0,30.0,92.656,92.65599999999995,55,17323,140000,jul-17-2021_1830
2434,0.0,0.0,0.0,0.0,1,0.0,0.0,0.0,0.0,0.0,0.0,0.0,0.0,4.0,0.0,500,400000,0.004999999888241291,30,True,1.3333333730697632,0.6666666865348816,0.0,0.0,0.0,0.0,1.0,0.0,0.0,0.0,0.0,0.0,0.0,0.0,0.0,1.0,30.0,83.528,83.52800000000002,57,12981,160000,jul-17-2021_1830
2435,0.0,0.0,0.0,0.0,1,0.0,0.0,0.0,0.0,0.0,0.0,0.0,0.0,4.0,0.0,500,400000,0.004999999888241291,30,True,1.3333333730697632,1.0,0.0,0.0,0.0,0.0,1.0,0.0,0.0,0.0,0.0,0.0,0.0,0.0,0.0,1.0,30.0,113.536,113.53599999999994,63,25707,280000,jul-17-2021_1830
2436,0.0,0.0,0.0,0.0,1,0.0,0.0,0.0,0.0,0.0,0.0,0.0,0.0,4.0,0.0,500,400000,0.004999999888241291,30,True,1.6666666269302368,-1.0,0.0,0.0,0.0,0.0,1.0,0.0,0.0,0.0,0.0,0.0,0.0,0.0,0.0,1.0,30.0,86.244,86.24400000000003,57,18122,195000,jul-17-2021_1830
2437,0.0,0.0,0.0,0.0,1,0.0,0.0,0.0,0.0,0.0,0.0,0.0,0.0,4.0,0.0,500,400000,0.004999999888241291,30,True,1.6666666269302368,-0.6666666865348816,0.0,0.0,0.0,0.0,1.0,0.0,0.0,0.0,0.0,0.0,0.0,0.0,0.0,1.0,30.0,109.188,109.18799999999999,60,21313,170000,jul-17-2021_1831
2438,0.0,0.0,0.0,0.0,1,0.0,0.0,0.0,0.0,0.0,0.0,0.0,0.0,4.0,0.0,500,400000,0.004999999888241291,30,True,1.6666666269302368,-0.3333333432674408,0.0,0.0,0.0,0.0,1.0,0.0,0.0,0.0,0.0,0.0,0.0,0.0,0.0,1.0,30.0,101.156,101.15599999999995,58,18402,335000,jul-17-2021_1831
2439,0.0,0.0,0.0,0.0,1,0.0,0.0,0.0,0.0,0.0,0.0,0.0,0.0,4.0,0.0,500,400000,0.004999999888241291,30,True,1.6666666269302368,0.0,0.0,0.0,0.0,0.0,1.0,0.0,0.0,0.0,0.0,0.0,0.0,0.0,0.0,1.0,30.0,116.792,116.79200000000003,63,38367,235000,jul-17-2021_1831
2440,0.0,0.0,0.0,0.0,1,0.0,0.0,0.0,0.0,0.0,0.0,0.0,0.0,4.0,0.0,500,400000,0.004999999888241291,30,True,1.6666666269302368,0.3333333432674408,0.0,0.0,0.0,0.0,1.0,0.0,0.0,0.0,0.0,0.0,0.0,0.0,0.0,1.0,30.0,76.984,76.98400000000004,60,10919,240000,jul-17-2021_1831
2441,0.0,0.0,0.0,0.0,1,0.0,0.0,0.0,0.0,0.0,0.0,0.0,0.0,4.0,0.0,500,400000,0.004999999888241291,30,True,1.6666666269302368,0.6666666865348816,0.0,0.0,0.0,0.0,1.0,0.0,0.0,0.0,0.0,0.0,0.0,0.0,0.0,1.0,30.0,78.544,78.54399999999998,51,11242,135000,jul-17-2021_1831
2442,0.0,0.0,0.0,0.0,1,0.0,0.0,0.0,0.0,0.0,0.0,0.0,0.0,4.0,0.0,500,400000,0.004999999888241291,30,True,1.6666666269302368,1.0,0.0,0.0,0.0,0.0,1.0,0.0,0.0,0.0,0.0,0.0,0.0,0.0,0.0,1.0,30.0,98.64,98.63999999999999,58,17988,155000,jul-17-2021_1831
2443,0.0,0.0,0.0,0.0,1,0.0,0.0,0.0,0.0,0.0,0.0,0.0,0.0,4.0,0.0,500,400000,0.004999999888241291,30,True,2.0,-1.0,0.0,0.0,0.0,0.0,1.0,0.0,0.0,0.0,0.0,0.0,0.0,0.0,0.0,1.0,30.0,118.704,118.70399999999995,64,30029,295000,jul-17-2021_1831
2444,0.0,0.0,0.0,0.0,1,0.0,0.0,0.0,0.0,0.0,0.0,0.0,0.0,4.0,0.0,500,400000,0.004999999888241291,30,True,2.0,-0.6666666865348816,0.0,0.0,0.0,0.0,1.0,0.0,0.0,0.0,0.0,0.0,0.0,0.0,0.0,0.956,29.167999977588654,140.88999815955142,117.19200000000001,69,38239,399999,jul-17-2021_1831
2445,0.0,0.0,0.0,0.0,1,0.0,0.0,0.0,0.0,0.0,0.0,0.0,0.0,4.0,0.0,500,400000,0.004999999888241291,30,True,2.0,-0.3333333432674408,0.0,0.0,0.0,0.0,1.0,0.0,0.0,0.0,0.0,0.0,0.0,0.0,0.0,1.0,30.0,103.104,103.10400000000004,61,21293,240000,jul-17-2021_1832
2446,0.0,0.0,0.0,0.0,1,0.0,0.0,0.0,0.0,0.0,0.0,0.0,0.0,4.0,0.0,500,400000,0.004999999888241291,30,True,2.0,0.0,0.0,0.0,0.0,0.0,1.0,0.0,0.0,0.0,0.0,0.0,0.0,0.0,0.0,1.0,30.0,110.708,110.70799999999997,68,25235,235000,jul-17-2021_1832
2447,0.0,0.0,0.0,0.0,1,0.0,0.0,0.0,0.0,0.0,0.0,0.0,0.0,4.0,0.0,500,400000,0.004999999888241291,30,True,2.0,0.3333333432674408,0.0,0.0,0.0,0.0,1.0,0.0,0.0,0.0,0.0,0.0,0.0,0.0,0.0,1.0,30.0,99.936,99.93600000000004,59,33793,340000,jul-17-2021_1832
2448,0.0,0.0,0.0,0.0,1,0.0,0.0,0.0,0.0,0.0,0.0,0.0,0.0,4.0,0.0,500,400000,0.004999999888241291,30,True,2.0,0.6666666865348816,0.0,0.0,0.0,0.0,1.0,0.0,0.0,0.0,0.0,0.0,0.0,0.0,0.0,1.0,30.0,89.832,89.832,56,13672,150000,jul-17-2021_1832
2449,0.0,0.0,0.0,0.0,1,0.0,0.0,0.0,0.0,0.0,0.0,0.0,0.0,4.0,0.0,500,400000,0.004999999888241291,30,True,2.0,1.0,0.0,0.0,0.0,0.0,1.0,0.0,0.0,0.0,0.0,0.0,0.0,0.0,0.0,1.0,30.0,86.856,86.856,55,14664,170000,jul-17-2021_1832
2450,0.0,0.0,0.0,0.0,1,0.0,0.0,0.0,0.0,0.0,0.0,0.0,0.0,inf,0.0,500,400000,0.004999999888241291,30,True,0.0,-1.0,0.0,0.0,0.0,0.0,1.0,0.0,0.0,0.0,0.0,0.0,0.0,0.0,0.0,0.516,22.926,499.66052399999995,242.75600000000009,54,181999,399999,jul-17-2021_1832
2451,0.0,0.0,0.0,0.0,1,0.0,0.0,0.0,0.0,0.0,0.0,0.0,0.0,inf,0.0,500,400000,0.004999999888241291,30,True,0.0,-0.6666666865348816,0.0,0.0,0.0,0.0,1.0,0.0,0.0,0.0,0.0,0.0,0.0,0.0,0.0,0.512,22.79333333325386,500.9870666631635,238.53999999999996,55,184214,399999,jul-17-2021_1833
2452,0.0,0.0,0.0,0.0,1,0.0,0.0,0.0,0.0,0.0,0.0,0.0,0.0,inf,0.0,500,400000,0.004999999888241291,30,True,0.0,-0.3333333432674408,0.0,0.0,0.0,0.0,1.0,0.0,0.0,0.0,0.0,0.0,0.0,0.0,0.0,0.496,22.423333333313465,518.2356777768143,248.47199999999998,56,191412,399999,jul-17-2021_1833
2453,0.0,0.0,0.0,0.0,1,0.0,0.0,0.0,0.0,0.0,0.0,0.0,0.0,inf,0.0,500,400000,0.004999999888241291,30,True,0.0,0.0,0.0,0.0,0.0,0.0,1.0,0.0,0.0,0.0,0.0,0.0,0.0,0.0,0.0,0.474,21.676,527.707024,243.87200000000007,56,198811,399999,jul-17-2021_1834
2454,0.0,0.0,0.0,0.0,1,0.0,0.0,0.0,0.0,0.0,0.0,0.0,0.0,inf,0.0,500,400000,0.004999999888241291,30,True,0.0,0.3333333432674408,0.0,0.0,0.0,0.0,1.0,0.0,0.0,0.0,0.0,0.0,0.0,0.0,0.0,0.504,22.606000000059606,510.7592084474583,244.31999999999994,56,188549,399999,jul-17-2021_1834
2455,0.0,0.0,0.0,0.0,1,0.0,0.0,0.0,0.0,0.0,0.0,0.0,0.0,inf,0.0,500,400000,0.004999999888241291,30,True,0.0,0.6666666865348816,0.0,0.0,0.0,0.0,1.0,0.0,0.0,0.0,0.0,0.0,0.0,0.0,0.0,0.48,21.95066666674614,530.3753440039286,250.06799999999998,57,198442,399999,jul-17-2021_1834
2456,0.0,0.0,0.0,0.0,1,0.0,0.0,0.0,0.0,0.0,0.0,0.0,0.0,inf,0.0,500,400000,0.004999999888241291,30,True,0.0,1.0,0.0,0.0,0.0,0.0,1.0,0.0,0.0,0.0,0.0,0.0,0.0,0.0,0.0,0.512,22.904,506.91878399999996,247.336,54,183905,399999,jul-17-2021_1835
2457,0.0,0.0,0.0,0.0,1,0.0,0.0,0.0,0.0,0.0,0.0,0.0,0.0,inf,0.0,500,400000,0.004999999888241291,30,True,0.3333333432674408,-1.0,0.0,0.0,0.0,0.0,1.0,0.0,0.0,0.0,0.0,0.0,0.0,0.0,0.0,0.502,22.472,509.15321599999993,240.5719999999999,59,189854,399999,jul-17-2021_1835
2458,0.0,0.0,0.0,0.0,1,0.0,0.0,0.0,0.0,0.0,0.0,0.0,0.0,inf,0.0,500,400000,0.004999999888241291,30,True,0.3333333432674408,-0.6666666865348816,0.0,0.0,0.0,0.0,1.0,0.0,0.0,0.0,0.0,0.0,0.0,0.0,0.0,0.52,23.092,499.5475360000001,246.01600000000008,57,181937,399999,jul-17-2021_1836
2459,0.0,0.0,0.0,0.0,1,0.0,0.0,0.0,0.0,0.0,0.0,0.0,0.0,inf,0.0,500,400000,0.004999999888241291,30,True,0.3333333432674408,-0.3333333432674408,0.0,0.0,0.0,0.0,1.0,0.0,0.0,0.0,0.0,0.0,0.0,0.0,0.0,0.484,22.084,526.7284995518733,251.9480000000001,55,194434,399999,jul-17-2021_1836
2460,0.0,0.0,0.0,0.0,1,0.0,0.0,0.0,0.0,0.0,0.0,0.0,0.0,inf,0.0,500,400000,0.004999999888241291,30,True,0.3333333432674408,0.0,0.0,0.0,0.0,0.0,1.0,0.0,0.0,0.0,0.0,0.0,0.0,0.0,0.0,0.514,22.940666666686536,505.1900351102127,245.3040000000001,55,184817,399999,jul-17-2021_1837
2461,0.0,0.0,0.0,0.0,1,0.0,0.0,0.0,0.0,0.0,0.0,0.0,0.0,inf,0.0,500,400000,0.004999999888241291,30,True,0.3333333432674408,0.3333333432674408,0.0,0.0,0.0,0.0,1.0,0.0,0.0,0.0,0.0,0.0,0.0,0.0,0.0,0.5,22.55733333337307,514.6471573333554,247.5440000000001,55,190026,399999,jul-17-2021_1837
2462,0.0,0.0,0.0,0.0,1,0.0,0.0,0.0,0.0,0.0,0.0,0.0,0.0,inf,0.0,500,400000,0.004999999888241291,30,True,0.3333333432674408,0.6666666865348816,0.0,0.0,0.0,0.0,1.0,0.0,0.0,0.0,0.0,0.0,0.0,0.0,0.0,0.45,20.84800000011921,537.9004515575521,242.22399999999993,56,208726,399999,jul-17-2021_1837
2463,0.0,0.0,0.0,0.0,1,0.0,0.0,0.0,0.0,0.0,0.0,0.0,0.0,inf,0.0,500,400000,0.004999999888241291,30,True,0.3333333432674408,1.0,0.0,0.0,0.0,0.0,1.0,0.0,0.0,0.0,0.0,0.0,0.0,0.0,0.0,0.508,22.706666666686534,506.92951111022217,244.18000000000006,55,184759,399999,jul-17-2021_1838
2464,0.0,0.0,0.0,0.0,1,0.0,0.0,0.0,0.0,0.0,0.0,0.0,0.0,inf,0.0,500,400000,0.004999999888241291,30,True,0.6666666865348816,-1.0,0.0,0.0,0.0,0.0,1.0,0.0,0.0,0.0,0.0,0.0,0.0,0.0,0.0,0.53,23.54733333337307,499.3139817759593,252.61599999999999,55,177538,399999,jul-17-2021_1838
2465,0.0,0.0,0.0,0.0,1,0.0,0.0,0.0,0.0,0.0,0.0,0.0,0.0,inf,0.0,500,400000,0.004999999888241291,30,True,0.6666666865348816,-0.6666666865348816,0.0,0.0,0.0,0.0,1.0,0.0,0.0,0.0,0.0,0.0,0.0,0.0,0.0,0.494,22.24,513.0135111075613,238.75199999999995,55,191263,399999,jul-17-2021_1839
2466,0.0,0.0,0.0,0.0,1,0.0,0.0,0.0,0.0,0.0,0.0,0.0,0.0,inf,0.0,500,400000,0.004999999888241291,30,True,0.6666666865348816,-0.3333333432674408,0.0,0.0,0.0,0.0,1.0,0.0,0.0,0.0,0.0,0.0,0.0,0.0,0.0,0.49,22.224,522.501824,248.20399999999995,59,194463,399999,jul-17-2021_1839
2467,0.0,0.0,0.0,0.0,1,0.0,0.0,0.0,0.0,0.0,0.0,0.0,0.0,inf,0.0,500,400000,0.004999999888241291,30,True,0.6666666865348816,0.0,0.0,0.0,0.0,0.0,1.0,0.0,0.0,0.0,0.0,0.0,0.0,0.0,0.0,0.502,22.604,513.7231840000001,247.96000000000004,57,189344,399999,jul-17-2021_1840
2468,0.0,0.0,0.0,0.0,1,0.0,0.0,0.0,0.0,0.0,0.0,0.0,0.0,inf,0.0,500,400000,0.004999999888241291,30,True,0.6666666865348816,0.3333333432674408,0.0,0.0,0.0,0.0,1.0,0.0,0.0,0.0,0.0,0.0,0.0,0.0,0.0,0.458,21.14800000011921,535.3323182210082,242.4960000000001,58,206148,399999,jul-17-2021_1840
2469,0.0,0.0,0.0,0.0,1,0.0,0.0,0.0,0.0,0.0,0.0,0.0,0.0,inf,0.0,500,400000,0.004999999888241291,30,True,0.6666666865348816,0.6666666865348816,0.0,0.0,0.0,0.0,1.0,0.0,0.0,0.0,0.0,0.0,0.0,0.0,0.0,0.488,22.296,529.7963840000001,259.77600000000007,62,195620,399999,jul-17-2021_1840
2470,0.0,0.0,0.0,0.0,1,0.0,0.0,0.0,0.0,0.0,0.0,0.0,0.0,inf,0.0,500,400000,0.004999999888241291,30,True,0.6666666865348816,1.0,0.0,0.0,0.0,0.0,1.0,0.0,0.0,0.0,0.0,0.0,0.0,0.0,0.0,0.488,22.08733333337307,518.2925951094087,239.75600000000009,61,192685,399999,jul-17-2021_1841
2471,0.0,0.0,0.0,0.0,1,0.0,0.0,0.0,0.0,0.0,0.0,0.0,0.0,inf,0.0,500,400000,0.004999999888241291,30,True,1.0,-1.0,0.0,0.0,0.0,0.0,1.0,0.0,0.0,0.0,0.0,0.0,0.0,0.0,0.0,0.5,22.54,514.6804,248.37599999999998,57,189200,399999,jul-17-2021_1841
2472,0.0,0.0,0.0,0.0,1,0.0,0.0,0.0,0.0,0.0,0.0,0.0,0.0,inf,0.0,500,400000,0.004999999888241291,30,True,1.0,-0.6666666865348816,0.0,0.0,0.0,0.0,1.0,0.0,0.0,0.0,0.0,0.0,0.0,0.0,0.0,0.504,22.56,507.7264,243.46800000000007,54,188563,399999,jul-17-2021_1842
2473,0.0,0.0,0.0,0.0,1,0.0,0.0,0.0,0.0,0.0,0.0,0.0,0.0,inf,0.0,500,400000,0.004999999888241291,30,True,1.0,-0.3333333432674408,0.0,0.0,0.0,0.0,1.0,0.0,0.0,0.0,0.0,0.0,0.0,0.0,0.0,0.482,21.91866666662693,523.3778293314459,243.58799999999997,59,195897,399999,jul-17-2021_1842
2474,0.0,0.0,0.0,0.0,1,0.0,0.0,0.0,0.0,0.0,0.0,0.0,0.0,inf,0.0,500,400000,0.004999999888241291,30,True,1.0,0.0,0.0,0.0,0.0,0.0,1.0,0.0,0.0,0.0,0.0,0.0,0.0,0.0,0.0,0.496,22.42,517.8956,248.07999999999993,58,191014,399999,jul-17-2021_1843
2475,0.0,0.0,0.0,0.0,1,0.0,0.0,0.0,0.0,0.0,0.0,0.0,0.0,inf,0.0,500,400000,0.004999999888241291,30,True,1.0,0.3333333432674408,0.0,0.0,0.0,0.0,1.0,0.0,0.0,0.0,0.0,0.0,0.0,0.0,0.0,0.462,21.3,534.466,245.6959999999999,57,205090,399999,jul-17-2021_1843
2476,0.0,0.0,0.0,0.0,1,0.0,0.0,0.0,0.0,0.0,0.0,0.0,0.0,inf,0.0,500,400000,0.004999999888241291,30,True,1.0,0.6666666865348816,0.0,0.0,0.0,0.0,1.0,0.0,0.0,0.0,0.0,0.0,0.0,0.0,0.0,0.498,22.53933333337307,520.2240084466002,252.43200000000002,56,189936,399999,jul-17-2021_1843
2477,0.0,0.0,0.0,0.0,1,0.0,0.0,0.0,0.0,0.0,0.0,0.0,0.0,inf,0.0,500,400000,0.004999999888241291,30,True,1.0,1.0,0.0,0.0,0.0,0.0,1.0,0.0,0.0,0.0,0.0,0.0,0.0,0.0,0.0,0.532,23.34,485.3724,235.4960000000001,54,175933,399999,jul-17-2021_1844
2478,0.0,0.0,0.0,0.0,1,0.0,0.0,0.0,0.0,0.0,0.0,0.0,0.0,inf,0.0,500,400000,0.004999999888241291,30,True,1.3333333730697632,-1.0,0.0,0.0,0.0,0.0,1.0,0.0,0.0,0.0,0.0,0.0,0.0,0.0,0.0,0.474,21.63266666674614,525.957288441218,241.6479999999999,59,199175,399999,jul-17-2021_1844
2479,0.0,0.0,0.0,0.0,1,0.0,0.0,0.0,0.0,0.0,0.0,0.0,0.0,inf,0.0,500,400000,0.004999999888241291,30,True,1.3333333730697632,-0.6666666865348816,0.0,0.0,0.0,0.0,1.0,0.0,0.0,0.0,0.0,0.0,0.0,0.0,0.0,0.514,22.90933333337307,503.26022399478836,246.13200000000006,57,183512,399999,jul-17-2021_1845
2480,0.0,0.0,0.0,0.0,1,0.0,0.0,0.0,0.0,0.0,0.0,0.0,0.0,inf,0.0,500,400000,0.004999999888241291,30,True,1.3333333730697632,-0.3333333432674408,0.0,0.0,0.0,0.0,1.0,0.0,0.0,0.0,0.0,0.0,0.0,0.0,0.0,0.518,23.012,500.391856,240.99199999999996,57,182890,399999,jul-17-2021_1845
2481,0.0,0.0,0.0,0.0,1,0.0,0.0,0.0,0.0,0.0,0.0,0.0,0.0,inf,0.0,500,400000,0.004999999888241291,30,True,1.3333333730697632,0.0,0.0,0.0,0.0,0.0,1.0,0.0,0.0,0.0,0.0,0.0,0.0,0.0,0.0,0.506,22.61066666674614,505.13330844106247,240.48399999999992,55,186137,399999,jul-17-2021_1846
2482,0.0,0.0,0.0,0.0,1,0.0,0.0,0.0,0.0,0.0,0.0,0.0,0.0,inf,0.0,500,400000,0.004999999888241291,30,True,1.3333333730697632,0.3333333432674408,0.0,0.0,0.0,0.0,1.0,0.0,0.0,0.0,0.0,0.0,0.0,0.0,0.0,0.49,22.248,523.5344959999999,250.39200000000005,57,193615,399999,jul-17-2021_1846
2483,0.0,0.0,0.0,0.0,1,0.0,0.0,0.0,0.0,0.0,0.0,0.0,0.0,inf,0.0,500,400000,0.004999999888241291,30,True,1.3333333730697632,0.6666666865348816,0.0,0.0,0.0,0.0,1.0,0.0,0.0,0.0,0.0,0.0,0.0,0.0,0.0,0.476,21.71600000011921,526.9931217761235,244.29600000000005,61,198347,399999,jul-17-2021_1846
2484,0.0,0.0,0.0,0.0,1,0.0,0.0,0.0,0.0,0.0,0.0,0.0,0.0,inf,0.0,500,400000,0.004999999888241291,30,True,1.3333333730697632,1.0,0.0,0.0,0.0,0.0,1.0,0.0,0.0,0.0,0.0,0.0,0.0,0.0,0.0,0.498,22.50466666674614,517.7895337744128,250.41200000000003,60,188447,399999,jul-17-2021_1847
2485,0.0,0.0,0.0,0.0,1,0.0,0.0,0.0,0.0,0.0,0.0,0.0,0.0,inf,0.0,500,400000,0.004999999888241291,30,True,1.6666666269302368,-1.0,0.0,0.0,0.0,0.0,1.0,0.0,0.0,0.0,0.0,0.0,0.0,0.0,0.0,0.492,22.25733333325386,518.8906684477172,246.712,58,192549,399999,jul-17-2021_1847
2486,0.0,0.0,0.0,0.0,1,0.0,0.0,0.0,0.0,0.0,0.0,0.0,0.0,inf,0.0,500,400000,0.004999999888241291,30,True,1.6666666269302368,-0.6666666865348816,0.0,0.0,0.0,0.0,1.0,0.0,0.0,0.0,0.0,0.0,0.0,0.0,0.0,0.494,22.44999999988079,524.0612777795011,253.44399999999996,55,190447,399999,jul-17-2021_1848
2487,0.0,0.0,0.0,0.0,1,0.0,0.0,0.0,0.0,0.0,0.0,0.0,0.0,inf,0.0,500,400000,0.004999999888241291,30,True,1.6666666269302368,-0.3333333432674408,0.0,0.0,0.0,0.0,1.0,0.0,0.0,0.0,0.0,0.0,0.0,0.0,0.0,0.536,23.714666666567325,493.2603626692194,251.75199999999995,57,174148,399999,jul-17-2021_1848
2488,0.0,0.0,0.0,0.0,1,0.0,0.0,0.0,0.0,0.0,0.0,0.0,0.0,inf,0.0,500,400000,0.004999999888241291,30,True,1.6666666269302368,0.0,0.0,0.0,0.0,0.0,1.0,0.0,0.0,0.0,0.0,0.0,0.0,0.0,0.0,0.484,22.12,529.4216,252.02800000000002,56,196730,399999,jul-17-2021_1849
2489,0.0,0.0,0.0,0.0,1,0.0,0.0,0.0,0.0,0.0,0.0,0.0,0.0,inf,0.0,500,400000,0.004999999888241291,30,True,1.6666666269302368,0.3333333432674408,0.0,0.0,0.0,0.0,1.0,0.0,0.0,0.0,0.0,0.0,0.0,0.0,0.0,0.494,22.191999999940396,510.4235804485866,236.60799999999995,59,191503,399999,jul-17-2021_1849
2490,0.0,0.0,0.0,0.0,1,0.0,0.0,0.0,0.0,0.0,0.0,0.0,0.0,inf,0.0,500,400000,0.004999999888241291,30,True,1.6666666269302368,0.6666666865348816,0.0,0.0,0.0,0.0,1.0,0.0,0.0,0.0,0.0,0.0,0.0,0.0,0.0,0.498,22.49733333325386,516.9108817883207,247.1199999999999,55,190085,399999,jul-17-2021_1849
2491,0.0,0.0,0.0,0.0,1,0.0,0.0,0.0,0.0,0.0,0.0,0.0,0.0,inf,0.0,500,400000,0.004999999888241291,30,True,1.6666666269302368,1.0,0.0,0.0,0.0,0.0,1.0,0.0,0.0,0.0,0.0,0.0,0.0,0.0,0.0,0.496,22.31733333325386,512.8281884477268,241.41599999999994,58,192421,399999,jul-17-2021_1850
2492,0.0,0.0,0.0,0.0,1,0.0,0.0,0.0,0.0,0.0,0.0,0.0,0.0,inf,0.0,500,400000,0.004999999888241291,30,True,2.0,-1.0,0.0,0.0,0.0,0.0,1.0,0.0,0.0,0.0,0.0,0.0,0.0,0.0,0.0,0.502,22.708,518.6627359999999,256.328,62,187137,399999,jul-17-2021_1850
2493,0.0,0.0,0.0,0.0,1,0.0,0.0,0.0,0.0,0.0,0.0,0.0,0.0,inf,0.0,500,400000,0.004999999888241291,30,True,2.0,-0.6666666865348816,0.0,0.0,0.0,0.0,1.0,0.0,0.0,0.0,0.0,0.0,0.0,0.0,0.0,0.502,22.50666666662693,508.8001777762022,243.4559999999999,56,188296,399999,jul-17-2021_1851
2494,0.0,0.0,0.0,0.0,1,0.0,0.0,0.0,0.0,0.0,0.0,0.0,0.0,inf,0.0,500,400000,0.004999999888241291,30,True,2.0,-0.3333333432674408,0.0,0.0,0.0,0.0,1.0,0.0,0.0,0.0,0.0,0.0,0.0,0.0,0.0,0.496,22.371333333313466,515.2690004433598,245.97199999999998,55,190576,399999,jul-17-2021_1851
2495,0.0,0.0,0.0,0.0,1,0.0,0.0,0.0,0.0,0.0,0.0,0.0,0.0,inf,0.0,500,400000,0.004999999888241291,30,True,2.0,0.0,0.0,0.0,0.0,0.0,1.0,0.0,0.0,0.0,0.0,0.0,0.0,0.0,0.0,0.49,22.24,521.6143999999999,249.9559999999999,55,193070,399999,jul-17-2021_1851
2496,0.0,0.0,0.0,0.0,1,0.0,0.0,0.0,0.0,0.0,0.0,0.0,0.0,inf,0.0,500,400000,0.004999999888241291,30,True,2.0,0.3333333432674408,0.0,0.0,0.0,0.0,1.0,0.0,0.0,0.0,0.0,0.0,0.0,0.0,0.0,0.502,22.596666666686534,513.7602111120543,246.4760000000001,56,187964,399999,jul-17-2021_1852
2497,0.0,0.0,0.0,0.0,1,0.0,0.0,0.0,0.0,0.0,0.0,0.0,0.0,inf,0.0,500,400000,0.004999999888241291,30,True,2.0,0.6666666865348816,0.0,0.0,0.0,0.0,1.0,0.0,0.0,0.0,0.0,0.0,0.0,0.0,0.0,0.464,21.30000000011921,529.3540000062068,240.96000000000004,57,203471,399999,jul-17-2021_1852
2498,0.0,0.0,0.0,0.0,1,0.0,0.0,0.0,0.0,0.0,0.0,0.0,0.0,inf,0.0,500,400000,0.004999999888241291,30,True,2.0,1.0,0.0,0.0,0.0,0.0,1.0,0.0,0.0,0.0,0.0,0.0,0.0,0.0,0.0,0.48,21.932,527.6673760000001,246.46399999999994,56,197722,399999,jul-17-2021_1853
2499,0.0,0.0,0.0,0.0,1,0.0,0.0,0.0,0.0,0.0,0.0,0.0,0.0,inf,0.0,500,400000,0.004999999888241291,30,True,0.0,-1.0,0.0,0.0,0.0,0.0,1.0,0.0,0.0,0.0,0.0,0.0,0.0,0.0,0.0,0.488,22.218,523.978476,250.48399999999992,62,193424,399999,jul-17-2021_1853
2500,0.0,0.0,0.0,0.0,1,0.0,0.0,0.0,0.0,0.0,0.0,0.0,0.0,inf,0.0,500,400000,0.004999999888241291,30,True,0.0,-0.6666666865348816,0.0,0.0,0.0,0.0,1.0,0.0,0.0,0.0,0.0,0.0,0.0,0.0,0.0,0.508,22.748,509.672496,247.87599999999998,58,186628,399999,jul-17-2021_1854
2501,0.0,0.0,0.0,0.0,1,0.0,0.0,0.0,0.0,0.0,0.0,0.0,0.0,inf,0.0,500,400000,0.004999999888241291,30,True,0.0,-0.3333333432674408,0.0,0.0,0.0,0.0,1.0,0.0,0.0,0.0,0.0,0.0,0.0,0.0,0.0,0.476,21.729999999940397,527.6904333302018,246.36400000000003,58,199187,399999,jul-17-2021_1854
2502,0.0,0.0,0.0,0.0,1,0.0,0.0,0.0,0.0,0.0,0.0,0.0,0.0,inf,0.0,500,400000,0.004999999888241291,30,True,0.0,0.0,0.0,0.0,0.0,0.0,1.0,0.0,0.0,0.0,0.0,0.0,0.0,0.0,0.0,0.51,22.728,504.3260159999999,241.72000000000003,56,184873,399999,jul-17-2021_1854
2503,0.0,0.0,0.0,0.0,1,0.0,0.0,0.0,0.0,0.0,0.0,0.0,0.0,inf,0.0,500,400000,0.004999999888241291,30,True,0.0,0.3333333432674408,0.0,0.0,0.0,0.0,1.0,0.0,0.0,0.0,0.0,0.0,0.0,0.0,0.0,0.556,24.136,472.76150399999995,243.66000000000008,53,166873,399999,jul-17-2021_1855
2504,0.0,0.0,0.0,0.0,1,0.0,0.0,0.0,0.0,0.0,0.0,0.0,0.0,inf,0.0,500,400000,0.004999999888241291,30,True,0.0,0.6666666865348816,0.0,0.0,0.0,0.0,1.0,0.0,0.0,0.0,0.0,0.0,0.0,0.0,0.0,0.466,21.49066666674614,536.3116906710655,249.50800000000004,58,202674,399999,jul-17-2021_1855
2505,0.0,0.0,0.0,0.0,1,0.0,0.0,0.0,0.0,0.0,0.0,0.0,0.0,inf,0.0,500,400000,0.004999999888241291,30,True,0.0,1.0,0.0,0.0,0.0,0.0,1.0,0.0,0.0,0.0,0.0,0.0,0.0,0.0,0.0,0.47,21.586,532.4186040000001,246.51600000000008,55,201268,399999,jul-17-2021_1856
2506,0.0,0.0,0.0,0.0,1,0.0,0.0,0.0,0.0,0.0,0.0,0.0,0.0,inf,0.0,500,400000,0.004999999888241291,30,True,0.3333333432674408,-1.0,0.0,0.0,0.0,0.0,1.0,0.0,0.0,0.0,0.0,0.0,0.0,0.0,0.0,0.532,23.378666666686534,487.2761671101954,239.308,53,175739,399999,jul-17-2021_1856
2507,0.0,0.0,0.0,0.0,1,0.0,0.0,0.0,0.0,0.0,0.0,0.0,0.0,inf,0.0,500,400000,0.004999999888241291,30,True,0.3333333432674408,-0.6666666865348816,0.0,0.0,0.0,0.0,1.0,0.0,0.0,0.0,0.0,0.0,0.0,0.0,0.0,0.524,23.244,497.74446399999994,244.952,55,180587,399999,jul-17-2021_1857
2508,0.0,0.0,0.0,0.0,1,0.0,0.0,0.0,0.0,0.0,0.0,0.0,0.0,inf,0.0,500,400000,0.004999999888241291,30,True,0.3333333432674408,-0.3333333432674408,0.0,0.0,0.0,0.0,1.0,0.0,0.0,0.0,0.0,0.0,0.0,0.0,0.0,0.512,22.984,511.0881884425636,253.36400000000003,56,185066,399999,jul-17-2021_1857
2509,0.0,0.0,0.0,0.0,1,0.0,0.0,0.0,0.0,0.0,0.0,0.0,0.0,inf,0.0,500,400000,0.004999999888241291,30,True,0.3333333432674408,0.0,0.0,0.0,0.0,0.0,1.0,0.0,0.0,0.0,0.0,0.0,0.0,0.0,0.0,0.492,22.396,525.9711839999999,252.7360000000001,57,193062,399999,jul-17-2021_1857
2510,0.0,0.0,0.0,0.0,1,0.0,0.0,0.0,0.0,0.0,0.0,0.0,0.0,inf,0.0,500,400000,0.004999999888241291,30,True,0.3333333432674408,0.3333333432674408,0.0,0.0,0.0,0.0,1.0,0.0,0.0,0.0,0.0,0.0,0.0,0.0,0.0,0.532,23.40533333337307,488.4454826664623,240.904,56,176345,399999,jul-17-2021_1858
2511,0.0,0.0,0.0,0.0,1,0.0,0.0,0.0,0.0,0.0,0.0,0.0,0.0,inf,0.0,500,400000,0.004999999888241291,30,True,0.3333333432674408,0.6666666865348816,0.0,0.0,0.0,0.0,1.0,0.0,0.0,0.0,0.0,0.0,0.0,0.0,0.0,0.504,22.774000000059605,516.675368445531,254.58400000000006,55,187178,399999,jul-17-2021_1858
2512,0.0,0.0,0.0,0.0,1,0.0,0.0,0.0,0.0,0.0,0.0,0.0,0.0,inf,0.0,500,400000,0.004999999888241291,30,True,0.3333333432674408,1.0,0.0,0.0,0.0,0.0,1.0,0.0,0.0,0.0,0.0,0.0,0.0,0.0,0.0,0.506,22.81733333337307,515.5057439982131,251.53999999999996,55,185731,399999,jul-17-2021_1859
2513,0.0,0.0,0.0,0.0,1,0.0,0.0,0.0,0.0,0.0,0.0,0.0,0.0,inf,0.0,500,400000,0.004999999888241291,30,True,0.6666666865348816,-1.0,0.0,0.0,0.0,0.0,1.0,0.0,0.0,0.0,0.0,0.0,0.0,0.0,0.0,0.496,22.42733333337307,517.8456084427152,248.79600000000005,60,191402,399999,jul-17-2021_1859
2514,0.0,0.0,0.0,0.0,1,0.0,0.0,0.0,0.0,0.0,0.0,0.0,0.0,inf,0.0,500,400000,0.004999999888241291,30,True,0.6666666865348816,-0.6666666865348816,0.0,0.0,0.0,0.0,1.0,0.0,0.0,0.0,0.0,0.0,0.0,0.0,0.0,0.516,22.924,500.4226684405768,243.5999999999999,56,183898,399999,jul-17-2021_1859
2515,0.0,0.0,0.0,0.0,1,0.0,0.0,0.0,0.0,0.0,0.0,0.0,0.0,inf,0.0,500,400000,0.004999999888241291,30,True,0.6666666865348816,-0.3333333432674408,0.0,0.0,0.0,0.0,1.0,0.0,0.0,0.0,0.0,0.0,0.0,0.0,0.0,0.524,23.212666666686534,496.61855066418127,242.46399999999994,56,179879,399999,jul-17-2021_1900
2516,0.0,0.0,0.0,0.0,1,0.0,0.0,0.0,0.0,0.0,0.0,0.0,0.0,inf,0.0,500,400000,0.004999999888241291,30,True,0.6666666865348816,0.0,0.0,0.0,0.0,0.0,1.0,0.0,0.0,0.0,0.0,0.0,0.0,0.0,0.0,0.508,22.71600000011921,506.0220106614097,243.452,55,184820,399999,jul-17-2021_1900
2517,0.0,0.0,0.0,0.0,1,0.0,0.0,0.0,0.0,0.0,0.0,0.0,0.0,inf,0.0,500,400000,0.004999999888241291,30,True,0.6666666865348816,0.3333333432674408,0.0,0.0,0.0,0.0,1.0,0.0,0.0,0.0,0.0,0.0,0.0,0.0,0.0,0.506,22.710000000059605,511.2236777768852,248.5999999999999,58,187563,399999,jul-17-2021_1901
2518,0.0,0.0,0.0,0.0,1,0.0,0.0,0.0,0.0,0.0,0.0,0.0,0.0,inf,0.0,500,400000,0.004999999888241291,30,True,0.6666666865348816,0.6666666865348816,0.0,0.0,0.0,0.0,1.0,0.0,0.0,0.0,0.0,0.0,0.0,0.0,0.0,0.49,22.15066666674614,517.4364106669076,243.05600000000004,56,193139,399999,jul-17-2021_1901
2519,0.0,0.0,0.0,0.0,1,0.0,0.0,0.0,0.0,0.0,0.0,0.0,0.0,inf,0.0,500,400000,0.004999999888241291,30,True,0.6666666865348816,1.0,0.0,0.0,0.0,0.0,1.0,0.0,0.0,0.0,0.0,0.0,0.0,0.0,0.0,0.458,21.21133333337307,539.8662271094785,248.70000000000005,57,206121,399999,jul-17-2021_1902
2520,0.0,0.0,0.0,0.0,1,0.0,0.0,0.0,0.0,0.0,0.0,0.0,0.0,inf,0.0,500,400000,0.004999999888241291,30,True,1.0,-1.0,0.0,0.0,0.0,0.0,1.0,0.0,0.0,0.0,0.0,0.0,0.0,0.0,0.0,0.486,21.924,514.566224,236.904,56,194856,399999,jul-17-2021_1902
2521,0.0,0.0,0.0,0.0,1,0.0,0.0,0.0,0.0,0.0,0.0,0.0,0.0,inf,0.0,500,400000,0.004999999888241291,30,True,1.0,-0.6666666865348816,0.0,0.0,0.0,0.0,1.0,0.0,0.0,0.0,0.0,0.0,0.0,0.0,0.0,0.546,23.84933333325386,480.0377439961083,245.46000000000004,58,169521,399999,jul-17-2021_1902
2522,0.0,0.0,0.0,0.0,1,0.0,0.0,0.0,0.0,0.0,0.0,0.0,0.0,inf,0.0,500,400000,0.004999999888241291,30,True,1.0,-0.3333333432674408,0.0,0.0,0.0,0.0,1.0,0.0,0.0,0.0,0.0,0.0,0.0,0.0,0.0,0.518,23.12,504.3696,251.79199999999992,54,182377,399999,jul-17-2021_1903
2523,0.0,0.0,0.0,0.0,1,0.0,0.0,0.0,0.0,0.0,0.0,0.0,0.0,inf,0.0,500,400000,0.004999999888241291,30,True,1.0,0.0,0.0,0.0,0.0,0.0,1.0,0.0,0.0,0.0,0.0,0.0,0.0,0.0,0.0,0.502,22.544,511.08806400000003,244.8599999999999,55,187730,399999,jul-17-2021_1903
2524,0.0,0.0,0.0,0.0,1,0.0,0.0,0.0,0.0,0.0,0.0,0.0,0.0,inf,0.0,500,400000,0.004999999888241291,30,True,1.0,0.3333333432674408,0.0,0.0,0.0,0.0,1.0,0.0,0.0,0.0,0.0,0.0,0.0,0.0,0.0,0.5,22.52933333337307,513.6575840018124,247.32400000000007,56,188100,399999,jul-17-2021_1904
2525,0.0,0.0,0.0,0.0,1,0.0,0.0,0.0,0.0,0.0,0.0,0.0,0.0,inf,0.0,500,400000,0.004999999888241291,30,True,1.0,0.6666666865348816,0.0,0.0,0.0,0.0,1.0,0.0,0.0,0.0,0.0,0.0,0.0,0.0,0.0,0.478,21.97133333337307,533.8354004458508,252.99199999999996,59,197506,399999,jul-17-2021_1904
2526,0.0,0.0,0.0,0.0,1,0.0,0.0,0.0,0.0,0.0,0.0,0.0,0.0,inf,0.0,500,400000,0.004999999888241291,30,True,1.0,1.0,0.0,0.0,0.0,0.0,1.0,0.0,0.0,0.0,0.0,0.0,0.0,0.0,0.0,0.438,20.544,548.828064,245.096,58,215243,399999,jul-17-2021_1905
2527,0.0,0.0,0.0,0.0,1,0.0,0.0,0.0,0.0,0.0,0.0,0.0,0.0,inf,0.0,500,400000,0.004999999888241291,30,True,1.3333333730697632,-1.0,0.0,0.0,0.0,0.0,1.0,0.0,0.0,0.0,0.0,0.0,0.0,0.0,0.0,0.5,22.544,516.112064,249.9960000000001,55,190626,399999,jul-17-2021_1905
2528,0.0,0.0,0.0,0.0,1,0.0,0.0,0.0,0.0,0.0,0.0,0.0,0.0,inf,0.0,500,400000,0.004999999888241291,30,True,1.3333333730697632,-0.6666666865348816,0.0,0.0,0.0,0.0,1.0,0.0,0.0,0.0,0.0,0.0,0.0,0.0,0.0,0.504,22.61333333337307,509.4322666618761,244.03999999999996,54,187094,399999,jul-17-2021_1905
2529,0.0,0.0,0.0,0.0,1,0.0,0.0,0.0,0.0,0.0,0.0,0.0,0.0,inf,0.0,500,400000,0.004999999888241291,30,True,1.3333333730697632,-0.3333333432674408,0.0,0.0,0.0,0.0,1.0,0.0,0.0,0.0,0.0,0.0,0.0,0.0,0.0,0.49,22.026000000059604,511.6137684399776,234.86799999999994,58,194611,399999,jul-17-2021_1906
2530,0.0,0.0,0.0,0.0,1,0.0,0.0,0.0,0.0,0.0,0.0,0.0,0.0,inf,0.0,500,400000,0.004999999888241291,30,True,1.3333333730697632,0.0,0.0,0.0,0.0,0.0,1.0,0.0,0.0,0.0,0.0,0.0,0.0,0.0,0.0,0.478,21.87600000023842,528.7912906568712,246.9559999999999,59,197451,399999,jul-17-2021_1906
2531,0.0,0.0,0.0,0.0,1,0.0,0.0,0.0,0.0,0.0,0.0,0.0,0.0,inf,0.0,500,400000,0.004999999888241291,30,True,1.3333333730697632,0.3333333432674408,0.0,0.0,0.0,0.0,1.0,0.0,0.0,0.0,0.0,0.0,0.0,0.0,0.0,0.492,22.287333333432674,518.6425506642519,245.96000000000004,56,191965,399999,jul-17-2021_1907
2532,0.0,0.0,0.0,0.0,1,0.0,0.0,0.0,0.0,0.0,0.0,0.0,0.0,inf,0.0,500,400000,0.004999999888241291,30,True,1.3333333730697632,0.6666666865348816,0.0,0.0,0.0,0.0,1.0,0.0,0.0,0.0,0.0,0.0,0.0,0.0,0.0,0.498,22.32400000011921,509.61413510947085,239.5039999999999,54,189246,399999,jul-17-2021_1907
2533,0.0,0.0,0.0,0.0,1,0.0,0.0,0.0,0.0,0.0,0.0,0.0,0.0,inf,0.0,500,400000,0.004999999888241291,30,True,1.3333333730697632,1.0,0.0,0.0,0.0,0.0,1.0,0.0,0.0,0.0,0.0,0.0,0.0,0.0,0.0,0.546,23.764,476.864304,237.4960000000001,56,171618,399999,jul-17-2021_1907
2534,0.0,0.0,0.0,0.0,1,0.0,0.0,0.0,0.0,0.0,0.0,0.0,0.0,inf,0.0,500,400000,0.004999999888241291,30,True,1.6666666269302368,-1.0,0.0,0.0,0.0,0.0,1.0,0.0,0.0,0.0,0.0,0.0,0.0,0.0,0.0,0.5,22.552,516.671296,251.0239999999999,54,190056,399999,jul-17-2021_1908
2535,0.0,0.0,0.0,0.0,1,0.0,0.0,0.0,0.0,0.0,0.0,0.0,0.0,inf,0.0,500,400000,0.004999999888241291,30,True,1.6666666269302368,-0.6666666865348816,0.0,0.0,0.0,0.0,1.0,0.0,0.0,0.0,0.0,0.0,0.0,0.0,0.0,0.47,21.684,538.4481440000001,253.212,60,201983,399999,jul-17-2021_1908
2536,0.0,0.0,0.0,0.0,1,0.0,0.0,0.0,0.0,0.0,0.0,0.0,0.0,inf,0.0,500,400000,0.004999999888241291,30,True,1.6666666269302368,-0.3333333432674408,0.0,0.0,0.0,0.0,1.0,0.0,0.0,0.0,0.0,0.0,0.0,0.0,0.0,0.498,22.366666666567326,510.89666666903105,239.47199999999998,55,190222,399999,jul-17-2021_1909
2537,0.0,0.0,0.0,0.0,1,0.0,0.0,0.0,0.0,0.0,0.0,0.0,0.0,inf,0.0,500,400000,0.004999999888241291,30,True,1.6666666269302368,0.0,0.0,0.0,0.0,0.0,1.0,0.0,0.0,0.0,0.0,0.0,0.0,0.0,0.0,0.508,22.750666666507723,507.4782773400358,246.7639999999999,58,186878,399999,jul-17-2021_1909
2538,0.0,0.0,0.0,0.0,1,0.0,0.0,0.0,0.0,0.0,0.0,0.0,0.0,inf,0.0,500,400000,0.004999999888241291,30,True,1.6666666269302368,0.3333333432674408,0.0,0.0,0.0,0.0,1.0,0.0,0.0,0.0,0.0,0.0,0.0,0.0,0.0,0.492,22.21599999988079,516.4542328974176,241.53199999999993,56,192154,399999,jul-17-2021_1910
2539,0.0,0.0,0.0,0.0,1,0.0,0.0,0.0,0.0,0.0,0.0,0.0,0.0,inf,0.0,500,400000,0.004999999888241291,30,True,1.6666666269302368,0.6666666865348816,0.0,0.0,0.0,0.0,1.0,0.0,0.0,0.0,0.0,0.0,0.0,0.0,0.0,0.506,22.776,514.245824,251.6479999999999,55,186628,399999,jul-17-2021_1910
2540,0.0,0.0,0.0,0.0,1,0.0,0.0,0.0,0.0,0.0,0.0,0.0,0.0,inf,0.0,500,400000,0.004999999888241291,30,True,1.6666666269302368,1.0,0.0,0.0,0.0,0.0,1.0,0.0,0.0,0.0,0.0,0.0,0.0,0.0,0.0,0.504,22.62933333325386,510.02082844777635,244.34799999999996,55,186119,399999,jul-17-2021_1910
2541,0.0,0.0,0.0,0.0,1,0.0,0.0,0.0,0.0,0.0,0.0,0.0,0.0,inf,0.0,500,400000,0.004999999888241291,30,True,2.0,-1.0,0.0,0.0,0.0,0.0,1.0,0.0,0.0,0.0,0.0,0.0,0.0,0.0,0.0,0.528,23.484,500.34174399999995,251.41599999999994,55,178574,399999,jul-17-2021_1911
2542,0.0,0.0,0.0,0.0,1,0.0,0.0,0.0,0.0,0.0,0.0,0.0,0.0,inf,0.0,500,400000,0.004999999888241291,30,True,2.0,-0.6666666865348816,0.0,0.0,0.0,0.0,1.0,0.0,0.0,0.0,0.0,0.0,0.0,0.0,0.0,0.502,22.52933333325386,510.1575839966139,244.3320000000001,60,187948,399999,jul-17-2021_1911
2543,0.0,0.0,0.0,0.0,1,0.0,0.0,0.0,0.0,0.0,0.0,0.0,0.0,inf,0.0,500,400000,0.004999999888241291,30,True,2.0,-0.3333333432674408,0.0,0.0,0.0,0.0,1.0,0.0,0.0,0.0,0.0,0.0,0.0,0.0,0.0,0.46,21.208,535.4087360000001,241.70399999999995,59,207198,399999,jul-17-2021_1912
2544,0.0,0.0,0.0,0.0,1,0.0,0.0,0.0,0.0,0.0,0.0,0.0,0.0,inf,0.0,500,400000,0.004999999888241291,30,True,2.0,0.0,0.0,0.0,0.0,0.0,1.0,0.0,0.0,0.0,0.0,0.0,0.0,0.0,0.0,0.476,21.788,529.4710559999999,246.73199999999997,58,198406,399999,jul-17-2021_1912
2545,0.0,0.0,0.0,0.0,1,0.0,0.0,0.0,0.0,0.0,0.0,0.0,0.0,inf,0.0,500,400000,0.004999999888241291,30,True,2.0,0.3333333432674408,0.0,0.0,0.0,0.0,1.0,0.0,0.0,0.0,0.0,0.0,0.0,0.0,0.0,0.496,22.456666666686534,519.3290111120996,249.31600000000003,55,191608,399999,jul-17-2021_1913
2546,0.0,0.0,0.0,0.0,1,0.0,0.0,0.0,0.0,0.0,0.0,0.0,0.0,inf,0.0,500,400000,0.004999999888241291,30,True,2.0,0.6666666865348816,0.0,0.0,0.0,0.0,1.0,0.0,0.0,0.0,0.0,0.0,0.0,0.0,0.0,0.498,22.476,516.6254240000001,246.57999999999993,56,191537,399999,jul-17-2021_1913
2547,0.0,0.0,0.0,0.0,1,0.0,0.0,0.0,0.0,0.0,0.0,0.0,0.0,inf,0.0,500,400000,0.004999999888241291,30,True,2.0,1.0,0.0,0.0,0.0,0.0,1.0,0.0,0.0,0.0,0.0,0.0,0.0,0.0,0.0,0.512,22.994,511.677964,254.92399999999998,58,183961,399999,jul-17-2021_1913
2548,0.0,0.0,0.0,0.0,1,0.0,0.0,0.0,0.0,0.0,0.0,0.0,0.0,inf,0.0,500,400000,0.004999999888241291,30,True,0.0,-1.0,0.0,0.0,0.0,0.0,1.0,0.0,0.0,0.0,0.0,0.0,0.0,0.0,0.0,0.524,23.232,498.29417600000005,246.25600000000009,56,180635,399999,jul-17-2021_1914
2549,0.0,0.0,0.0,0.0,1,0.0,0.0,0.0,0.0,0.0,0.0,0.0,0.0,inf,0.0,500,400000,0.004999999888241291,30,True,0.0,-0.6666666865348816,0.0,0.0,0.0,0.0,1.0,0.0,0.0,0.0,0.0,0.0,0.0,0.0,0.0,0.478,21.79733333325386,525.2807039960205,245.97199999999998,57,197916,399999,jul-17-2021_1914
2550,0.0,0.0,0.0,0.0,1,0.0,0.0,0.0,0.0,0.0,0.0,0.0,0.0,inf,0.0,500,400000,0.004999999888241291,30,True,0.0,-0.3333333432674408,0.0,0.0,0.0,0.0,1.0,0.0,0.0,0.0,0.0,0.0,0.0,0.0,0.0,0.494,22.216,512.0853440000001,238.8599999999999,55,193000,399999,jul-17-2021_1915
2551,0.0,0.0,0.0,0.0,1,0.0,0.0,0.0,0.0,0.0,0.0,0.0,0.0,inf,0.0,500,400000,0.004999999888241291,30,True,0.0,0.0,0.0,0.0,0.0,0.0,1.0,0.0,0.0,0.0,0.0,0.0,0.0,0.0,0.0,0.5,22.56,515.2864,249.18399999999997,57,189725,399999,jul-17-2021_1915
2552,0.0,0.0,0.0,0.0,1,0.0,0.0,0.0,0.0,0.0,0.0,0.0,0.0,inf,0.0,500,400000,0.004999999888241291,30,True,0.0,0.3333333432674408,0.0,0.0,0.0,0.0,1.0,0.0,0.0,0.0,0.0,0.0,0.0,0.0,0.0,0.534,23.636666666686533,494.17621111185406,250.02800000000002,54,174020,399999,jul-17-2021_1915
2553,0.0,0.0,0.0,0.0,1,0.0,0.0,0.0,0.0,0.0,0.0,0.0,0.0,inf,0.0,500,400000,0.004999999888241291,30,True,0.0,0.6666666865348816,0.0,0.0,0.0,0.0,1.0,0.0,0.0,0.0,0.0,0.0,0.0,0.0,0.0,0.52,23.20933333337307,505.27706844591125,253.3119999999999,54,181044,399999,jul-17-2021_1916
2554,0.0,0.0,0.0,0.0,1,0.0,0.0,0.0,0.0,0.0,0.0,0.0,0.0,inf,0.0,500,400000,0.004999999888241291,30,True,0.0,1.0,0.0,0.0,0.0,0.0,1.0,0.0,0.0,0.0,0.0,0.0,0.0,0.0,0.0,0.486,22.076,522.646224,247.836,57,194159,399999,jul-17-2021_1916
2555,0.0,0.0,0.0,0.0,1,0.0,0.0,0.0,0.0,0.0,0.0,0.0,0.0,inf,0.0,500,400000,0.004999999888241291,30,True,0.3333333432674408,-1.0,0.0,0.0,0.0,0.0,1.0,0.0,0.0,0.0,0.0,0.0,0.0,0.0,0.0,0.466,21.585333333373068,541.3498293316444,254.63599999999997,58,203548,399999,jul-17-2021_1917
2556,0.0,0.0,0.0,0.0,1,0.0,0.0,0.0,0.0,0.0,0.0,0.0,0.0,inf,0.0,500,400000,0.004999999888241291,30,True,0.3333333432674408,-0.6666666865348816,0.0,0.0,0.0,0.0,1.0,0.0,0.0,0.0,0.0,0.0,0.0,0.0,0.0,0.478,21.82266666662693,526.6974417727306,244.34799999999996,56,197394,399999,jul-17-2021_1917
2557,0.0,0.0,0.0,0.0,1,0.0,0.0,0.0,0.0,0.0,0.0,0.0,0.0,inf,0.0,500,400000,0.004999999888241291,30,True,0.3333333432674408,-0.3333333432674408,0.0,0.0,0.0,0.0,1.0,0.0,0.0,0.0,0.0,0.0,0.0,0.0,0.0,0.538,23.688,488.6004337758175,248.33999999999992,54,173622,399999,jul-17-2021_1918
2558,0.0,0.0,0.0,0.0,1,0.0,0.0,0.0,0.0,0.0,0.0,0.0,0.0,inf,0.0,500,400000,0.004999999888241291,30,True,0.3333333432674408,0.0,0.0,0.0,0.0,0.0,1.0,0.0,0.0,0.0,0.0,0.0,0.0,0.0,0.0,0.486,22.356666666686536,535.7276777769027,262.568,56,193267,399999,jul-17-2021_1918
2559,0.0,0.0,0.0,0.0,1,0.0,0.0,0.0,0.0,0.0,0.0,0.0,0.0,inf,0.0,500,400000,0.004999999888241291,30,True,0.3333333432674408,0.3333333432674408,0.0,0.0,0.0,0.0,1.0,0.0,0.0,0.0,0.0,0.0,0.0,0.0,0.0,0.476,21.692,525.5011360000001,243.47199999999998,59,199964,399999,jul-17-2021_1918
2560,0.0,0.0,0.0,0.0,1,0.0,0.0,0.0,0.0,0.0,0.0,0.0,0.0,inf,0.0,500,400000,0.004999999888241291,30,True,0.3333333432674408,0.6666666865348816,0.0,0.0,0.0,0.0,1.0,0.0,0.0,0.0,0.0,0.0,0.0,0.0,0.0,0.53,23.416,494.15094400000004,246.88400000000001,55,178331,399999,jul-17-2021_1919
2561,0.0,0.0,0.0,0.0,1,0.0,0.0,0.0,0.0,0.0,0.0,0.0,0.0,inf,0.0,500,400000,0.004999999888241291,30,True,0.3333333432674408,1.0,0.0,0.0,0.0,0.0,1.0,0.0,0.0,0.0,0.0,0.0,0.0,0.0,0.0,0.502,22.432,505.84937599999995,236.9280000000001,55,189362,399999,jul-17-2021_1919
2562,0.0,0.0,0.0,0.0,1,0.0,0.0,0.0,0.0,0.0,0.0,0.0,0.0,inf,0.0,500,400000,0.004999999888241291,30,True,0.6666666865348816,-1.0,0.0,0.0,0.0,0.0,1.0,0.0,0.0,0.0,0.0,0.0,0.0,0.0,0.0,0.498,22.335333333373068,508.90777377605576,239.096,55,189579,399999,jul-17-2021_1920
2563,0.0,0.0,0.0,0.0,1,0.0,0.0,0.0,0.0,0.0,0.0,0.0,0.0,inf,0.0,500,400000,0.004999999888241291,30,True,0.6666666865348816,-0.6666666865348816,0.0,0.0,0.0,0.0,1.0,0.0,0.0,0.0,0.0,0.0,0.0,0.0,0.0,0.522,23.284,504.503344,252.66000000000008,55,180905,399999,jul-17-2021_1920
2564,0.0,0.0,0.0,0.0,1,0.0,0.0,0.0,0.0,0.0,0.0,0.0,0.0,inf,0.0,500,400000,0.004999999888241291,30,True,0.6666666865348816,-0.3333333432674408,0.0,0.0,0.0,0.0,1.0,0.0,0.0,0.0,0.0,0.0,0.0,0.0,0.0,0.508,22.876,513.720624,251.9280000000001,56,186536,399999,jul-17-2021_1921
2565,0.0,0.0,0.0,0.0,1,0.0,0.0,0.0,0.0,0.0,0.0,0.0,0.0,inf,0.0,500,400000,0.004999999888241291,30,True,0.6666666865348816,0.0,0.0,0.0,0.0,0.0,1.0,0.0,0.0,0.0,0.0,0.0,0.0,0.0,0.0,0.508,22.79333333337307,509.72884444268595,246.6959999999999,55,184899,399999,jul-17-2021_1921
2566,0.0,0.0,0.0,0.0,1,0.0,0.0,0.0,0.0,0.0,0.0,0.0,0.0,inf,0.0,500,400000,0.004999999888241291,30,True,0.6666666865348816,0.3333333432674408,0.0,0.0,0.0,0.0,1.0,0.0,0.0,0.0,0.0,0.0,0.0,0.0,0.0,0.476,21.74,528.1923999999999,246.26800000000003,58,200158,399999,jul-17-2021_1921
2567,0.0,0.0,0.0,0.0,1,0.0,0.0,0.0,0.0,0.0,0.0,0.0,0.0,inf,0.0,500,400000,0.004999999888241291,30,True,0.6666666865348816,0.6666666865348816,0.0,0.0,0.0,0.0,1.0,0.0,0.0,0.0,0.0,0.0,0.0,0.0,0.0,0.548,23.83866666674614,475.6437493329882,239.46399999999994,56,169521,399999,jul-17-2021_1922
2568,0.0,0.0,0.0,0.0,1,0.0,0.0,0.0,0.0,0.0,0.0,0.0,0.0,inf,0.0,500,400000,0.004999999888241291,30,True,0.6666666865348816,1.0,0.0,0.0,0.0,0.0,1.0,0.0,0.0,0.0,0.0,0.0,0.0,0.0,0.0,0.498,22.35866666674614,510.1518026632188,240.6199999999999,54,189236,399999,jul-17-2021_1922
2569,0.0,0.0,0.0,0.0,1,0.0,0.0,0.0,0.0,0.0,0.0,0.0,0.0,inf,0.0,500,400000,0.004999999888241291,30,True,1.0,-1.0,0.0,0.0,0.0,0.0,1.0,0.0,0.0,0.0,0.0,0.0,0.0,0.0,0.0,0.478,21.924,530.886224,249.96399999999994,55,196878,399999,jul-17-2021_1923
2570,0.0,0.0,0.0,0.0,1,0.0,0.0,0.0,0.0,0.0,0.0,0.0,0.0,inf,0.0,500,400000,0.004999999888241291,30,True,1.0,-0.6666666865348816,0.0,0.0,0.0,0.0,1.0,0.0,0.0,0.0,0.0,0.0,0.0,0.0,0.0,0.498,22.524,519.405424,252.11599999999999,59,191008,399999,jul-17-2021_1923
2571,0.0,0.0,0.0,0.0,1,0.0,0.0,0.0,0.0,0.0,0.0,0.0,0.0,inf,0.0,500,400000,0.004999999888241291,30,True,1.0,-0.3333333432674408,0.0,0.0,0.0,0.0,1.0,0.0,0.0,0.0,0.0,0.0,0.0,0.0,0.0,0.498,22.38,511.9316,241.92399999999998,59,191642,399999,jul-17-2021_1923
2572,0.0,0.0,0.0,0.0,1,0.0,0.0,0.0,0.0,0.0,0.0,0.0,0.0,inf,0.0,500,400000,0.004999999888241291,30,True,1.0,0.0,0.0,0.0,0.0,0.0,1.0,0.0,0.0,0.0,0.0,0.0,0.0,0.0,0.0,0.484,21.974,521.941324,242.07999999999993,57,195374,399999,jul-17-2021_1924
2573,0.0,0.0,0.0,0.0,1,0.0,0.0,0.0,0.0,0.0,0.0,0.0,0.0,inf,0.0,500,400000,0.004999999888241291,30,True,1.0,0.3333333432674408,0.0,0.0,0.0,0.0,1.0,0.0,0.0,0.0,0.0,0.0,0.0,0.0,0.0,0.476,21.844,533.187664,251.2360000000001,58,199741,399999,jul-17-2021_1924
2574,0.0,0.0,0.0,0.0,1,0.0,0.0,0.0,0.0,0.0,0.0,0.0,0.0,inf,0.0,500,400000,0.004999999888241291,30,True,1.0,0.6666666865348816,0.0,0.0,0.0,0.0,1.0,0.0,0.0,0.0,0.0,0.0,0.0,0.0,0.0,0.5,22.376,509.214624,238.1199999999999,57,190900,399999,jul-17-2021_1925
2575,0.0,0.0,0.0,0.0,1,0.0,0.0,0.0,0.0,0.0,0.0,0.0,0.0,inf,0.0,500,400000,0.004999999888241291,30,True,1.0,1.0,0.0,0.0,0.0,0.0,1.0,0.0,0.0,0.0,0.0,0.0,0.0,0.0,0.0,0.532,23.508,492.313936,247.8520000000001,56,174985,399999,jul-17-2021_1925
2576,0.0,0.0,0.0,0.0,1,0.0,0.0,0.0,0.0,0.0,0.0,0.0,0.0,inf,0.0,500,400000,0.004999999888241291,30,True,1.3333333730697632,-1.0,0.0,0.0,0.0,0.0,1.0,0.0,0.0,0.0,0.0,0.0,0.0,0.0,0.0,0.464,21.52866666674614,542.3500671079012,256.20000000000005,57,204078,399999,jul-17-2021_1926
2577,0.0,0.0,0.0,0.0,1,0.0,0.0,0.0,0.0,0.0,0.0,0.0,0.0,inf,0.0,500,400000,0.004999999888241291,30,True,1.3333333730697632,-0.6666666865348816,0.0,0.0,0.0,0.0,1.0,0.0,0.0,0.0,0.0,0.0,0.0,0.0,0.0,0.502,22.63200000011921,514.2405759842726,251.70399999999995,55,187537,399999,jul-17-2021_1926
2578,0.0,0.0,0.0,0.0,1,0.0,0.0,0.0,0.0,0.0,0.0,0.0,0.0,inf,0.0,500,400000,0.004999999888241291,30,True,1.3333333730697632,-0.3333333432674408,0.0,0.0,0.0,0.0,1.0,0.0,0.0,0.0,0.0,0.0,0.0,0.0,0.0,0.52,23.072,498.562816,243.20800000000008,54,182407,399999,jul-17-2021_1926
2579,0.0,0.0,0.0,0.0,1,0.0,0.0,0.0,0.0,0.0,0.0,0.0,0.0,inf,0.0,500,400000,0.004999999888241291,30,True,1.3333333730697632,0.0,0.0,0.0,0.0,0.0,1.0,0.0,0.0,0.0,0.0,0.0,0.0,0.0,0.0,0.512,23.03866666674614,513.2073937743277,256.096,57,184532,399999,jul-17-2021_1927
2580,0.0,0.0,0.0,0.0,1,0.0,0.0,0.0,0.0,0.0,0.0,0.0,0.0,inf,0.0,500,400000,0.004999999888241291,30,True,1.3333333730697632,0.3333333432674408,0.0,0.0,0.0,0.0,1.0,0.0,0.0,0.0,0.0,0.0,0.0,0.0,0.0,0.486,21.976,517.695424,239.23199999999997,57,196379,399999,jul-17-2021_1927
2581,0.0,0.0,0.0,0.0,1,0.0,0.0,0.0,0.0,0.0,0.0,0.0,0.0,inf,0.0,500,400000,0.004999999888241291,30,True,1.3333333730697632,0.6666666865348816,0.0,0.0,0.0,0.0,1.0,0.0,0.0,0.0,0.0,0.0,0.0,0.0,0.0,0.514,23.02400000011921,509.0092017765271,252.67599999999993,58,183850,399999,jul-17-2021_1928
2582,0.0,0.0,0.0,0.0,1,0.0,0.0,0.0,0.0,0.0,0.0,0.0,0.0,inf,0.0,500,400000,0.004999999888241291,30,True,1.3333333730697632,1.0,0.0,0.0,0.0,0.0,1.0,0.0,0.0,0.0,0.0,0.0,0.0,0.0,0.0,0.472,21.58933333349228,528.731797326894,244.31600000000003,59,200329,399999,jul-17-2021_1928
2583,0.0,0.0,0.0,0.0,1,0.0,0.0,0.0,0.0,0.0,0.0,0.0,0.0,inf,0.0,500,400000,0.004999999888241291,30,True,1.6666666269302368,-1.0,0.0,0.0,0.0,0.0,1.0,0.0,0.0,0.0,0.0,0.0,0.0,0.0,0.0,0.536,23.631999999761582,490.41124267714065,248.6400000000001,57,173895,399999,jul-17-2021_1928
2584,0.0,0.0,0.0,0.0,1,0.0,0.0,0.0,0.0,0.0,0.0,0.0,0.0,inf,0.0,500,400000,0.004999999888241291,30,True,1.6666666269302368,-0.6666666865348816,0.0,0.0,0.0,0.0,1.0,0.0,0.0,0.0,0.0,0.0,0.0,0.0,0.0,0.502,22.52,511.4176000000001,243.1479999999999,56,189494,399999,jul-17-2021_1929
2585,0.0,0.0,0.0,0.0,1,0.0,0.0,0.0,0.0,0.0,0.0,0.0,0.0,inf,0.0,500,400000,0.004999999888241291,30,True,1.6666666269302368,-0.3333333432674408,0.0,0.0,0.0,0.0,1.0,0.0,0.0,0.0,0.0,0.0,0.0,0.0,0.0,0.5,22.457333333134653,511.32640178246305,243.56400000000008,58,188599,399999,jul-17-2021_1929
2586,0.0,0.0,0.0,0.0,1,0.0,0.0,0.0,0.0,0.0,0.0,0.0,0.0,inf,0.0,500,400000,0.004999999888241291,30,True,1.6666666269302368,0.0,0.0,0.0,0.0,0.0,1.0,0.0,0.0,0.0,0.0,0.0,0.0,0.0,0.0,0.512,22.802666666507722,501.841504006719,242.03600000000006,54,184437,399999,jul-17-2021_1930
2587,0.0,0.0,0.0,0.0,1,0.0,0.0,0.0,0.0,0.0,0.0,0.0,0.0,inf,0.0,500,400000,0.004999999888241291,30,True,1.6666666269302368,0.3333333432674408,0.0,0.0,0.0,0.0,1.0,0.0,0.0,0.0,0.0,0.0,0.0,0.0,0.0,0.468,21.611999999940394,537.151233782129,251.0039999999999,57,201006,399999,jul-17-2021_1930
2588,0.0,0.0,0.0,0.0,1,0.0,0.0,0.0,0.0,0.0,0.0,0.0,0.0,inf,0.0,500,400000,0.004999999888241291,30,True,1.6666666269302368,0.6666666865348816,0.0,0.0,0.0,0.0,1.0,0.0,0.0,0.0,0.0,0.0,0.0,0.0,0.0,0.496,22.36933333325386,514.6151484548875,243.1400000000001,55,190426,399999,jul-17-2021_1931
2589,0.0,0.0,0.0,0.0,1,0.0,0.0,0.0,0.0,0.0,0.0,0.0,0.0,inf,0.0,500,400000,0.004999999888241291,30,True,1.6666666269302368,1.0,0.0,0.0,0.0,0.0,1.0,0.0,0.0,0.0,0.0,0.0,0.0,0.0,0.0,0.504,22.60933333325386,509.09760178110645,243.5719999999999,56,186802,399999,jul-17-2021_1931
2590,0.0,0.0,0.0,0.0,1,0.0,0.0,0.0,0.0,0.0,0.0,0.0,0.0,inf,0.0,500,400000,0.004999999888241291,30,True,2.0,-1.0,0.0,0.0,0.0,0.0,1.0,0.0,0.0,0.0,0.0,0.0,0.0,0.0,0.0,0.502,22.542,510.90023599999995,242.3800000000001,57,187755,399999,jul-17-2021_1931
2591,0.0,0.0,0.0,0.0,1,0.0,0.0,0.0,0.0,0.0,0.0,0.0,0.0,inf,0.0,500,400000,0.004999999888241291,30,True,2.0,-0.6666666865348816,0.0,0.0,0.0,0.0,1.0,0.0,0.0,0.0,0.0,0.0,0.0,0.0,0.0,0.488,22.18266666662693,522.8955217759378,249.81999999999994,57,193341,399999,jul-17-2021_1932
2592,0.0,0.0,0.0,0.0,1,0.0,0.0,0.0,0.0,0.0,0.0,0.0,0.0,inf,0.0,500,400000,0.004999999888241291,30,True,2.0,-0.3333333432674408,0.0,0.0,0.0,0.0,1.0,0.0,0.0,0.0,0.0,0.0,0.0,0.0,0.0,0.482,21.96,525.2224000000001,246.0920000000001,56,197604,399999,jul-17-2021_1932
2593,0.0,0.0,0.0,0.0,1,0.0,0.0,0.0,0.0,0.0,0.0,0.0,0.0,inf,0.0,500,400000,0.004999999888241291,30,True,2.0,0.0,0.0,0.0,0.0,0.0,1.0,0.0,0.0,0.0,0.0,0.0,0.0,0.0,0.0,0.524,23.284,499.21934400000004,246.38799999999992,53,179134,399999,jul-17-2021_1933
2594,0.0,0.0,0.0,0.0,1,0.0,0.0,0.0,0.0,0.0,0.0,0.0,0.0,inf,0.0,500,400000,0.004999999888241291,30,True,2.0,0.3333333432674408,0.0,0.0,0.0,0.0,1.0,0.0,0.0,0.0,0.0,0.0,0.0,0.0,0.0,0.52,23.024666666686535,495.9209471119975,238.11200000000008,56,180521,399999,jul-17-2021_1933
2595,0.0,0.0,0.0,0.0,1,0.0,0.0,0.0,0.0,0.0,0.0,0.0,0.0,inf,0.0,500,400000,0.004999999888241291,30,True,2.0,0.6666666865348816,0.0,0.0,0.0,0.0,1.0,0.0,0.0,0.0,0.0,0.0,0.0,0.0,0.0,0.508,22.71066666674614,507.176730670236,245.65599999999995,57,185616,399999,jul-17-2021_1934
2596,0.0,0.0,0.0,0.0,1,0.0,0.0,0.0,0.0,0.0,0.0,0.0,0.0,inf,0.0,500,400000,0.004999999888241291,30,True,2.0,1.0,0.0,0.0,0.0,0.0,1.0,0.0,0.0,0.0,0.0,0.0,0.0,0.0,0.0,0.512,22.806,502.9123640000001,244.39599999999996,55,182964,399999,jul-17-2021_1934
2597,0.0,0.0,0.0,0.0,1,0.0,0.0,0.0,0.0,0.0,0.0,0.0,0.0,inf,0.0,500,400000,0.004999999888241291,30,True,0.0,-1.0,0.0,0.0,0.0,0.0,1.0,0.0,0.0,0.0,0.0,0.0,0.0,0.0,0.0,0.454,21.126,544.2581239999998,250.93599999999992,59,209057,399999,jul-17-2021_1934
2598,0.0,0.0,0.0,0.0,1,0.0,0.0,0.0,0.0,0.0,0.0,0.0,0.0,inf,0.0,500,400000,0.004999999888241291,30,True,0.0,-0.6666666865348816,0.0,0.0,0.0,0.0,1.0,0.0,0.0,0.0,0.0,0.0,0.0,0.0,0.0,0.504,22.49466666662693,505.7041937759627,238.336,57,189220,399999,jul-17-2021_1935
2599,0.0,0.0,0.0,0.0,1,0.0,0.0,0.0,0.0,0.0,0.0,0.0,0.0,inf,0.0,500,400000,0.004999999888241291,30,True,0.0,-0.3333333432674408,0.0,0.0,0.0,0.0,1.0,0.0,0.0,0.0,0.0,0.0,0.0,0.0,0.0,0.474,21.539333333313465,520.828008443605,236.37200000000007,58,199849,399999,jul-17-2021_1935
2600,0.0,0.0,0.0,0.0,1,0.0,0.0,0.0,0.0,0.0,0.0,0.0,0.0,inf,0.0,500,400000,0.004999999888241291,30,True,0.0,0.0,0.0,0.0,0.0,0.0,1.0,0.0,0.0,0.0,0.0,0.0,0.0,0.0,0.0,0.53,23.46,495.7004,248.68000000000006,56,176047,399999,jul-17-2021_1936
2601,0.0,0.0,0.0,0.0,1,0.0,0.0,0.0,0.0,0.0,0.0,0.0,0.0,inf,0.0,500,400000,0.004999999888241291,30,True,0.0,0.3333333432674408,0.0,0.0,0.0,0.0,1.0,0.0,0.0,0.0,0.0,0.0,0.0,0.0,0.0,0.514,22.858000000059604,500.4658360024806,240.24800000000005,54,183184,399999,jul-17-2021_1936
2602,0.0,0.0,0.0,0.0,1,0.0,0.0,0.0,0.0,0.0,0.0,0.0,0.0,inf,0.0,500,400000,0.004999999888241291,30,True,0.0,0.6666666865348816,0.0,0.0,0.0,0.0,1.0,0.0,0.0,0.0,0.0,0.0,0.0,0.0,0.0,0.502,22.684,517.628144,250.89599999999996,56,188994,399999,jul-17-2021_1937
2603,0.0,0.0,0.0,0.0,1,0.0,0.0,0.0,0.0,0.0,0.0,0.0,0.0,inf,0.0,500,400000,0.004999999888241291,30,True,0.0,1.0,0.0,0.0,0.0,0.0,1.0,0.0,0.0,0.0,0.0,0.0,0.0,0.0,0.0,0.474,21.732,531.284176,246.12799999999993,56,200267,399999,jul-17-2021_1937
2604,0.0,0.0,0.0,0.0,1,0.0,0.0,0.0,0.0,0.0,0.0,0.0,0.0,inf,0.0,500,400000,0.004999999888241291,30,True,0.3333333432674408,-1.0,0.0,0.0,0.0,0.0,1.0,0.0,0.0,0.0,0.0,0.0,0.0,0.0,0.0,0.512,22.73866666674614,500.12192710754994,238.356,56,185287,399999,jul-17-2021_1937
2605,0.0,0.0,0.0,0.0,1,0.0,0.0,0.0,0.0,0.0,0.0,0.0,0.0,inf,0.0,500,400000,0.004999999888241291,30,True,0.3333333432674408,-0.6666666865348816,0.0,0.0,0.0,0.0,1.0,0.0,0.0,0.0,0.0,0.0,0.0,0.0,0.0,0.504,22.624,511.450624,245.6479999999999,59,188258,399999,jul-17-2021_1938
2606,0.0,0.0,0.0,0.0,1,0.0,0.0,0.0,0.0,0.0,0.0,0.0,0.0,inf,0.0,500,400000,0.004999999888241291,30,True,0.3333333432674408,-0.3333333432674408,0.0,0.0,0.0,0.0,1.0,0.0,0.0,0.0,0.0,0.0,0.0,0.0,0.0,0.478,21.7,521.8277777758175,240.356,56,197838,399999,jul-17-2021_1938
2607,0.0,0.0,0.0,0.0,1,0.0,0.0,0.0,0.0,0.0,0.0,0.0,0.0,inf,0.0,500,400000,0.004999999888241291,30,True,0.3333333432674408,0.0,0.0,0.0,0.0,0.0,1.0,0.0,0.0,0.0,0.0,0.0,0.0,0.0,0.0,0.52,22.960666666686535,493.7440084435454,237.4280000000001,53,182522,399999,jul-17-2021_1939
2608,0.0,0.0,0.0,0.0,1,0.0,0.0,0.0,0.0,0.0,0.0,0.0,0.0,inf,0.0,500,400000,0.004999999888241291,30,True,0.3333333432674408,0.3333333432674408,0.0,0.0,0.0,0.0,1.0,0.0,0.0,0.0,0.0,0.0,0.0,0.0,0.0,0.516,23.08133333337307,507.89916266648794,252.31600000000003,57,181736,399999,jul-17-2021_1939
2609,0.0,0.0,0.0,0.0,1,0.0,0.0,0.0,0.0,0.0,0.0,0.0,0.0,inf,0.0,500,400000,0.004999999888241291,30,True,0.3333333432674408,0.6666666865348816,0.0,0.0,0.0,0.0,1.0,0.0,0.0,0.0,0.0,0.0,0.0,0.0,0.0,0.504,22.716,515.599344,251.61599999999999,57,187901,399999,jul-17-2021_1940
2610,0.0,0.0,0.0,0.0,1,0.0,0.0,0.0,0.0,0.0,0.0,0.0,0.0,inf,0.0,500,400000,0.004999999888241291,30,True,0.3333333432674408,1.0,0.0,0.0,0.0,0.0,1.0,0.0,0.0,0.0,0.0,0.0,0.0,0.0,0.0,0.496,22.330666666686536,514.9955484435703,243.096,56,192049,399999,jul-17-2021_1940
2611,0.0,0.0,0.0,0.0,1,0.0,0.0,0.0,0.0,0.0,0.0,0.0,0.0,inf,0.0,500,400000,0.004999999888241291,30,True,0.6666666865348816,-1.0,0.0,0.0,0.0,0.0,1.0,0.0,0.0,0.0,0.0,0.0,0.0,0.0,0.0,0.49,22.164,518.569104,242.84799999999996,58,194276,399999,jul-17-2021_1940
2612,0.0,0.0,0.0,0.0,1,0.0,0.0,0.0,0.0,0.0,0.0,0.0,0.0,inf,0.0,500,400000,0.004999999888241291,30,True,0.6666666865348816,-0.6666666865348816,0.0,0.0,0.0,0.0,1.0,0.0,0.0,0.0,0.0,0.0,0.0,0.0,0.0,0.496,22.216,507.1746773229224,236.62400000000002,56,190732,399999,jul-17-2021_1941
2613,0.0,0.0,0.0,0.0,1,0.0,0.0,0.0,0.0,0.0,0.0,0.0,0.0,inf,0.0,500,400000,0.004999999888241291,30,True,0.6666666865348816,-0.3333333432674408,0.0,0.0,0.0,0.0,1.0,0.0,0.0,0.0,0.0,0.0,0.0,0.0,0.0,0.494,22.376666666686535,519.5632333308812,249.98000000000002,55,191548,399999,jul-17-2021_1941
2614,0.0,0.0,0.0,0.0,1,0.0,0.0,0.0,0.0,0.0,0.0,0.0,0.0,inf,0.0,500,400000,0.004999999888241291,30,True,0.6666666865348816,0.0,0.0,0.0,0.0,0.0,1.0,0.0,0.0,0.0,0.0,0.0,0.0,0.0,0.0,0.502,22.696,518.947584,255.4960000000001,56,188513,399999,jul-17-2021_1942
2615,0.0,0.0,0.0,0.0,1,0.0,0.0,0.0,0.0,0.0,0.0,0.0,0.0,inf,0.0,500,400000,0.004999999888241291,30,True,0.6666666865348816,0.3333333432674408,0.0,0.0,0.0,0.0,1.0,0.0,0.0,0.0,0.0,0.0,0.0,0.0,0.0,0.524,23.248,498.3424959999999,246.84799999999996,54,180547,399999,jul-17-2021_1942
2616,0.0,0.0,0.0,0.0,1,0.0,0.0,0.0,0.0,0.0,0.0,0.0,0.0,inf,0.0,500,400000,0.004999999888241291,30,True,0.6666666865348816,0.6666666865348816,0.0,0.0,0.0,0.0,1.0,0.0,0.0,0.0,0.0,0.0,0.0,0.0,0.0,0.496,22.304,513.2395839999999,241.37599999999998,56,191860,399999,jul-17-2021_1942
2617,0.0,0.0,0.0,0.0,1,0.0,0.0,0.0,0.0,0.0,0.0,0.0,0.0,inf,0.0,500,400000,0.004999999888241291,30,True,0.6666666865348816,1.0,0.0,0.0,0.0,0.0,1.0,0.0,0.0,0.0,0.0,0.0,0.0,0.0,0.0,0.532,23.53533333337307,495.7309737759603,248.66000000000008,60,176005,399999,jul-17-2021_1943
2618,0.0,0.0,0.0,0.0,1,0.0,0.0,0.0,0.0,0.0,0.0,0.0,0.0,inf,0.0,500,400000,0.004999999888241291,30,True,1.0,-1.0,0.0,0.0,0.0,0.0,1.0,0.0,0.0,0.0,0.0,0.0,0.0,0.0,0.0,0.528,23.272,491.47401600000006,241.4559999999999,56,178351,399999,jul-17-2021_1943
2619,0.0,0.0,0.0,0.0,1,0.0,0.0,0.0,0.0,0.0,0.0,0.0,0.0,inf,0.0,500,400000,0.004999999888241291,30,True,1.0,-0.6666666865348816,0.0,0.0,0.0,0.0,1.0,0.0,0.0,0.0,0.0,0.0,0.0,0.0,0.0,0.488,22.13666666662693,520.2548777762522,244.08400000000006,57,193410,399999,jul-17-2021_1944
2620,0.0,0.0,0.0,0.0,1,0.0,0.0,0.0,0.0,0.0,0.0,0.0,0.0,inf,0.0,500,400000,0.004999999888241291,30,True,1.0,-0.3333333432674408,0.0,0.0,0.0,0.0,1.0,0.0,0.0,0.0,0.0,0.0,0.0,0.0,0.0,0.464,21.341333333313464,532.2363804437161,246.07999999999993,56,203737,399999,jul-17-2021_1944
2621,0.0,0.0,0.0,0.0,1,0.0,0.0,0.0,0.0,0.0,0.0,0.0,0.0,inf,0.0,500,400000,0.004999999888241291,30,True,1.0,0.0,0.0,0.0,0.0,0.0,1.0,0.0,0.0,0.0,0.0,0.0,0.0,0.0,0.0,0.466,21.434,533.241644,246.1199999999999,58,202881,399999,jul-17-2021_1945
2622,0.0,0.0,0.0,0.0,1,0.0,0.0,0.0,0.0,0.0,0.0,0.0,0.0,inf,0.0,500,400000,0.004999999888241291,30,True,1.0,0.3333333432674408,0.0,0.0,0.0,0.0,1.0,0.0,0.0,0.0,0.0,0.0,0.0,0.0,0.0,0.532,23.564,495.59390400000007,250.2840000000001,55,176011,399999,jul-17-2021_1945
2623,0.0,0.0,0.0,0.0,1,0.0,0.0,0.0,0.0,0.0,0.0,0.0,0.0,inf,0.0,500,400000,0.004999999888241291,30,True,1.0,0.6666666865348816,0.0,0.0,0.0,0.0,1.0,0.0,0.0,0.0,0.0,0.0,0.0,0.0,0.0,0.504,22.81933333337307,520.4529151134036,258.17599999999993,58,188131,399999,jul-17-2021_1945
2624,0.0,0.0,0.0,0.0,1,0.0,0.0,0.0,0.0,0.0,0.0,0.0,0.0,inf,0.0,500,400000,0.004999999888241291,30,True,1.0,1.0,0.0,0.0,0.0,0.0,1.0,0.0,0.0,0.0,0.0,0.0,0.0,0.0,0.0,0.492,22.284,520.131344,247.55600000000004,57,193629,399999,jul-17-2021_1946
2625,0.0,0.0,0.0,0.0,1,0.0,0.0,0.0,0.0,0.0,0.0,0.0,0.0,inf,0.0,500,400000,0.004999999888241291,30,True,1.3333333730697632,-1.0,0.0,0.0,0.0,0.0,1.0,0.0,0.0,0.0,0.0,0.0,0.0,0.0,0.0,0.512,22.89333333349228,507.3023999931463,249.164,58,184004,399999,jul-17-2021_1946
2626,0.0,0.0,0.0,0.0,1,0.0,0.0,0.0,0.0,0.0,0.0,0.0,0.0,inf,0.0,500,400000,0.004999999888241291,30,True,1.3333333730697632,-0.6666666865348816,0.0,0.0,0.0,0.0,1.0,0.0,0.0,0.0,0.0,0.0,0.0,0.0,0.0,0.45,21.012,545.6038560000001,248.1959999999999,58,210358,399999,jul-17-2021_1947
2627,0.0,0.0,0.0,0.0,1,0.0,0.0,0.0,0.0,0.0,0.0,0.0,0.0,inf,0.0,500,400000,0.004999999888241291,30,True,1.3333333730697632,-0.3333333432674408,0.0,0.0,0.0,0.0,1.0,0.0,0.0,0.0,0.0,0.0,0.0,0.0,0.0,0.552,24.022000000059606,474.6446271067242,242.336,53,167182,399999,jul-17-2021_1947
2628,0.0,0.0,0.0,0.0,1,0.0,0.0,0.0,0.0,0.0,0.0,0.0,0.0,inf,0.0,500,400000,0.004999999888241291,30,True,1.3333333730697632,0.0,0.0,0.0,0.0,0.0,1.0,0.0,0.0,0.0,0.0,0.0,0.0,0.0,0.0,0.49,22.14666666674614,517.1447111078029,243.0519999999999,57,193114,399999,jul-17-2021_1948
2629,0.0,0.0,0.0,0.0,1,0.0,0.0,0.0,0.0,0.0,0.0,0.0,0.0,inf,0.0,500,400000,0.004999999888241291,30,True,1.3333333730697632,0.3333333432674408,0.0,0.0,0.0,0.0,1.0,0.0,0.0,0.0,0.0,0.0,0.0,0.0,0.0,0.488,22.18200000029802,522.7382093262711,246.3320000000001,57,193629,399999,jul-17-2021_1948
2630,0.0,0.0,0.0,0.0,1,0.0,0.0,0.0,0.0,0.0,0.0,0.0,0.0,inf,0.0,500,400000,0.004999999888241291,30,True,1.3333333730697632,0.6666666865348816,0.0,0.0,0.0,0.0,1.0,0.0,0.0,0.0,0.0,0.0,0.0,0.0,0.0,0.49,22.128000000119208,516.5520604432484,241.0440000000001,59,193091,399999,jul-17-2021_1948
2631,0.0,0.0,0.0,0.0,1,0.0,0.0,0.0,0.0,0.0,0.0,0.0,0.0,inf,0.0,500,400000,0.004999999888241291,30,True,1.3333333730697632,1.0,0.0,0.0,0.0,0.0,1.0,0.0,0.0,0.0,0.0,0.0,0.0,0.0,0.0,0.528,23.32,493.26959999999997,243.7639999999999,56,178658,399999,jul-17-2021_1949
2632,0.0,0.0,0.0,0.0,1,0.0,0.0,0.0,0.0,0.0,0.0,0.0,0.0,inf,0.0,500,400000,0.004999999888241291,30,True,1.6666666269302368,-1.0,0.0,0.0,0.0,0.0,1.0,0.0,0.0,0.0,0.0,0.0,0.0,0.0,0.0,0.496,22.30666666650772,510.8437333398946,240.0039999999999,56,190399,399999,jul-17-2021_1949
2633,0.0,0.0,0.0,0.0,1,0.0,0.0,0.0,0.0,0.0,0.0,0.0,0.0,inf,0.0,500,400000,0.004999999888241291,30,True,1.6666666269302368,-0.6666666865348816,0.0,0.0,0.0,0.0,1.0,0.0,0.0,0.0,0.0,0.0,0.0,0.0,0.0,0.506,22.7,510.462,245.49199999999996,54,187608,399999,jul-17-2021_1950
2634,0.0,0.0,0.0,0.0,1,0.0,0.0,0.0,0.0,0.0,0.0,0.0,0.0,inf,0.0,500,400000,0.004999999888241291,30,True,1.6666666269302368,-0.3333333432674408,0.0,0.0,0.0,0.0,1.0,0.0,0.0,0.0,0.0,0.0,0.0,0.0,0.0,0.468,21.434666666567324,529.4261760022587,243.17599999999993,60,201671,399999,jul-17-2021_1950
2635,0.0,0.0,0.0,0.0,1,0.0,0.0,0.0,0.0,0.0,0.0,0.0,0.0,inf,0.0,500,400000,0.004999999888241291,30,True,1.6666666269302368,0.0,0.0,0.0,0.0,0.0,1.0,0.0,0.0,0.0,0.0,0.0,0.0,0.0,0.0,0.474,21.84333333325386,537.0183444476515,254.38400000000001,57,199085,399999,jul-17-2021_1951
2636,0.0,0.0,0.0,0.0,1,0.0,0.0,0.0,0.0,0.0,0.0,0.0,0.0,inf,0.0,500,400000,0.004999999888241291,30,True,1.6666666269302368,0.3333333432674408,0.0,0.0,0.0,0.0,1.0,0.0,0.0,0.0,0.0,0.0,0.0,0.0,0.0,0.496,22.387999999940394,516.0952337818638,247.8520000000001,54,190387,399999,jul-17-2021_1951
2637,0.0,0.0,0.0,0.0,1,0.0,0.0,0.0,0.0,0.0,0.0,0.0,0.0,inf,0.0,500,400000,0.004999999888241291,30,True,1.6666666269302368,0.6666666865348816,0.0,0.0,0.0,0.0,1.0,0.0,0.0,0.0,0.0,0.0,0.0,0.0,0.0,0.466,21.62466666662693,542.2802360057983,256.904,59,202613,399999,jul-17-2021_1952
2638,0.0,0.0,0.0,0.0,1,0.0,0.0,0.0,0.0,0.0,0.0,0.0,0.0,inf,0.0,500,400000,0.004999999888241291,30,True,1.6666666269302368,1.0,0.0,0.0,0.0,0.0,1.0,0.0,0.0,0.0,0.0,0.0,0.0,0.0,0.0,0.51,22.79866666650772,505.731909340051,245.4280000000001,54,185523,399999,jul-17-2021_1952
2639,0.0,0.0,0.0,0.0,1,0.0,0.0,0.0,0.0,0.0,0.0,0.0,0.0,inf,0.0,500,400000,0.004999999888241291,30,True,2.0,-1.0,0.0,0.0,0.0,0.0,1.0,0.0,0.0,0.0,0.0,0.0,0.0,0.0,0.0,0.466,21.438,532.3861559999999,244.8119999999999,59,202954,399999,jul-17-2021_1952
2640,0.0,0.0,0.0,0.0,1,0.0,0.0,0.0,0.0,0.0,0.0,0.0,0.0,inf,0.0,500,400000,0.004999999888241291,30,True,2.0,-0.6666666865348816,0.0,0.0,0.0,0.0,1.0,0.0,0.0,0.0,0.0,0.0,0.0,0.0,0.0,0.488,22.11866666662693,519.2108071092662,243.73199999999997,58,193942,399999,jul-17-2021_1953
2641,0.0,0.0,0.0,0.0,1,0.0,0.0,0.0,0.0,0.0,0.0,0.0,0.0,inf,0.0,500,400000,0.004999999888241291,30,True,2.0,-0.3333333432674408,0.0,0.0,0.0,0.0,1.0,0.0,0.0,0.0,0.0,0.0,0.0,0.0,0.0,0.536,23.542666666626932,487.2392906649879,244.75199999999995,57,175507,399999,jul-17-2021_1953
2642,0.0,0.0,0.0,0.0,1,0.0,0.0,0.0,0.0,0.0,0.0,0.0,0.0,inf,0.0,500,400000,0.004999999888241291,30,True,2.0,0.0,0.0,0.0,0.0,0.0,1.0,0.0,0.0,0.0,0.0,0.0,0.0,0.0,0.0,0.538,23.72,490.33759999999995,250.18399999999997,57,173255,399999,jul-17-2021_1954
2643,0.0,0.0,0.0,0.0,1,0.0,0.0,0.0,0.0,0.0,0.0,0.0,0.0,inf,0.0,500,400000,0.004999999888241291,30,True,2.0,0.3333333432674408,0.0,0.0,0.0,0.0,1.0,0.0,0.0,0.0,0.0,0.0,0.0,0.0,0.0,0.496,22.344,513.485664,241.13599999999997,53,191459,399999,jul-17-2021_1954
2644,0.0,0.0,0.0,0.0,1,0.0,0.0,0.0,0.0,0.0,0.0,0.0,0.0,inf,0.0,500,400000,0.004999999888241291,30,True,2.0,0.6666666865348816,0.0,0.0,0.0,0.0,1.0,0.0,0.0,0.0,0.0,0.0,0.0,0.0,0.0,0.496,22.39066666674614,514.5264906702074,245.79999999999995,58,189918,399999,jul-17-2021_1954
2645,0.0,0.0,0.0,0.0,1,0.0,0.0,0.0,0.0,0.0,0.0,0.0,0.0,inf,0.0,500,400000,0.004999999888241291,30,True,2.0,1.0,0.0,0.0,0.0,0.0,1.0,0.0,0.0,0.0,0.0,0.0,0.0,0.0,0.0,0.544,23.842,483.06103599999994,245.82400000000007,55,170455,399999,jul-17-2021_1955
2646,0.0,0.0,0.0,0.0,1,0.0,0.0,0.0,0.0,0.0,0.0,0.0,0.0,inf,0.0,500,400000,0.004999999888241291,30,True,0.0,-1.0,0.0,0.0,0.0,0.0,1.0,0.0,0.0,0.0,0.0,0.0,0.0,0.0,0.0,0.514,22.96,506.16240000000005,248.29600000000005,55,182749,399999,jul-17-2021_1955
2647,0.0,0.0,0.0,0.0,1,0.0,0.0,0.0,0.0,0.0,0.0,0.0,0.0,inf,0.0,500,400000,0.004999999888241291,30,True,0.0,-0.6666666865348816,0.0,0.0,0.0,0.0,1.0,0.0,0.0,0.0,0.0,0.0,0.0,0.0,0.0,0.508,22.788,510.42305599999986,248.1479999999999,55,186557,399999,jul-17-2021_1956
2648,0.0,0.0,0.0,0.0,1,0.0,0.0,0.0,0.0,0.0,0.0,0.0,0.0,inf,0.0,500,400000,0.004999999888241291,30,True,0.0,-0.3333333432674408,0.0,0.0,0.0,0.0,1.0,0.0,0.0,0.0,0.0,0.0,0.0,0.0,0.0,0.51,22.747333333313467,503.1763817767081,240.81600000000003,54,184926,399999,jul-17-2021_1956
2649,0.0,0.0,0.0,0.0,1,0.0,0.0,0.0,0.0,0.0,0.0,0.0,0.0,inf,0.0,500,400000,0.004999999888241291,30,True,0.0,0.0,0.0,0.0,0.0,0.0,1.0,0.0,0.0,0.0,0.0,0.0,0.0,0.0,0.0,0.474,21.656,527.7776640000001,242.33999999999992,56,201007,399999,jul-17-2021_1957
2650,0.0,0.0,0.0,0.0,1,0.0,0.0,0.0,0.0,0.0,0.0,0.0,0.0,inf,0.0,500,400000,0.004999999888241291,30,True,0.0,0.3333333432674408,0.0,0.0,0.0,0.0,1.0,0.0,0.0,0.0,0.0,0.0,0.0,0.0,0.0,0.506,22.672,509.35641599999997,245.22800000000007,55,187710,399999,jul-17-2021_1957
2651,0.0,0.0,0.0,0.0,1,0.0,0.0,0.0,0.0,0.0,0.0,0.0,0.0,inf,0.0,500,400000,0.004999999888241291,30,True,0.0,0.6666666865348816,0.0,0.0,0.0,0.0,1.0,0.0,0.0,0.0,0.0,0.0,0.0,0.0,0.0,0.528,23.392,498.038336,250.68399999999997,55,178303,399999,jul-17-2021_1957
2652,0.0,0.0,0.0,0.0,1,0.0,0.0,0.0,0.0,0.0,0.0,0.0,0.0,inf,0.0,500,400000,0.004999999888241291,30,True,0.0,1.0,0.0,0.0,0.0,0.0,1.0,0.0,0.0,0.0,0.0,0.0,0.0,0.0,0.0,0.482,21.994,527.2059640000001,250.644,57,195612,399999,jul-17-2021_1958
2653,0.0,0.0,0.0,0.0,1,0.0,0.0,0.0,0.0,0.0,0.0,0.0,0.0,inf,0.0,500,400000,0.004999999888241291,30,True,0.3333333432674408,-1.0,0.0,0.0,0.0,0.0,1.0,0.0,0.0,0.0,0.0,0.0,0.0,0.0,0.0,0.494,22.502666666686533,525.7122151102301,258.028,58,190738,399999,jul-17-2021_1958
2654,0.0,0.0,0.0,0.0,1,0.0,0.0,0.0,0.0,0.0,0.0,0.0,0.0,inf,0.0,500,400000,0.004999999888241291,30,True,0.3333333432674408,-0.6666666865348816,0.0,0.0,0.0,0.0,1.0,0.0,0.0,0.0,0.0,0.0,0.0,0.0,0.0,0.504,22.535333333313464,506.1411959973059,240.644,55,187110,399999,jul-17-2021_1959
2655,0.0,0.0,0.0,0.0,1,0.0,0.0,0.0,0.0,0.0,0.0,0.0,0.0,inf,0.0,500,400000,0.004999999888241291,30,True,0.3333333432674408,-0.3333333432674408,0.0,0.0,0.0,0.0,1.0,0.0,0.0,0.0,0.0,0.0,0.0,0.0,0.0,0.488,22.172,522.0148604426828,249.15599999999995,55,193250,399999,jul-17-2021_1959
2656,0.0,0.0,0.0,0.0,1,0.0,0.0,0.0,0.0,0.0,0.0,0.0,0.0,inf,0.0,500,400000,0.004999999888241291,30,True,0.3333333432674408,0.0,0.0,0.0,0.0,0.0,1.0,0.0,0.0,0.0,0.0,0.0,0.0,0.0,0.0,0.53,23.376666666686535,491.21967777686217,243.452,57,178396,399999,jul-17-2021_1959
2657,0.0,0.0,0.0,0.0,1,0.0,0.0,0.0,0.0,0.0,0.0,0.0,0.0,inf,0.0,500,400000,0.004999999888241291,30,True,0.3333333432674408,0.3333333432674408,0.0,0.0,0.0,0.0,1.0,0.0,0.0,0.0,0.0,0.0,0.0,0.0,0.0,0.482,21.96133333337307,524.4602826668553,246.8520000000001,55,196547,399999,jul-17-2021_2000
2658,0.0,0.0,0.0,0.0,1,0.0,0.0,0.0,0.0,0.0,0.0,0.0,0.0,inf,0.0,500,400000,0.004999999888241291,30,True,0.3333333432674408,0.6666666865348816,0.0,0.0,0.0,0.0,1.0,0.0,0.0,0.0,0.0,0.0,0.0,0.0,0.0,0.45,20.864,539.713504,243.76,57,210293,399999,jul-17-2021_2000
2659,0.0,0.0,0.0,0.0,1,0.0,0.0,0.0,0.0,0.0,0.0,0.0,0.0,inf,0.0,500,400000,0.004999999888241291,30,True,0.3333333432674408,1.0,0.0,0.0,0.0,0.0,1.0,0.0,0.0,0.0,0.0,0.0,0.0,0.0,0.0,0.482,21.906666666686537,522.1441777769206,245.27199999999993,58,196458,399999,jul-17-2021_2001
2660,0.0,0.0,0.0,0.0,1,0.0,0.0,0.0,0.0,0.0,0.0,0.0,0.0,inf,0.0,500,400000,0.004999999888241291,30,True,0.6666666865348816,-1.0,0.0,0.0,0.0,0.0,1.0,0.0,0.0,0.0,0.0,0.0,0.0,0.0,0.0,0.508,22.872,514.0396159999999,252.98399999999992,58,186243,399999,jul-17-2021_2001
2661,0.0,0.0,0.0,0.0,1,0.0,0.0,0.0,0.0,0.0,0.0,0.0,0.0,inf,0.0,500,400000,0.004999999888241291,30,True,0.6666666865348816,-0.6666666865348816,0.0,0.0,0.0,0.0,1.0,0.0,0.0,0.0,0.0,0.0,0.0,0.0,0.0,0.536,23.616,489.86454399999997,249.2639999999999,60,175174,399999,jul-17-2021_2002
2662,0.0,0.0,0.0,0.0,1,0.0,0.0,0.0,0.0,0.0,0.0,0.0,0.0,inf,0.0,500,400000,0.004999999888241291,30,True,0.6666666865348816,-0.3333333432674408,0.0,0.0,0.0,0.0,1.0,0.0,0.0,0.0,0.0,0.0,0.0,0.0,0.0,0.494,22.272666666686536,514.0627639974327,244.12799999999993,56,190867,399999,jul-17-2021_2002
2663,0.0,0.0,0.0,0.0,1,0.0,0.0,0.0,0.0,0.0,0.0,0.0,0.0,inf,0.0,500,400000,0.004999999888241291,30,True,0.6666666865348816,0.0,0.0,0.0,0.0,0.0,1.0,0.0,0.0,0.0,0.0,0.0,0.0,0.0,0.0,0.518,23.00933333337307,499.8674684426688,243.03199999999993,56,180998,399999,jul-17-2021_2002
2664,0.0,0.0,0.0,0.0,1,0.0,0.0,0.0,0.0,0.0,0.0,0.0,0.0,inf,0.0,500,400000,0.004999999888241291,30,True,0.6666666865348816,0.3333333432674408,0.0,0.0,0.0,0.0,1.0,0.0,0.0,0.0,0.0,0.0,0.0,0.0,0.0,0.52,23.154000000059604,501.5787284435784,247.36400000000003,55,180661,399999,jul-17-2021_2003
2665,0.0,0.0,0.0,0.0,1,0.0,0.0,0.0,0.0,0.0,0.0,0.0,0.0,inf,0.0,500,400000,0.004999999888241291,30,True,0.6666666865348816,0.6666666865348816,0.0,0.0,0.0,0.0,1.0,0.0,0.0,0.0,0.0,0.0,0.0,0.0,0.0,0.476,21.718666666746138,526.363962667453,244.1479999999999,58,199713,399999,jul-17-2021_2003
2666,0.0,0.0,0.0,0.0,1,0.0,0.0,0.0,0.0,0.0,0.0,0.0,0.0,inf,0.0,500,400000,0.004999999888241291,30,True,0.6666666865348816,1.0,0.0,0.0,0.0,0.0,1.0,0.0,0.0,0.0,0.0,0.0,0.0,0.0,0.0,0.516,22.936,500.54390400000005,240.8119999999999,54,184018,399999,jul-17-2021_2004
2667,0.0,0.0,0.0,0.0,1,0.0,0.0,0.0,0.0,0.0,0.0,0.0,0.0,inf,0.0,500,400000,0.004999999888241291,30,True,1.0,-1.0,0.0,0.0,0.0,0.0,1.0,0.0,0.0,0.0,0.0,0.0,0.0,0.0,0.0,0.528,23.224,489.053824,235.73199999999997,55,178787,399999,jul-17-2021_2004
2668,0.0,0.0,0.0,0.0,1,0.0,0.0,0.0,0.0,0.0,0.0,0.0,0.0,inf,0.0,500,400000,0.004999999888241291,30,True,1.0,-0.6666666865348816,0.0,0.0,0.0,0.0,1.0,0.0,0.0,0.0,0.0,0.0,0.0,0.0,0.0,0.478,21.95466666650772,534.548167102805,257.4000000000001,56,196835,399999,jul-17-2021_2004
2669,0.0,0.0,0.0,0.0,1,0.0,0.0,0.0,0.0,0.0,0.0,0.0,0.0,inf,0.0,500,400000,0.004999999888241291,30,True,1.0,-0.3333333432674408,0.0,0.0,0.0,0.0,1.0,0.0,0.0,0.0,0.0,0.0,0.0,0.0,0.0,0.556,24.064,469.419904,237.6199999999999,53,167883,399999,jul-17-2021_2005
2670,0.0,0.0,0.0,0.0,1,0.0,0.0,0.0,0.0,0.0,0.0,0.0,0.0,inf,0.0,500,400000,0.004999999888241291,30,True,1.0,0.0,0.0,0.0,0.0,0.0,1.0,0.0,0.0,0.0,0.0,0.0,0.0,0.0,0.0,0.514,22.944,504.17286399999995,243.5999999999999,55,184822,399999,jul-17-2021_2005
2671,0.0,0.0,0.0,0.0,1,0.0,0.0,0.0,0.0,0.0,0.0,0.0,0.0,inf,0.0,500,400000,0.004999999888241291,30,True,1.0,0.3333333432674408,0.0,0.0,0.0,0.0,1.0,0.0,0.0,0.0,0.0,0.0,0.0,0.0,0.0,0.53,23.46133333337307,495.4076160015396,247.808,58,176545,399999,jul-17-2021_2006
2672,0.0,0.0,0.0,0.0,1,0.0,0.0,0.0,0.0,0.0,0.0,0.0,0.0,inf,0.0,500,400000,0.004999999888241291,30,True,1.0,0.6666666865348816,0.0,0.0,0.0,0.0,1.0,0.0,0.0,0.0,0.0,0.0,0.0,0.0,0.0,0.514,22.88733333337307,502.3995284463342,244.5719999999999,56,182832,399999,jul-17-2021_2006
2673,0.0,0.0,0.0,0.0,1,0.0,0.0,0.0,0.0,0.0,0.0,0.0,0.0,inf,0.0,500,400000,0.004999999888241291,30,True,1.0,1.0,0.0,0.0,0.0,0.0,1.0,0.0,0.0,0.0,0.0,0.0,0.0,0.0,0.0,0.55,23.864,473.13750400000004,237.92399999999998,55,168773,399999,jul-17-2021_2006
2674,0.0,0.0,0.0,0.0,1,0.0,0.0,0.0,0.0,0.0,0.0,0.0,0.0,inf,0.0,500,400000,0.004999999888241291,30,True,1.3333333730697632,-1.0,0.0,0.0,0.0,0.0,1.0,0.0,0.0,0.0,0.0,0.0,0.0,0.0,0.0,0.472,21.54466666674614,524.9168937745652,239.13599999999997,57,201007,399999,jul-17-2021_2007
2675,0.0,0.0,0.0,0.0,1,0.0,0.0,0.0,0.0,0.0,0.0,0.0,0.0,inf,0.0,500,400000,0.004999999888241291,30,True,1.3333333730697632,-0.6666666865348816,0.0,0.0,0.0,0.0,1.0,0.0,0.0,0.0,0.0,0.0,0.0,0.0,0.0,0.488,22.18000000011921,523.3969333178727,249.4480000000001,60,193311,399999,jul-17-2021_2007
2676,0.0,0.0,0.0,0.0,1,0.0,0.0,0.0,0.0,0.0,0.0,0.0,0.0,inf,0.0,500,400000,0.004999999888241291,30,True,1.3333333730697632,-0.3333333432674408,0.0,0.0,0.0,0.0,1.0,0.0,0.0,0.0,0.0,0.0,0.0,0.0,0.0,0.506,22.588,505.12625599999996,239.9760000000001,54,187933,399999,jul-17-2021_2008
2677,0.0,0.0,0.0,0.0,1,0.0,0.0,0.0,0.0,0.0,0.0,0.0,0.0,inf,0.0,500,400000,0.004999999888241291,30,True,1.3333333730697632,0.0,0.0,0.0,0.0,0.0,1.0,0.0,0.0,0.0,0.0,0.0,0.0,0.0,0.0,0.512,22.88666666674614,506.55604444101874,246.61200000000008,58,183804,399999,jul-17-2021_2008
2678,0.0,0.0,0.0,0.0,1,0.0,0.0,0.0,0.0,0.0,0.0,0.0,0.0,inf,0.0,500,400000,0.004999999888241291,30,True,1.3333333730697632,0.3333333432674408,0.0,0.0,0.0,0.0,1.0,0.0,0.0,0.0,0.0,0.0,0.0,0.0,0.0,0.528,23.503333333432675,501.6157666643282,255.82799999999997,55,177232,399999,jul-17-2021_2009
2679,0.0,0.0,0.0,0.0,1,0.0,0.0,0.0,0.0,0.0,0.0,0.0,0.0,inf,0.0,500,400000,0.004999999888241291,30,True,1.3333333730697632,0.6666666865348816,0.0,0.0,0.0,0.0,1.0,0.0,0.0,0.0,0.0,0.0,0.0,0.0,0.0,0.522,23.132,498.010576,243.57999999999993,57,181258,399999,jul-17-2021_2009
2680,0.0,0.0,0.0,0.0,1,0.0,0.0,0.0,0.0,0.0,0.0,0.0,0.0,inf,0.0,500,400000,0.004999999888241291,30,True,1.3333333730697632,1.0,0.0,0.0,0.0,0.0,1.0,0.0,0.0,0.0,0.0,0.0,0.0,0.0,0.0,0.518,23.088,503.0602559999999,246.1479999999999,55,183054,399999,jul-17-2021_2009
2681,0.0,0.0,0.0,0.0,1,0.0,0.0,0.0,0.0,0.0,0.0,0.0,0.0,inf,0.0,500,400000,0.004999999888241291,30,True,1.6666666269302368,-1.0,0.0,0.0,0.0,0.0,1.0,0.0,0.0,0.0,0.0,0.0,0.0,0.0,0.0,0.46,21.29733333325386,539.1271484475645,248.288,57,204963,399999,jul-17-2021_2010
2682,0.0,0.0,0.0,0.0,1,0.0,0.0,0.0,0.0,0.0,0.0,0.0,0.0,inf,0.0,500,400000,0.004999999888241291,30,True,1.6666666269302368,-0.6666666865348816,0.0,0.0,0.0,0.0,1.0,0.0,0.0,0.0,0.0,0.0,0.0,0.0,0.0,0.496,22.316,513.0441440000001,240.8119999999999,56,191357,399999,jul-17-2021_2010
2683,0.0,0.0,0.0,0.0,1,0.0,0.0,0.0,0.0,0.0,0.0,0.0,0.0,inf,0.0,500,400000,0.004999999888241291,30,True,1.6666666269302368,-0.3333333432674408,0.0,0.0,0.0,0.0,1.0,0.0,0.0,0.0,0.0,0.0,0.0,0.0,0.0,0.536,23.551999999701977,486.17529600811736,243.44399999999996,52,173678,399999,jul-17-2021_2011
2684,0.0,0.0,0.0,0.0,1,0.0,0.0,0.0,0.0,0.0,0.0,0.0,0.0,inf,0.0,500,400000,0.004999999888241291,30,True,1.6666666269302368,0.0,0.0,0.0,0.0,0.0,1.0,0.0,0.0,0.0,0.0,0.0,0.0,0.0,0.0,0.494,22.312,516.594656,244.22399999999993,55,192680,399999,jul-17-2021_2011
2685,0.0,0.0,0.0,0.0,1,0.0,0.0,0.0,0.0,0.0,0.0,0.0,0.0,inf,0.0,500,400000,0.004999999888241291,30,True,1.6666666269302368,0.3333333432674408,0.0,0.0,0.0,0.0,1.0,0.0,0.0,0.0,0.0,0.0,0.0,0.0,0.0,0.51,22.788,506.6070559999999,246.00800000000004,55,184889,399999,jul-17-2021_2012
2686,0.0,0.0,0.0,0.0,1,0.0,0.0,0.0,0.0,0.0,0.0,0.0,0.0,inf,0.0,500,400000,0.004999999888241291,30,True,1.6666666269302368,0.6666666865348816,0.0,0.0,0.0,0.0,1.0,0.0,0.0,0.0,0.0,0.0,0.0,0.0,0.0,0.512,22.904,506.890784,249.13200000000006,58,184857,399999,jul-17-2021_2012
2687,0.0,0.0,0.0,0.0,1,0.0,0.0,0.0,0.0,0.0,0.0,0.0,0.0,inf,0.0,500,400000,0.004999999888241291,30,True,1.6666666269302368,1.0,0.0,0.0,0.0,0.0,1.0,0.0,0.0,0.0,0.0,0.0,0.0,0.0,0.0,0.506,22.656,508.301664,243.46000000000004,58,187462,399999,jul-17-2021_2012
2688,0.0,0.0,0.0,0.0,1,0.0,0.0,0.0,0.0,0.0,0.0,0.0,0.0,inf,0.0,500,400000,0.004999999888241291,30,True,2.0,-1.0,0.0,0.0,0.0,0.0,1.0,0.0,0.0,0.0,0.0,0.0,0.0,0.0,0.0,0.516,22.826,495.63972400000006,236.3520000000001,54,182400,399999,jul-17-2021_2013
2689,0.0,0.0,0.0,0.0,1,0.0,0.0,0.0,0.0,0.0,0.0,0.0,0.0,inf,0.0,500,400000,0.004999999888241291,30,True,2.0,-0.6666666865348816,0.0,0.0,0.0,0.0,1.0,0.0,0.0,0.0,0.0,0.0,0.0,0.0,0.0,0.49,22.124,516.7926239999999,241.37200000000007,56,195175,399999,jul-17-2021_2013
2690,0.0,0.0,0.0,0.0,1,0.0,0.0,0.0,0.0,0.0,0.0,0.0,0.0,inf,0.0,500,400000,0.004999999888241291,30,True,2.0,-0.3333333432674408,0.0,0.0,0.0,0.0,1.0,0.0,0.0,0.0,0.0,0.0,0.0,0.0,0.0,0.51,22.73466666662693,502.91537599849545,240.61200000000008,57,185076,399999,jul-17-2021_2014
2691,0.0,0.0,0.0,0.0,1,0.0,0.0,0.0,0.0,0.0,0.0,0.0,0.0,inf,0.0,500,400000,0.004999999888241291,30,True,2.0,0.0,0.0,0.0,0.0,0.0,1.0,0.0,0.0,0.0,0.0,0.0,0.0,0.0,0.0,0.488,22.104,518.705184,242.1679999999999,55,195404,399999,jul-17-2021_2014
2692,0.0,0.0,0.0,0.0,1,0.0,0.0,0.0,0.0,0.0,0.0,0.0,0.0,inf,0.0,500,400000,0.004999999888241291,30,True,2.0,0.3333333432674408,0.0,0.0,0.0,0.0,1.0,0.0,0.0,0.0,0.0,0.0,0.0,0.0,0.0,0.5,22.476,512.5094240000001,243.76,56,190216,399999,jul-17-2021_2014
2693,0.0,0.0,0.0,0.0,1,0.0,0.0,0.0,0.0,0.0,0.0,0.0,0.0,inf,0.0,500,400000,0.004999999888241291,30,True,2.0,0.6666666865348816,0.0,0.0,0.0,0.0,1.0,0.0,0.0,0.0,0.0,0.0,0.0,0.0,0.0,0.486,22.18533333337307,528.2572071128977,254.10400000000004,61,193937,399999,jul-17-2021_2015
2694,0.0,0.0,0.0,0.0,1,0.0,0.0,0.0,0.0,0.0,0.0,0.0,0.0,inf,0.0,500,400000,0.004999999888241291,30,True,2.0,1.0,0.0,0.0,0.0,0.0,1.0,0.0,0.0,0.0,0.0,0.0,0.0,0.0,0.0,0.514,22.92,503.7616,242.75199999999995,57,183264,399999,jul-17-2021_2015
2695,0.0,0.0,0.0,0.0,1,0.0,0.0,0.0,0.0,0.0,0.0,0.0,0.0,inf,0.0,500,400000,0.004999999888241291,30,True,0.0,-1.0,0.0,0.0,0.0,0.0,1.0,0.0,0.0,0.0,0.0,0.0,0.0,0.0,0.0,0.512,22.888,507.81945600000006,246.12400000000002,56,185173,399999,jul-17-2021_2016
2696,0.0,0.0,0.0,0.0,1,0.0,0.0,0.0,0.0,0.0,0.0,0.0,0.0,inf,0.0,500,400000,0.004999999888241291,30,True,0.0,-0.6666666865348816,0.0,0.0,0.0,0.0,1.0,0.0,0.0,0.0,0.0,0.0,0.0,0.0,0.0,0.526,23.31066666662693,497.16570844182,248.12799999999993,58,179185,399999,jul-17-2021_2016
2697,0.0,0.0,0.0,0.0,1,0.0,0.0,0.0,0.0,0.0,0.0,0.0,0.0,inf,0.0,500,400000,0.004999999888241291,30,True,0.0,-0.3333333432674408,0.0,0.0,0.0,0.0,1.0,0.0,0.0,0.0,0.0,0.0,0.0,0.0,0.0,0.494,22.292,515.834736,244.03199999999993,55,193171,399999,jul-17-2021_2017
2698,0.0,0.0,0.0,0.0,1,0.0,0.0,0.0,0.0,0.0,0.0,0.0,0.0,inf,0.0,500,400000,0.004999999888241291,30,True,0.0,0.0,0.0,0.0,0.0,0.0,1.0,0.0,0.0,0.0,0.0,0.0,0.0,0.0,0.0,0.518,23.012,500.215856,241.79999999999995,55,182049,399999,jul-17-2021_2017
2699,0.0,0.0,0.0,0.0,1,0.0,0.0,0.0,0.0,0.0,0.0,0.0,0.0,inf,0.0,500,400000,0.004999999888241291,30,True,0.0,0.3333333432674408,0.0,0.0,0.0,0.0,1.0,0.0,0.0,0.0,0.0,0.0,0.0,0.0,0.0,0.468,21.600666666686536,537.1700884453477,251.5999999999999,57,202530,399999,jul-17-2021_2017
2700,0.0,0.0,0.0,0.0,1,0.0,0.0,0.0,0.0,0.0,0.0,0.0,0.0,inf,0.0,500,400000,0.004999999888241291,30,True,0.0,0.6666666865348816,0.0,0.0,0.0,0.0,1.0,0.0,0.0,0.0,0.0,0.0,0.0,0.0,0.0,0.488,22.11066666674614,520.1615306703313,244.644,57,193892,399999,jul-17-2021_2018
2701,0.0,0.0,0.0,0.0,1,0.0,0.0,0.0,0.0,0.0,0.0,0.0,0.0,inf,0.0,500,400000,0.004999999888241291,30,True,0.0,1.0,0.0,0.0,0.0,0.0,1.0,0.0,0.0,0.0,0.0,0.0,0.0,0.0,0.0,0.48,21.974,528.945324,250.53199999999993,55,196436,399999,jul-17-2021_2018
2702,0.0,0.0,0.0,0.0,1,0.0,0.0,0.0,0.0,0.0,0.0,0.0,0.0,inf,0.0,500,400000,0.004999999888241291,30,True,0.3333333432674408,-1.0,0.0,0.0,0.0,0.0,1.0,0.0,0.0,0.0,0.0,0.0,0.0,0.0,0.0,0.5,22.374666666686537,507.14851377690195,238.75600000000009,58,190879,399999,jul-17-2021_2019
2703,0.0,0.0,0.0,0.0,1,0.0,0.0,0.0,0.0,0.0,0.0,0.0,0.0,inf,0.0,500,400000,0.004999999888241291,30,True,0.3333333432674408,-0.6666666865348816,0.0,0.0,0.0,0.0,1.0,0.0,0.0,0.0,0.0,0.0,0.0,0.0,0.0,0.496,22.479333333313466,521.0393506636524,251.82799999999997,58,191247,399999,jul-17-2021_2019
2704,0.0,0.0,0.0,0.0,1,0.0,0.0,0.0,0.0,0.0,0.0,0.0,0.0,inf,0.0,500,400000,0.004999999888241291,30,True,0.3333333432674408,-0.3333333432674408,0.0,0.0,0.0,0.0,1.0,0.0,0.0,0.0,0.0,0.0,0.0,0.0,0.0,0.466,21.484,535.7048551095482,248.288,65,202692,399999,jul-17-2021_2020
2705,0.0,0.0,0.0,0.0,1,0.0,0.0,0.0,0.0,0.0,0.0,0.0,0.0,inf,0.0,500,400000,0.004999999888241291,30,True,0.3333333432674408,0.0,0.0,0.0,0.0,0.0,1.0,0.0,0.0,0.0,0.0,0.0,0.0,0.0,0.0,0.548,23.762000000059604,472.76802266387375,233.60400000000004,58,169648,399999,jul-17-2021_2020
2706,0.0,0.0,0.0,0.0,1,0.0,0.0,0.0,0.0,0.0,0.0,0.0,0.0,inf,0.0,500,400000,0.004999999888241291,30,True,0.3333333432674408,0.3333333432674408,0.0,0.0,0.0,0.0,1.0,0.0,0.0,0.0,0.0,0.0,0.0,0.0,0.0,0.506,22.70533333337307,509.91494933342307,248.3520000000001,57,186270,399999,jul-17-2021_2020
2707,0.0,0.0,0.0,0.0,1,0.0,0.0,0.0,0.0,0.0,0.0,0.0,0.0,inf,0.0,500,400000,0.004999999888241291,30,True,0.3333333432674408,0.6666666865348816,0.0,0.0,0.0,0.0,1.0,0.0,0.0,0.0,0.0,0.0,0.0,0.0,0.0,0.462,21.338000000059605,538.3402004454639,251.10400000000004,57,203757,399999,jul-17-2021_2021
2708,0.0,0.0,0.0,0.0,1,0.0,0.0,0.0,0.0,0.0,0.0,0.0,0.0,inf,0.0,500,400000,0.004999999888241291,30,True,0.3333333432674408,1.0,0.0,0.0,0.0,0.0,1.0,0.0,0.0,0.0,0.0,0.0,0.0,0.0,0.0,0.5,22.414666666686536,509.412940443567,240.79999999999995,55,190732,399999,jul-17-2021_2021
2709,0.0,0.0,0.0,0.0,1,0.0,0.0,0.0,0.0,0.0,0.0,0.0,0.0,inf,0.0,500,400000,0.004999999888241291,30,True,0.6666666865348816,-1.0,0.0,0.0,0.0,0.0,1.0,0.0,0.0,0.0,0.0,0.0,0.0,0.0,0.0,0.524,23.12333333337307,493.8663444426598,240.46000000000004,56,181012,399999,jul-17-2021_2022
2710,0.0,0.0,0.0,0.0,1,0.0,0.0,0.0,0.0,0.0,0.0,0.0,0.0,inf,0.0,500,400000,0.004999999888241291,30,True,0.6666666865348816,-0.6666666865348816,0.0,0.0,0.0,0.0,1.0,0.0,0.0,0.0,0.0,0.0,0.0,0.0,0.0,0.536,23.384,479.86721065617627,234.79600000000005,55,174670,399999,jul-17-2021_2022
2711,0.0,0.0,0.0,0.0,1,0.0,0.0,0.0,0.0,0.0,0.0,0.0,0.0,inf,0.0,500,400000,0.004999999888241291,30,True,0.6666666865348816,-0.3333333432674408,0.0,0.0,0.0,0.0,1.0,0.0,0.0,0.0,0.0,0.0,0.0,0.0,0.0,0.496,22.436,518.941904,249.43200000000002,58,191420,399999,jul-17-2021_2022
2712,0.0,0.0,0.0,0.0,1,0.0,0.0,0.0,0.0,0.0,0.0,0.0,0.0,inf,0.0,500,400000,0.004999999888241291,30,True,0.6666666865348816,0.0,0.0,0.0,0.0,0.0,1.0,0.0,0.0,0.0,0.0,0.0,0.0,0.0,0.0,0.532,23.344,486.285664,238.3599999999999,55,177439,399999,jul-17-2021_2023
2713,0.0,0.0,0.0,0.0,1,0.0,0.0,0.0,0.0,0.0,0.0,0.0,0.0,inf,0.0,500,400000,0.004999999888241291,30,True,0.6666666865348816,0.3333333432674408,0.0,0.0,0.0,0.0,1.0,0.0,0.0,0.0,0.0,0.0,0.0,0.0,0.0,0.47,21.704,540.2243840000001,258.6199999999999,61,201921,399999,jul-17-2021_2023
2714,0.0,0.0,0.0,0.0,1,0.0,0.0,0.0,0.0,0.0,0.0,0.0,0.0,inf,0.0,500,400000,0.004999999888241291,30,True,0.6666666865348816,0.6666666865348816,0.0,0.0,0.0,0.0,1.0,0.0,0.0,0.0,0.0,0.0,0.0,0.0,0.0,0.506,22.748,514.364496,252.42399999999998,57,187350,399999,jul-17-2021_2024
2715,0.0,0.0,0.0,0.0,1,0.0,0.0,0.0,0.0,0.0,0.0,0.0,0.0,inf,0.0,500,400000,0.004999999888241291,30,True,0.6666666865348816,1.0,0.0,0.0,0.0,0.0,1.0,0.0,0.0,0.0,0.0,0.0,0.0,0.0,0.0,0.496,22.33933333337307,514.1730751093887,243.70000000000005,55,190289,399999,jul-17-2021_2024
2716,0.0,0.0,0.0,0.0,1,0.0,0.0,0.0,0.0,0.0,0.0,0.0,0.0,inf,0.0,500,400000,0.004999999888241291,30,True,1.0,-1.0,0.0,0.0,0.0,0.0,1.0,0.0,0.0,0.0,0.0,0.0,0.0,0.0,0.0,0.536,23.596,488.9447839999999,245.88400000000001,54,173494,399999,jul-17-2021_2025
2717,0.0,0.0,0.0,0.0,1,0.0,0.0,0.0,0.0,0.0,0.0,0.0,0.0,inf,0.0,500,400000,0.004999999888241291,30,True,1.0,-0.6666666865348816,0.0,0.0,0.0,0.0,1.0,0.0,0.0,0.0,0.0,0.0,0.0,0.0,0.0,0.446,20.685333333253862,538.5854293291773,240.97199999999998,59,211062,399999,jul-17-2021_2025
2718,0.0,0.0,0.0,0.0,1,0.0,0.0,0.0,0.0,0.0,0.0,0.0,0.0,inf,0.0,500,400000,0.004999999888241291,30,True,1.0,-0.3333333432674408,0.0,0.0,0.0,0.0,1.0,0.0,0.0,0.0,0.0,0.0,0.0,0.0,0.0,0.502,22.65466666662693,516.0145226649173,250.38400000000001,57,187973,399999,jul-17-2021_2025
2719,0.0,0.0,0.0,0.0,1,0.0,0.0,0.0,0.0,0.0,0.0,0.0,0.0,inf,0.0,500,400000,0.004999999888241291,30,True,1.0,0.0,0.0,0.0,0.0,0.0,1.0,0.0,0.0,0.0,0.0,0.0,0.0,0.0,0.0,0.49,22.298,525.085196,253.27600000000007,57,193710,399999,jul-17-2021_2026
2720,0.0,0.0,0.0,0.0,1,0.0,0.0,0.0,0.0,0.0,0.0,0.0,0.0,inf,0.0,500,400000,0.004999999888241291,30,True,1.0,0.3333333432674408,0.0,0.0,0.0,0.0,1.0,0.0,0.0,0.0,0.0,0.0,0.0,0.0,0.0,0.494,22.472,525.481216,256.86400000000003,56,192216,399999,jul-17-2021_2026
2721,0.0,0.0,0.0,0.0,1,0.0,0.0,0.0,0.0,0.0,0.0,0.0,0.0,inf,0.0,500,400000,0.004999999888241291,30,True,1.0,0.6666666865348816,0.0,0.0,0.0,0.0,1.0,0.0,0.0,0.0,0.0,0.0,0.0,0.0,0.0,0.486,22.164,528.0051040000001,252.01199999999994,61,195623,399999,jul-17-2021_2027
2722,0.0,0.0,0.0,0.0,1,0.0,0.0,0.0,0.0,0.0,0.0,0.0,0.0,inf,0.0,500,400000,0.004999999888241291,30,True,1.0,1.0,0.0,0.0,0.0,0.0,1.0,0.0,0.0,0.0,0.0,0.0,0.0,0.0,0.0,0.48,21.824,522.5450240000001,243.37200000000007,57,197168,399999,jul-17-2021_2027
2723,0.0,0.0,0.0,0.0,1,0.0,0.0,0.0,0.0,0.0,0.0,0.0,0.0,inf,0.0,500,400000,0.004999999888241291,30,True,1.3333333730697632,-1.0,0.0,0.0,0.0,0.0,1.0,0.0,0.0,0.0,0.0,0.0,0.0,0.0,0.0,0.476,21.75666666674614,528.365011107865,246.05600000000004,59,200246,399999,jul-17-2021_2028
2724,0.0,0.0,0.0,0.0,1,0.0,0.0,0.0,0.0,0.0,0.0,0.0,0.0,inf,0.0,500,400000,0.004999999888241291,30,True,1.3333333730697632,-0.6666666865348816,0.0,0.0,0.0,0.0,1.0,0.0,0.0,0.0,0.0,0.0,0.0,0.0,0.0,0.53,23.49733333337307,496.9797706614879,251.63599999999997,56,177221,399999,jul-17-2021_2028
2725,0.0,0.0,0.0,0.0,1,0.0,0.0,0.0,0.0,0.0,0.0,0.0,0.0,inf,0.0,500,400000,0.004999999888241291,30,True,1.3333333730697632,-0.3333333432674408,0.0,0.0,0.0,0.0,1.0,0.0,0.0,0.0,0.0,0.0,0.0,0.0,0.0,0.486,22.098000000059606,522.6875071067151,247.29999999999995,58,195448,399999,jul-17-2021_2028
2726,0.0,0.0,0.0,0.0,1,0.0,0.0,0.0,0.0,0.0,0.0,0.0,0.0,inf,0.0,500,400000,0.004999999888241291,30,True,1.3333333730697632,0.0,0.0,0.0,0.0,0.0,1.0,0.0,0.0,0.0,0.0,0.0,0.0,0.0,0.0,0.486,22.07066666674614,520.9452284411484,244.86799999999994,55,193879,399999,jul-17-2021_2029
2727,0.0,0.0,0.0,0.0,1,0.0,0.0,0.0,0.0,0.0,0.0,0.0,0.0,inf,0.0,500,400000,0.004999999888241291,30,True,1.3333333730697632,0.3333333432674408,0.0,0.0,0.0,0.0,1.0,0.0,0.0,0.0,0.0,0.0,0.0,0.0,0.0,0.536,23.615333333432673,489.4824759974008,247.50800000000004,55,174012,399999,jul-17-2021_2029
2728,0.0,0.0,0.0,0.0,1,0.0,0.0,0.0,0.0,0.0,0.0,0.0,0.0,inf,0.0,500,400000,0.004999999888241291,30,True,1.3333333730697632,0.6666666865348816,0.0,0.0,0.0,0.0,1.0,0.0,0.0,0.0,0.0,0.0,0.0,0.0,0.0,0.492,22.316,521.2321440000001,248.50800000000004,56,192847,399999,jul-17-2021_2030
2729,0.0,0.0,0.0,0.0,1,0.0,0.0,0.0,0.0,0.0,0.0,0.0,0.0,inf,0.0,500,400000,0.004999999888241291,30,True,1.3333333730697632,1.0,0.0,0.0,0.0,0.0,1.0,0.0,0.0,0.0,0.0,0.0,0.0,0.0,0.0,0.516,23.096666666746138,506.1255444409852,250.83999999999992,53,181846,399999,jul-17-2021_2030
2730,0.0,0.0,0.0,0.0,1,0.0,0.0,0.0,0.0,0.0,0.0,0.0,0.0,inf,0.0,500,400000,0.004999999888241291,30,True,1.6666666269302368,-1.0,0.0,0.0,0.0,0.0,1.0,0.0,0.0,0.0,0.0,0.0,0.0,0.0,0.0,0.496,22.192,507.98313600000006,233.288,54,192407,399999,jul-17-2021_2031
2731,0.0,0.0,0.0,0.0,1,0.0,0.0,0.0,0.0,0.0,0.0,0.0,0.0,inf,0.0,500,400000,0.004999999888241291,30,True,1.6666666269302368,-0.6666666865348816,0.0,0.0,0.0,0.0,1.0,0.0,0.0,0.0,0.0,0.0,0.0,0.0,0.0,0.518,23.036,501.3227040000001,246.41200000000003,58,183371,399999,jul-17-2021_2031
2732,0.0,0.0,0.0,0.0,1,0.0,0.0,0.0,0.0,0.0,0.0,0.0,0.0,inf,0.0,500,400000,0.004999999888241291,30,True,1.6666666269302368,-0.3333333432674408,0.0,0.0,0.0,0.0,1.0,0.0,0.0,0.0,0.0,0.0,0.0,0.0,0.0,0.526,23.096,488.67078399999997,234.93200000000002,59,180225,399999,jul-17-2021_2032
2733,0.0,0.0,0.0,0.0,1,0.0,0.0,0.0,0.0,0.0,0.0,0.0,0.0,inf,0.0,500,400000,0.004999999888241291,30,True,1.6666666269302368,0.0,0.0,0.0,0.0,0.0,1.0,0.0,0.0,0.0,0.0,0.0,0.0,0.0,0.0,0.51,22.864,509.6095040000001,246.60799999999995,56,185967,399999,jul-17-2021_2032
2734,0.0,0.0,0.0,0.0,1,0.0,0.0,0.0,0.0,0.0,0.0,0.0,0.0,inf,0.0,500,400000,0.004999999888241291,30,True,1.6666666269302368,0.3333333432674408,0.0,0.0,0.0,0.0,1.0,0.0,0.0,0.0,0.0,0.0,0.0,0.0,0.0,0.494,22.467999999940396,523.2494204485004,252.8320000000001,54,191464,399999,jul-17-2021_2032
2735,0.0,0.0,0.0,0.0,1,0.0,0.0,0.0,0.0,0.0,0.0,0.0,0.0,inf,0.0,500,400000,0.004999999888241291,30,True,1.6666666269302368,0.6666666865348816,0.0,0.0,0.0,0.0,1.0,0.0,0.0,0.0,0.0,0.0,0.0,0.0,0.0,0.492,22.164666666626932,513.2886626718719,240.65599999999995,57,192302,399999,jul-17-2021_2033
2736,0.0,0.0,0.0,0.0,1,0.0,0.0,0.0,0.0,0.0,0.0,0.0,0.0,inf,0.0,500,400000,0.004999999888241291,30,True,1.6666666269302368,1.0,0.0,0.0,0.0,0.0,1.0,0.0,0.0,0.0,0.0,0.0,0.0,0.0,0.0,0.502,22.46933333325386,507.5086151144175,240.5039999999999,57,188513,399999,jul-17-2021_2033
2737,0.0,0.0,0.0,0.0,1,0.0,0.0,0.0,0.0,0.0,0.0,0.0,0.0,inf,0.0,500,400000,0.004999999888241291,30,True,2.0,-1.0,0.0,0.0,0.0,0.0,1.0,0.0,0.0,0.0,0.0,0.0,0.0,0.0,0.0,0.464,21.334,532.3224440000001,244.06799999999998,61,204151,399999,jul-17-2021_2034
2738,0.0,0.0,0.0,0.0,1,0.0,0.0,0.0,0.0,0.0,0.0,0.0,0.0,inf,0.0,500,400000,0.004999999888241291,30,True,2.0,-0.6666666865348816,0.0,0.0,0.0,0.0,1.0,0.0,0.0,0.0,0.0,0.0,0.0,0.0,0.0,0.492,22.216,518.3493440000001,244.74,57,193715,399999,jul-17-2021_2034
2739,0.0,0.0,0.0,0.0,1,0.0,0.0,0.0,0.0,0.0,0.0,0.0,0.0,inf,0.0,500,400000,0.004999999888241291,30,True,2.0,-0.3333333432674408,0.0,0.0,0.0,0.0,1.0,0.0,0.0,0.0,0.0,0.0,0.0,0.0,0.0,0.434,20.49066666662693,553.9503573310941,249.84799999999996,61,217093,399999,jul-17-2021_2035
2740,0.0,0.0,0.0,0.0,1,0.0,0.0,0.0,0.0,0.0,0.0,0.0,0.0,inf,0.0,500,400000,0.004999999888241291,30,True,2.0,0.0,0.0,0.0,0.0,0.0,1.0,0.0,0.0,0.0,0.0,0.0,0.0,0.0,0.0,0.478,21.8,525.8559999999999,245.43599999999992,56,199970,399999,jul-17-2021_2035
2741,0.0,0.0,0.0,0.0,1,0.0,0.0,0.0,0.0,0.0,0.0,0.0,0.0,inf,0.0,500,400000,0.004999999888241291,30,True,2.0,0.3333333432674408,0.0,0.0,0.0,0.0,1.0,0.0,0.0,0.0,0.0,0.0,0.0,0.0,0.0,0.522,23.172,499.03041599999995,245.212,55,181586,399999,jul-17-2021_2035
2742,0.0,0.0,0.0,0.0,1,0.0,0.0,0.0,0.0,0.0,0.0,0.0,0.0,inf,0.0,500,400000,0.004999999888241291,30,True,2.0,0.6666666865348816,0.0,0.0,0.0,0.0,1.0,0.0,0.0,0.0,0.0,0.0,0.0,0.0,0.0,0.528,23.250666666746138,489.3589440034039,238.08799999999997,56,177372,399999,jul-17-2021_2036
2743,0.0,0.0,0.0,0.0,1,0.0,0.0,0.0,0.0,0.0,0.0,0.0,0.0,inf,0.0,500,400000,0.004999999888241291,30,True,2.0,1.0,0.0,0.0,0.0,0.0,1.0,0.0,0.0,0.0,0.0,0.0,0.0,0.0,0.0,0.534,23.486,489.737804,243.2639999999999,58,175393,399999,jul-17-2021_2036
2744,0.0,0.0,0.0,0.0,1,0.0,0.0,0.0,0.0,0.0,0.0,0.0,0.0,inf,0.0,500,400000,0.004999999888241291,30,True,0.0,-1.0,0.0,0.0,0.0,0.0,1.0,0.0,0.0,0.0,0.0,0.0,0.0,0.0,0.0,0.496,22.346,515.238284,245.32799999999997,57,191144,399999,jul-17-2021_2037
2745,0.0,0.0,0.0,0.0,1,0.0,0.0,0.0,0.0,0.0,0.0,0.0,0.0,inf,0.0,500,400000,0.004999999888241291,30,True,0.0,-0.6666666865348816,0.0,0.0,0.0,0.0,1.0,0.0,0.0,0.0,0.0,0.0,0.0,0.0,0.0,0.486,22.22,530.1676,257.0160000000001,55,194999,399999,jul-17-2021_2037
2746,0.0,0.0,0.0,0.0,1,0.0,0.0,0.0,0.0,0.0,0.0,0.0,0.0,inf,0.0,500,400000,0.004999999888241291,30,True,0.0,-0.3333333432674408,0.0,0.0,0.0,0.0,1.0,0.0,0.0,0.0,0.0,0.0,0.0,0.0,0.0,0.478,21.787333333313466,524.4789951100431,242.92399999999998,59,198166,399999,jul-17-2021_2037
2747,0.0,0.0,0.0,0.0,1,0.0,0.0,0.0,0.0,0.0,0.0,0.0,0.0,inf,0.0,500,400000,0.004999999888241291,30,True,0.0,0.0,0.0,0.0,0.0,0.0,1.0,0.0,0.0,0.0,0.0,0.0,0.0,0.0,0.0,0.528,23.312,492.5426560000001,244.6880000000001,56,177218,399999,jul-17-2021_2038
2748,0.0,0.0,0.0,0.0,1,0.0,0.0,0.0,0.0,0.0,0.0,0.0,0.0,inf,0.0,500,400000,0.004999999888241291,30,True,0.0,0.3333333432674408,0.0,0.0,0.0,0.0,1.0,0.0,0.0,0.0,0.0,0.0,0.0,0.0,0.0,0.482,22.074000000059605,530.53652400317,253.79600000000005,58,195203,399999,jul-17-2021_2038
2749,0.0,0.0,0.0,0.0,1,0.0,0.0,0.0,0.0,0.0,0.0,0.0,0.0,inf,0.0,500,400000,0.004999999888241291,30,True,0.0,0.6666666865348816,0.0,0.0,0.0,0.0,1.0,0.0,0.0,0.0,0.0,0.0,0.0,0.0,0.0,0.48,21.776,521.573824,238.96399999999994,58,198726,399999,jul-17-2021_2039
2750,0.0,0.0,0.0,0.0,1,0.0,0.0,0.0,0.0,0.0,0.0,0.0,0.0,inf,0.0,500,400000,0.004999999888241291,30,True,0.0,1.0,0.0,0.0,0.0,0.0,1.0,0.0,0.0,0.0,0.0,0.0,0.0,0.0,0.0,0.458,21.252,541.584496,249.4760000000001,59,207127,399999,jul-17-2021_2039
2751,0.0,0.0,0.0,0.0,1,0.0,0.0,0.0,0.0,0.0,0.0,0.0,0.0,inf,0.0,500,400000,0.004999999888241291,30,True,0.3333333432674408,-1.0,0.0,0.0,0.0,0.0,1.0,0.0,0.0,0.0,0.0,0.0,0.0,0.0,0.0,0.484,21.976,521.551424,245.4960000000001,58,196422,399999,jul-17-2021_2040
2752,0.0,0.0,0.0,0.0,1,0.0,0.0,0.0,0.0,0.0,0.0,0.0,0.0,inf,0.0,500,400000,0.004999999888241291,30,True,0.3333333432674408,-0.6666666865348816,0.0,0.0,0.0,0.0,1.0,0.0,0.0,0.0,0.0,0.0,0.0,0.0,0.0,0.5,22.50666666662693,512.5108444388156,243.81600000000003,56,188677,399999,jul-17-2021_2040
2753,0.0,0.0,0.0,0.0,1,0.0,0.0,0.0,0.0,0.0,0.0,0.0,0.0,inf,0.0,500,400000,0.004999999888241291,30,True,0.3333333432674408,-0.3333333432674408,0.0,0.0,0.0,0.0,1.0,0.0,0.0,0.0,0.0,0.0,0.0,0.0,0.0,0.504,22.64,511.9228444429212,246.84799999999996,55,187444,399999,jul-17-2021_2041
2754,0.0,0.0,0.0,0.0,1,0.0,0.0,0.0,0.0,0.0,0.0,0.0,0.0,inf,0.0,500,400000,0.004999999888241291,30,True,0.3333333432674408,0.0,0.0,0.0,0.0,0.0,1.0,0.0,0.0,0.0,0.0,0.0,0.0,0.0,0.0,0.502,22.504666666686536,509.4162004435634,241.74,56,187832,399999,jul-17-2021_2041
2755,0.0,0.0,0.0,0.0,1,0.0,0.0,0.0,0.0,0.0,0.0,0.0,0.0,inf,0.0,500,400000,0.004999999888241291,30,True,0.3333333432674408,0.3333333432674408,0.0,0.0,0.0,0.0,1.0,0.0,0.0,0.0,0.0,0.0,0.0,0.0,0.0,0.49,22.24933333337307,521.3916106667131,249.43200000000002,58,193046,399999,jul-17-2021_2041
2756,0.0,0.0,0.0,0.0,1,0.0,0.0,0.0,0.0,0.0,0.0,0.0,0.0,inf,0.0,500,400000,0.004999999888241291,30,True,0.3333333432674408,0.6666666865348816,0.0,0.0,0.0,0.0,1.0,0.0,0.0,0.0,0.0,0.0,0.0,0.0,0.0,0.51,22.80400000011921,506.1784728908164,245.4079999999999,56,184588,399999,jul-17-2021_2042
2757,0.0,0.0,0.0,0.0,1,0.0,0.0,0.0,0.0,0.0,0.0,0.0,0.0,inf,0.0,500,400000,0.004999999888241291,30,True,0.3333333432674408,1.0,0.0,0.0,0.0,0.0,1.0,0.0,0.0,0.0,0.0,0.0,0.0,0.0,0.0,0.496,22.390666666686535,516.892268443568,245.5999999999999,56,189891,399999,jul-17-2021_2042
2758,0.0,0.0,0.0,0.0,1,0.0,0.0,0.0,0.0,0.0,0.0,0.0,0.0,inf,0.0,500,400000,0.004999999888241291,30,True,0.6666666865348816,-1.0,0.0,0.0,0.0,0.0,1.0,0.0,0.0,0.0,0.0,0.0,0.0,0.0,0.0,0.5,22.62666666674614,518.9557333298429,251.43599999999992,57,190075,399999,jul-17-2021_2043
2759,0.0,0.0,0.0,0.0,1,0.0,0.0,0.0,0.0,0.0,0.0,0.0,0.0,inf,0.0,500,400000,0.004999999888241291,30,True,0.6666666865348816,-0.6666666865348816,0.0,0.0,0.0,0.0,1.0,0.0,0.0,0.0,0.0,0.0,0.0,0.0,0.0,0.526,23.392,500.22278044105354,252.07600000000002,58,177599,399999,jul-17-2021_2043
2760,0.0,0.0,0.0,0.0,1,0.0,0.0,0.0,0.0,0.0,0.0,0.0,0.0,inf,0.0,500,400000,0.004999999888241291,30,True,0.6666666865348816,-0.3333333432674408,0.0,0.0,0.0,0.0,1.0,0.0,0.0,0.0,0.0,0.0,0.0,0.0,0.0,0.518,23.156,505.519664,251.712,54,182379,399999,jul-17-2021_2043
2761,0.0,0.0,0.0,0.0,1,0.0,0.0,0.0,0.0,0.0,0.0,0.0,0.0,inf,0.0,500,400000,0.004999999888241291,30,True,0.6666666865348816,0.0,0.0,0.0,0.0,0.0,1.0,0.0,0.0,0.0,0.0,0.0,0.0,0.0,0.0,0.506,22.70533333337307,511.4567271093597,247.41599999999994,59,186426,399999,jul-17-2021_2044
2762,0.0,0.0,0.0,0.0,1,0.0,0.0,0.0,0.0,0.0,0.0,0.0,0.0,inf,0.0,500,400000,0.004999999888241291,30,True,0.6666666865348816,0.3333333432674408,0.0,0.0,0.0,0.0,1.0,0.0,0.0,0.0,0.0,0.0,0.0,0.0,0.0,0.464,21.42800000011921,537.3830382210606,248.10400000000004,58,202950,399999,jul-17-2021_2044
2763,0.0,0.0,0.0,0.0,1,0.0,0.0,0.0,0.0,0.0,0.0,0.0,0.0,inf,0.0,500,400000,0.004999999888241291,30,True,0.6666666865348816,0.6666666865348816,0.0,0.0,0.0,0.0,1.0,0.0,0.0,0.0,0.0,0.0,0.0,0.0,0.0,0.524,23.11733333349228,491.0951217776345,236.2639999999999,54,179264,399999,jul-17-2021_2045
2764,0.0,0.0,0.0,0.0,1,0.0,0.0,0.0,0.0,0.0,0.0,0.0,0.0,inf,0.0,500,400000,0.004999999888241291,30,True,0.6666666865348816,1.0,0.0,0.0,0.0,0.0,1.0,0.0,0.0,0.0,0.0,0.0,0.0,0.0,0.0,0.482,22.02733333337307,528.2034751094135,251.13599999999997,55,195944,399999,jul-17-2021_2045
2765,0.0,0.0,0.0,0.0,1,0.0,0.0,0.0,0.0,0.0,0.0,0.0,0.0,inf,0.0,500,400000,0.004999999888241291,30,True,1.0,-1.0,0.0,0.0,0.0,0.0,1.0,0.0,0.0,0.0,0.0,0.0,0.0,0.0,0.0,0.486,22.188,527.768656,253.22000000000003,55,195110,399999,jul-17-2021_2046
2766,0.0,0.0,0.0,0.0,1,0.0,0.0,0.0,0.0,0.0,0.0,0.0,0.0,inf,0.0,500,400000,0.004999999888241291,30,True,1.0,-0.6666666865348816,0.0,0.0,0.0,0.0,1.0,0.0,0.0,0.0,0.0,0.0,0.0,0.0,0.0,0.492,22.284,521.079344,248.12799999999993,60,193717,399999,jul-17-2021_2046
2767,0.0,0.0,0.0,0.0,1,0.0,0.0,0.0,0.0,0.0,0.0,0.0,0.0,inf,0.0,500,400000,0.004999999888241291,30,True,1.0,-0.3333333432674408,0.0,0.0,0.0,0.0,1.0,0.0,0.0,0.0,0.0,0.0,0.0,0.0,0.0,0.522,23.108,496.8963360000001,242.4480000000001,57,181872,399999,jul-17-2021_2046
2768,0.0,0.0,0.0,0.0,1,0.0,0.0,0.0,0.0,0.0,0.0,0.0,0.0,inf,0.0,500,400000,0.004999999888241291,30,True,1.0,0.0,0.0,0.0,0.0,0.0,1.0,0.0,0.0,0.0,0.0,0.0,0.0,0.0,0.0,0.528,23.348,494.30689599999994,244.20000000000005,54,178659,399999,jul-17-2021_2047
2769,0.0,0.0,0.0,0.0,1,0.0,0.0,0.0,0.0,0.0,0.0,0.0,0.0,inf,0.0,500,400000,0.004999999888241291,30,True,1.0,0.3333333432674408,0.0,0.0,0.0,0.0,1.0,0.0,0.0,0.0,0.0,0.0,0.0,0.0,0.0,0.47,21.58133333337307,532.6104960020068,247.952,57,200728,399999,jul-17-2021_2047
2770,0.0,0.0,0.0,0.0,1,0.0,0.0,0.0,0.0,0.0,0.0,0.0,0.0,inf,0.0,500,400000,0.004999999888241291,30,True,1.0,0.6666666865348816,0.0,0.0,0.0,0.0,1.0,0.0,0.0,0.0,0.0,0.0,0.0,0.0,0.0,0.47,21.58200000011921,531.903276006378,244.93599999999992,61,200895,399999,jul-17-2021_2048
2771,0.0,0.0,0.0,0.0,1,0.0,0.0,0.0,0.0,0.0,0.0,0.0,0.0,inf,0.0,500,400000,0.004999999888241291,30,True,1.0,1.0,0.0,0.0,0.0,0.0,1.0,0.0,0.0,0.0,0.0,0.0,0.0,0.0,0.0,0.502,22.636,516.0515039999999,249.308,58,189032,399999,jul-17-2021_2048
2772,0.0,0.0,0.0,0.0,1,0.0,0.0,0.0,0.0,0.0,0.0,0.0,0.0,inf,0.0,500,400000,0.004999999888241291,30,True,1.3333333730697632,-1.0,0.0,0.0,0.0,0.0,1.0,0.0,0.0,0.0,0.0,0.0,0.0,0.0,0.0,0.52,23.07266666674614,497.40960844098913,242.94000000000005,57,180893,399999,jul-17-2021_2049
2773,0.0,0.0,0.0,0.0,1,0.0,0.0,0.0,0.0,0.0,0.0,0.0,0.0,inf,0.0,500,400000,0.004999999888241291,30,True,1.3333333730697632,-0.6666666865348816,0.0,0.0,0.0,0.0,1.0,0.0,0.0,0.0,0.0,0.0,0.0,0.0,0.0,0.498,22.404,512.668784,244.05600000000004,56,191080,399999,jul-17-2021_2049
2774,0.0,0.0,0.0,0.0,1,0.0,0.0,0.0,0.0,0.0,0.0,0.0,0.0,inf,0.0,500,400000,0.004999999888241291,30,True,1.3333333730697632,-0.3333333432674408,0.0,0.0,0.0,0.0,1.0,0.0,0.0,0.0,0.0,0.0,0.0,0.0,0.0,0.538,23.610000000059603,485.56101110677326,243.39200000000005,52,173152,399999,jul-17-2021_2049
2775,0.0,0.0,0.0,0.0,1,0.0,0.0,0.0,0.0,0.0,0.0,0.0,0.0,inf,0.0,500,400000,0.004999999888241291,30,True,1.3333333730697632,0.0,0.0,0.0,0.0,0.0,1.0,0.0,0.0,0.0,0.0,0.0,0.0,0.0,0.0,0.494,22.38133333349228,519.4110293266423,249.31600000000003,58,191640,399999,jul-17-2021_2050
2776,0.0,0.0,0.0,0.0,1,0.0,0.0,0.0,0.0,0.0,0.0,0.0,0.0,inf,0.0,500,400000,0.004999999888241291,30,True,1.3333333730697632,0.3333333432674408,0.0,0.0,0.0,0.0,1.0,0.0,0.0,0.0,0.0,0.0,0.0,0.0,0.0,0.52,23.063333333432674,497.9130999972722,244.83999999999992,54,181027,399999,jul-17-2021_2050
2777,0.0,0.0,0.0,0.0,1,0.0,0.0,0.0,0.0,0.0,0.0,0.0,0.0,inf,0.0,500,400000,0.004999999888241291,30,True,1.3333333730697632,0.6666666865348816,0.0,0.0,0.0,0.0,1.0,0.0,0.0,0.0,0.0,0.0,0.0,0.0,0.0,0.496,22.536,525.5087040000002,254.9480000000001,61,191541,399999,jul-17-2021_2051
2778,0.0,0.0,0.0,0.0,1,0.0,0.0,0.0,0.0,0.0,0.0,0.0,0.0,inf,0.0,500,400000,0.004999999888241291,30,True,1.3333333730697632,1.0,0.0,0.0,0.0,0.0,1.0,0.0,0.0,0.0,0.0,0.0,0.0,0.0,0.0,0.542,23.92,491.01360000000005,254.13599999999997,54,172276,399999,jul-17-2021_2051
2779,0.0,0.0,0.0,0.0,1,0.0,0.0,0.0,0.0,0.0,0.0,0.0,0.0,inf,0.0,500,400000,0.004999999888241291,30,True,1.6666666269302368,-1.0,0.0,0.0,0.0,0.0,1.0,0.0,0.0,0.0,0.0,0.0,0.0,0.0,0.0,0.5,22.632,519.660576,252.72800000000007,55,189396,399999,jul-17-2021_2051
2780,0.0,0.0,0.0,0.0,1,0.0,0.0,0.0,0.0,0.0,0.0,0.0,0.0,inf,0.0,500,400000,0.004999999888241291,30,True,1.6666666269302368,-0.6666666865348816,0.0,0.0,0.0,0.0,1.0,0.0,0.0,0.0,0.0,0.0,0.0,0.0,0.0,0.49,22.32999999964237,524.4384333374634,250.9559999999999,55,191737,399999,jul-17-2021_2052
2781,0.0,0.0,0.0,0.0,1,0.0,0.0,0.0,0.0,0.0,0.0,0.0,0.0,inf,0.0,500,400000,0.004999999888241291,30,True,1.6666666269302368,-0.3333333432674408,0.0,0.0,0.0,0.0,1.0,0.0,0.0,0.0,0.0,0.0,0.0,0.0,0.0,0.514,23.052,510.749296,254.01999999999998,59,184269,399999,jul-17-2021_2052
2782,0.0,0.0,0.0,0.0,1,0.0,0.0,0.0,0.0,0.0,0.0,0.0,0.0,inf,0.0,500,400000,0.004999999888241291,30,True,1.6666666269302368,0.0,0.0,0.0,0.0,0.0,1.0,0.0,0.0,0.0,0.0,0.0,0.0,0.0,0.0,0.526,23.24266666650772,492.6855573401921,241.39200000000005,56,178312,399999,jul-17-2021_2053
2783,0.0,0.0,0.0,0.0,1,0.0,0.0,0.0,0.0,0.0,0.0,0.0,0.0,inf,0.0,500,400000,0.004999999888241291,30,True,1.6666666269302368,0.3333333432674408,0.0,0.0,0.0,0.0,1.0,0.0,0.0,0.0,0.0,0.0,0.0,0.0,0.0,0.48,21.871999999940396,525.6987271154138,245.82400000000007,56,196872,399999,jul-17-2021_2053
2784,0.0,0.0,0.0,0.0,1,0.0,0.0,0.0,0.0,0.0,0.0,0.0,0.0,inf,0.0,500,400000,0.004999999888241291,30,True,1.6666666269302368,0.6666666865348816,0.0,0.0,0.0,0.0,1.0,0.0,0.0,0.0,0.0,0.0,0.0,0.0,0.0,0.494,22.29666666662693,516.1424333388671,243.91200000000003,57,192837,399999,jul-17-2021_2054
2785,0.0,0.0,0.0,0.0,1,0.0,0.0,0.0,0.0,0.0,0.0,0.0,0.0,inf,0.0,500,400000,0.004999999888241291,30,True,1.6666666269302368,1.0,0.0,0.0,0.0,0.0,1.0,0.0,0.0,0.0,0.0,0.0,0.0,0.0,0.0,0.472,21.48933333325386,524.3401084475952,237.76,60,200730,399999,jul-17-2021_2054
2786,0.0,0.0,0.0,0.0,1,0.0,0.0,0.0,0.0,0.0,0.0,0.0,0.0,inf,0.0,500,400000,0.004999999888241291,30,True,2.0,-1.0,0.0,0.0,0.0,0.0,1.0,0.0,0.0,0.0,0.0,0.0,0.0,0.0,0.0,0.48,21.87,525.9211000000001,246.15200000000004,60,198384,399999,jul-17-2021_2054
2787,0.0,0.0,0.0,0.0,1,0.0,0.0,0.0,0.0,0.0,0.0,0.0,0.0,inf,0.0,500,400000,0.004999999888241291,30,True,2.0,-0.6666666865348816,0.0,0.0,0.0,0.0,1.0,0.0,0.0,0.0,0.0,0.0,0.0,0.0,0.0,0.496,22.39066666662693,515.5762684426211,245.66000000000008,54,192121,399999,jul-17-2021_2055
2788,0.0,0.0,0.0,0.0,1,0.0,0.0,0.0,0.0,0.0,0.0,0.0,0.0,inf,0.0,500,400000,0.004999999888241291,30,True,2.0,-0.3333333432674408,0.0,0.0,0.0,0.0,1.0,0.0,0.0,0.0,0.0,0.0,0.0,0.0,0.0,0.478,21.775333333313466,525.9390804434156,242.50800000000004,59,198896,399999,jul-17-2021_2055
2789,0.0,0.0,0.0,0.0,1,0.0,0.0,0.0,0.0,0.0,0.0,0.0,0.0,inf,0.0,500,400000,0.004999999888241291,30,True,2.0,0.0,0.0,0.0,0.0,0.0,1.0,0.0,0.0,0.0,0.0,0.0,0.0,0.0,0.0,0.488,22.1,518.65,242.37599999999998,59,194238,399999,jul-17-2021_2056
2790,0.0,0.0,0.0,0.0,1,0.0,0.0,0.0,0.0,0.0,0.0,0.0,0.0,inf,0.0,500,400000,0.004999999888241291,30,True,2.0,0.3333333432674408,0.0,0.0,0.0,0.0,1.0,0.0,0.0,0.0,0.0,0.0,0.0,0.0,0.0,0.5,22.544666666686535,515.1835604453897,248.08799999999997,58,188279,399999,jul-17-2021_2056
2791,0.0,0.0,0.0,0.0,1,0.0,0.0,0.0,0.0,0.0,0.0,0.0,0.0,inf,0.0,500,400000,0.004999999888241291,30,True,2.0,0.6666666865348816,0.0,0.0,0.0,0.0,1.0,0.0,0.0,0.0,0.0,0.0,0.0,0.0,0.0,0.508,22.68533333337307,504.6498737795247,241.55999999999995,57,185659,399999,jul-17-2021_2057
2792,0.0,0.0,0.0,0.0,1,0.0,0.0,0.0,0.0,0.0,0.0,0.0,0.0,inf,0.0,500,400000,0.004999999888241291,30,True,2.0,1.0,0.0,0.0,0.0,0.0,1.0,0.0,0.0,0.0,0.0,0.0,0.0,0.0,0.0,0.506,22.674,509.01572400000003,243.03600000000006,58,186305,399999,jul-17-2021_2057
2793,0.0,0.0,0.0,0.0,1,0.0,0.0,0.0,0.0,0.0,0.0,0.0,0.0,inf,0.0,500,400000,0.004999999888241291,30,True,0.0,-1.0,0.0,0.0,0.0,0.0,1.0,0.0,0.0,0.0,0.0,0.0,0.0,0.0,0.0,0.512,23.026,511.94132399999995,255.4559999999999,57,183568,399999,jul-17-2021_2057
2794,0.0,0.0,0.0,0.0,1,0.0,0.0,0.0,0.0,0.0,0.0,0.0,0.0,inf,0.0,500,400000,0.004999999888241291,30,True,0.0,-0.6666666865348816,0.0,0.0,0.0,0.0,1.0,0.0,0.0,0.0,0.0,0.0,0.0,0.0,0.0,0.482,21.98666666662693,525.9607111094941,248.31600000000003,57,195814,399999,jul-17-2021_2058
2795,0.0,0.0,0.0,0.0,1,0.0,0.0,0.0,0.0,0.0,0.0,0.0,0.0,inf,0.0,500,400000,0.004999999888241291,30,True,0.0,-0.3333333432674408,0.0,0.0,0.0,0.0,1.0,0.0,0.0,0.0,0.0,0.0,0.0,0.0,0.0,0.488,22.144,521.743264,245.34799999999996,55,195154,399999,jul-17-2021_2058
2796,0.0,0.0,0.0,0.0,1,0.0,0.0,0.0,0.0,0.0,0.0,0.0,0.0,inf,0.0,500,400000,0.004999999888241291,30,True,0.0,0.0,0.0,0.0,0.0,0.0,1.0,0.0,0.0,0.0,0.0,0.0,0.0,0.0,0.0,0.53,23.364,491.40750399999996,244.308,55,176822,399999,jul-17-2021_2059
2797,0.0,0.0,0.0,0.0,1,0.0,0.0,0.0,0.0,0.0,0.0,0.0,0.0,inf,0.0,500,400000,0.004999999888241291,30,True,0.0,0.3333333432674408,0.0,0.0,0.0,0.0,1.0,0.0,0.0,0.0,0.0,0.0,0.0,0.0,0.0,0.484,21.97333333337307,522.5357333353885,244.38799999999992,56,197160,399999,jul-17-2021_2059
2798,0.0,0.0,0.0,0.0,1,0.0,0.0,0.0,0.0,0.0,0.0,0.0,0.0,inf,0.0,500,400000,0.004999999888241291,30,True,0.0,0.6666666865348816,0.0,0.0,0.0,0.0,1.0,0.0,0.0,0.0,0.0,0.0,0.0,0.0,0.0,0.522,23.22,502.0835999999999,249.61200000000008,59,180784,399999,jul-17-2021_2100
2799,0.0,0.0,0.0,0.0,1,0.0,0.0,0.0,0.0,0.0,0.0,0.0,0.0,inf,0.0,500,400000,0.004999999888241291,30,True,0.0,1.0,0.0,0.0,0.0,0.0,1.0,0.0,0.0,0.0,0.0,0.0,0.0,0.0,0.0,0.524,23.23,498.4931,247.25600000000009,55,179102,399999,jul-17-2021_2100
2800,0.0,0.0,0.0,0.0,1,0.0,0.0,0.0,0.0,0.0,0.0,0.0,0.0,inf,0.0,500,400000,0.004999999888241291,30,True,0.3333333432674408,-1.0,0.0,0.0,0.0,0.0,1.0,0.0,0.0,0.0,0.0,0.0,0.0,0.0,0.0,0.492,22.310666666686537,521.3403751102377,250.0719999999999,57,191617,399999,jul-17-2021_2100
2801,0.0,0.0,0.0,0.0,1,0.0,0.0,0.0,0.0,0.0,0.0,0.0,0.0,inf,0.0,500,400000,0.004999999888241291,30,True,0.3333333432674408,-0.6666666865348816,0.0,0.0,0.0,0.0,1.0,0.0,0.0,0.0,0.0,0.0,0.0,0.0,0.0,0.512,22.951333333313464,509.31740933049684,249.74,57,183616,399999,jul-17-2021_2101
2802,0.0,0.0,0.0,0.0,1,0.0,0.0,0.0,0.0,0.0,0.0,0.0,0.0,inf,0.0,500,400000,0.004999999888241291,30,True,0.3333333432674408,-0.3333333432674408,0.0,0.0,0.0,0.0,1.0,0.0,0.0,0.0,0.0,0.0,0.0,0.0,0.0,0.498,22.5,518.5931111093097,251.10400000000004,59,189721,399999,jul-17-2021_2101
2803,0.0,0.0,0.0,0.0,1,0.0,0.0,0.0,0.0,0.0,0.0,0.0,0.0,inf,0.0,500,400000,0.004999999888241291,30,True,0.3333333432674408,0.0,0.0,0.0,0.0,0.0,1.0,0.0,0.0,0.0,0.0,0.0,0.0,0.0,0.0,0.492,22.352666666686535,521.6665151102362,248.63599999999997,56,191580,399999,jul-17-2021_2102
2804,0.0,0.0,0.0,0.0,1,0.0,0.0,0.0,0.0,0.0,0.0,0.0,0.0,inf,0.0,500,400000,0.004999999888241291,30,True,0.3333333432674408,0.3333333432674408,0.0,0.0,0.0,0.0,1.0,0.0,0.0,0.0,0.0,0.0,0.0,0.0,0.0,0.514,23.06933333337307,510.5263039998621,254.74800000000005,57,183666,399999,jul-17-2021_2102
2805,0.0,0.0,0.0,0.0,1,0.0,0.0,0.0,0.0,0.0,0.0,0.0,0.0,inf,0.0,500,400000,0.004999999888241291,30,True,0.3333333432674408,0.6666666865348816,0.0,0.0,0.0,0.0,1.0,0.0,0.0,0.0,0.0,0.0,0.0,0.0,0.0,0.496,22.338000000059605,512.8042004458214,243.56799999999998,59,190244,399999,jul-17-2021_2103
2806,0.0,0.0,0.0,0.0,1,0.0,0.0,0.0,0.0,0.0,0.0,0.0,0.0,inf,0.0,500,400000,0.004999999888241291,30,True,0.3333333432674408,1.0,0.0,0.0,0.0,0.0,1.0,0.0,0.0,0.0,0.0,0.0,0.0,0.0,0.0,0.49,22.250666666686534,522.7460551102401,248.50800000000004,54,194054,399999,jul-17-2021_2103
2807,0.0,0.0,0.0,0.0,1,0.0,0.0,0.0,0.0,0.0,0.0,0.0,0.0,inf,0.0,500,400000,0.004999999888241291,30,True,0.6666666865348816,-1.0,0.0,0.0,0.0,0.0,1.0,0.0,0.0,0.0,0.0,0.0,0.0,0.0,0.0,0.5,22.48333333337307,513.3986111093773,244.22800000000007,58,188820,399999,jul-17-2021_2104
2808,0.0,0.0,0.0,0.0,1,0.0,0.0,0.0,0.0,0.0,0.0,0.0,0.0,inf,0.0,500,400000,0.004999999888241291,30,True,0.6666666865348816,-0.6666666865348816,0.0,0.0,0.0,0.0,1.0,0.0,0.0,0.0,0.0,0.0,0.0,0.0,0.0,0.48,21.92,527.1953777745459,247.2360000000001,59,196361,399999,jul-17-2021_2104
2809,0.0,0.0,0.0,0.0,1,0.0,0.0,0.0,0.0,0.0,0.0,0.0,0.0,inf,0.0,500,400000,0.004999999888241291,30,True,0.6666666865348816,-0.3333333432674408,0.0,0.0,0.0,0.0,1.0,0.0,0.0,0.0,0.0,0.0,0.0,0.0,0.0,0.54,23.652,484.2788960000001,243.63200000000006,54,173755,399999,jul-17-2021_2104
2810,0.0,0.0,0.0,0.0,1,0.0,0.0,0.0,0.0,0.0,0.0,0.0,0.0,inf,0.0,500,400000,0.004999999888241291,30,True,0.6666666865348816,0.0,0.0,0.0,0.0,0.0,1.0,0.0,0.0,0.0,0.0,0.0,0.0,0.0,0.0,0.42,19.85466666674614,551.7179893302836,240.76,62,222863,399999,jul-17-2021_2105
2811,0.0,0.0,0.0,0.0,1,0.0,0.0,0.0,0.0,0.0,0.0,0.0,0.0,inf,0.0,500,400000,0.004999999888241291,30,True,0.6666666865348816,0.3333333432674408,0.0,0.0,0.0,0.0,1.0,0.0,0.0,0.0,0.0,0.0,0.0,0.0,0.0,0.522,23.098000000059606,496.23817377695815,243.5719999999999,55,179552,399999,jul-17-2021_2105
2812,0.0,0.0,0.0,0.0,1,0.0,0.0,0.0,0.0,0.0,0.0,0.0,0.0,inf,0.0,500,400000,0.004999999888241291,30,True,0.6666666865348816,0.6666666865348816,0.0,0.0,0.0,0.0,1.0,0.0,0.0,0.0,0.0,0.0,0.0,0.0,0.0,0.498,22.468,516.312976,247.144,58,191075,399999,jul-17-2021_2106
2813,0.0,0.0,0.0,0.0,1,0.0,0.0,0.0,0.0,0.0,0.0,0.0,0.0,inf,0.0,500,400000,0.004999999888241291,30,True,0.6666666865348816,1.0,0.0,0.0,0.0,0.0,1.0,0.0,0.0,0.0,0.0,0.0,0.0,0.0,0.0,0.514,22.803333333373068,497.8148777760185,236.1959999999999,54,182893,399999,jul-17-2021_2106
2814,0.0,0.0,0.0,0.0,1,0.0,0.0,0.0,0.0,0.0,0.0,0.0,0.0,inf,0.0,500,400000,0.004999999888241291,30,True,1.0,-1.0,0.0,0.0,0.0,0.0,1.0,0.0,0.0,0.0,0.0,0.0,0.0,0.0,0.0,0.472,21.668,531.261776,246.65599999999995,57,200665,399999,jul-17-2021_2107
2815,0.0,0.0,0.0,0.0,1,0.0,0.0,0.0,0.0,0.0,0.0,0.0,0.0,inf,0.0,500,400000,0.004999999888241291,30,True,1.0,-0.6666666865348816,0.0,0.0,0.0,0.0,1.0,0.0,0.0,0.0,0.0,0.0,0.0,0.0,0.0,0.518,23.04866666662693,501.22585377608624,243.3040000000001,55,181790,399999,jul-17-2021_2107
2816,0.0,0.0,0.0,0.0,1,0.0,0.0,0.0,0.0,0.0,0.0,0.0,0.0,inf,0.0,500,400000,0.004999999888241291,30,True,1.0,-0.3333333432674408,0.0,0.0,0.0,0.0,1.0,0.0,0.0,0.0,0.0,0.0,0.0,0.0,0.0,0.49,22.161333333313465,518.7521937767245,243.98399999999992,56,193529,399999,jul-17-2021_2107
2817,0.0,0.0,0.0,0.0,1,0.0,0.0,0.0,0.0,0.0,0.0,0.0,0.0,inf,0.0,500,400000,0.004999999888241291,30,True,1.0,0.0,0.0,0.0,0.0,0.0,1.0,0.0,0.0,0.0,0.0,0.0,0.0,0.0,0.0,0.52,23.078,499.43591599999996,242.84400000000005,55,180760,399999,jul-17-2021_2108
2818,0.0,0.0,0.0,0.0,1,0.0,0.0,0.0,0.0,0.0,0.0,0.0,0.0,inf,0.0,500,400000,0.004999999888241291,30,True,1.0,0.3333333432674408,0.0,0.0,0.0,0.0,1.0,0.0,0.0,0.0,0.0,0.0,0.0,0.0,0.0,0.536,23.604,490.47918400000003,246.84400000000005,56,174558,399999,jul-17-2021_2108
2819,0.0,0.0,0.0,0.0,1,0.0,0.0,0.0,0.0,0.0,0.0,0.0,0.0,inf,0.0,500,400000,0.004999999888241291,30,True,1.0,0.6666666865348816,0.0,0.0,0.0,0.0,1.0,0.0,0.0,0.0,0.0,0.0,0.0,0.0,0.0,0.488,22.26733333337307,528.0340884462245,252.70800000000008,58,195417,399999,jul-17-2021_2109
2820,0.0,0.0,0.0,0.0,1,0.0,0.0,0.0,0.0,0.0,0.0,0.0,0.0,inf,0.0,500,400000,0.004999999888241291,30,True,1.0,1.0,0.0,0.0,0.0,0.0,1.0,0.0,0.0,0.0,0.0,0.0,0.0,0.0,0.0,0.516,23.076,506.63022400000006,250.808,55,181306,399999,jul-17-2021_2109
2821,0.0,0.0,0.0,0.0,1,0.0,0.0,0.0,0.0,0.0,0.0,0.0,0.0,inf,0.0,500,400000,0.004999999888241291,30,True,1.3333333730697632,-1.0,0.0,0.0,0.0,0.0,1.0,0.0,0.0,0.0,0.0,0.0,0.0,0.0,0.0,0.51,22.81666666674614,507.27727777436314,247.23199999999997,56,185034,399999,jul-17-2021_2109
2822,0.0,0.0,0.0,0.0,1,0.0,0.0,0.0,0.0,0.0,0.0,0.0,0.0,inf,0.0,500,400000,0.004999999888241291,30,True,1.3333333730697632,-0.6666666865348816,0.0,0.0,0.0,0.0,1.0,0.0,0.0,0.0,0.0,0.0,0.0,0.0,0.0,0.478,21.86533333337307,528.2076426616176,247.16000000000008,55,197066,399999,jul-17-2021_2110
2823,0.0,0.0,0.0,0.0,1,0.0,0.0,0.0,0.0,0.0,0.0,0.0,0.0,inf,0.0,500,400000,0.004999999888241291,30,True,1.3333333730697632,-0.3333333432674408,0.0,0.0,0.0,0.0,1.0,0.0,0.0,0.0,0.0,0.0,0.0,0.0,0.0,0.49,22.174000000059603,518.0241684403176,244.7840000000001,56,192317,399999,jul-17-2021_2110
2824,0.0,0.0,0.0,0.0,1,0.0,0.0,0.0,0.0,0.0,0.0,0.0,0.0,inf,0.0,500,400000,0.004999999888241291,30,True,1.3333333730697632,0.0,0.0,0.0,0.0,0.0,1.0,0.0,0.0,0.0,0.0,0.0,0.0,0.0,0.0,0.53,23.436,493.529904,246.76,56,177388,399999,jul-17-2021_2111
2825,0.0,0.0,0.0,0.0,1,0.0,0.0,0.0,0.0,0.0,0.0,0.0,0.0,inf,0.0,500,400000,0.004999999888241291,30,True,1.3333333730697632,0.3333333432674408,0.0,0.0,0.0,0.0,1.0,0.0,0.0,0.0,0.0,0.0,0.0,0.0,0.0,0.472,21.794000000298023,536.7768973263832,255.91200000000003,59,199720,399999,jul-17-2021_2111
2826,0.0,0.0,0.0,0.0,1,0.0,0.0,0.0,0.0,0.0,0.0,0.0,0.0,inf,0.0,500,400000,0.004999999888241291,30,True,1.3333333730697632,0.6666666865348816,0.0,0.0,0.0,0.0,1.0,0.0,0.0,0.0,0.0,0.0,0.0,0.0,0.0,0.508,22.756000000119208,507.5075751098448,245.23199999999997,55,184955,399999,jul-17-2021_2112
2827,0.0,0.0,0.0,0.0,1,0.0,0.0,0.0,0.0,0.0,0.0,0.0,0.0,inf,0.0,500,400000,0.004999999888241291,30,True,1.3333333730697632,1.0,0.0,0.0,0.0,0.0,1.0,0.0,0.0,0.0,0.0,0.0,0.0,0.0,0.0,0.498,22.30466666674614,508.6394004411112,238.94399999999996,57,191522,399999,jul-17-2021_2112
2828,0.0,0.0,0.0,0.0,1,0.0,0.0,0.0,0.0,0.0,0.0,0.0,0.0,inf,0.0,500,400000,0.004999999888241291,30,True,1.6666666269302368,-1.0,0.0,0.0,0.0,0.0,1.0,0.0,0.0,0.0,0.0,0.0,0.0,0.0,0.0,0.52,23.116,500.11054400000006,245.18000000000006,55,182076,399999,jul-17-2021_2112
2829,0.0,0.0,0.0,0.0,1,0.0,0.0,0.0,0.0,0.0,0.0,0.0,0.0,inf,0.0,500,400000,0.004999999888241291,30,True,1.6666666269302368,-0.6666666865348816,0.0,0.0,0.0,0.0,1.0,0.0,0.0,0.0,0.0,0.0,0.0,0.0,0.0,0.546,23.836,479.93710400000003,242.37599999999998,56,171330,399999,jul-17-2021_2113
2830,0.0,0.0,0.0,0.0,1,0.0,0.0,0.0,0.0,0.0,0.0,0.0,0.0,inf,0.0,500,400000,0.004999999888241291,30,True,1.6666666269302368,-0.3333333432674408,0.0,0.0,0.0,0.0,1.0,0.0,0.0,0.0,0.0,0.0,0.0,0.0,0.0,0.468,21.539999999701976,533.2724000062028,246.6400000000001,58,202016,399999,jul-17-2021_2113
2831,0.0,0.0,0.0,0.0,1,0.0,0.0,0.0,0.0,0.0,0.0,0.0,0.0,inf,0.0,500,400000,0.004999999888241291,30,True,1.6666666269302368,0.0,0.0,0.0,0.0,0.0,1.0,0.0,0.0,0.0,0.0,0.0,0.0,0.0,0.0,0.486,22.24,529.9703999999999,255.2159999999999,60,195143,399999,jul-17-2021_2114
2832,0.0,0.0,0.0,0.0,1,0.0,0.0,0.0,0.0,0.0,0.0,0.0,0.0,inf,0.0,500,400000,0.004999999888241291,30,True,1.6666666269302368,0.3333333432674408,0.0,0.0,0.0,0.0,1.0,0.0,0.0,0.0,0.0,0.0,0.0,0.0,0.0,0.544,23.892,484.724336,247.3520000000001,56,172245,399999,jul-17-2021_2114
2833,0.0,0.0,0.0,0.0,1,0.0,0.0,0.0,0.0,0.0,0.0,0.0,0.0,inf,0.0,500,400000,0.004999999888241291,30,True,1.6666666269302368,0.6666666865348816,0.0,0.0,0.0,0.0,1.0,0.0,0.0,0.0,0.0,0.0,0.0,0.0,0.0,0.478,21.87266666662693,530.6795640054205,248.692,59,199371,399999,jul-17-2021_2115
2834,0.0,0.0,0.0,0.0,1,0.0,0.0,0.0,0.0,0.0,0.0,0.0,0.0,inf,0.0,500,400000,0.004999999888241291,30,True,1.6666666269302368,1.0,0.0,0.0,0.0,0.0,1.0,0.0,0.0,0.0,0.0,0.0,0.0,0.0,0.0,0.546,23.95333333325386,484.0373777813201,251.048,56,170958,399999,jul-17-2021_2115
2835,0.0,0.0,0.0,0.0,1,0.0,0.0,0.0,0.0,0.0,0.0,0.0,0.0,inf,0.0,500,400000,0.004999999888241291,30,True,2.0,-1.0,0.0,0.0,0.0,0.0,1.0,0.0,0.0,0.0,0.0,0.0,0.0,0.0,0.0,0.484,21.884,516.634544,235.01199999999994,56,195294,399999,jul-17-2021_2115
2836,0.0,0.0,0.0,0.0,1,0.0,0.0,0.0,0.0,0.0,0.0,0.0,0.0,inf,0.0,500,400000,0.004999999888241291,30,True,2.0,-0.6666666865348816,0.0,0.0,0.0,0.0,1.0,0.0,0.0,0.0,0.0,0.0,0.0,0.0,0.0,0.506,22.58666666662693,505.9060444425573,239.55600000000004,57,186704,399999,jul-17-2021_2116
2837,0.0,0.0,0.0,0.0,1,0.0,0.0,0.0,0.0,0.0,0.0,0.0,0.0,inf,0.0,500,400000,0.004999999888241291,30,True,2.0,-0.3333333432674408,0.0,0.0,0.0,0.0,1.0,0.0,0.0,0.0,0.0,0.0,0.0,0.0,0.0,0.532,23.423333333313465,489.49967777717205,242.22000000000003,57,176404,399999,jul-17-2021_2116
2838,0.0,0.0,0.0,0.0,1,0.0,0.0,0.0,0.0,0.0,0.0,0.0,0.0,inf,0.0,500,400000,0.004999999888241291,30,True,2.0,0.0,0.0,0.0,0.0,0.0,1.0,0.0,0.0,0.0,0.0,0.0,0.0,0.0,0.0,0.484,22.004,522.551984,245.70000000000005,55,195217,399999,jul-17-2021_2117
2839,0.0,0.0,0.0,0.0,1,0.0,0.0,0.0,0.0,0.0,0.0,0.0,0.0,inf,0.0,500,400000,0.004999999888241291,30,True,2.0,0.3333333432674408,0.0,0.0,0.0,0.0,1.0,0.0,0.0,0.0,0.0,0.0,0.0,0.0,0.0,0.51,22.792666666686536,506.30390177871317,243.9559999999999,54,185054,399999,jul-17-2021_2117
2840,0.0,0.0,0.0,0.0,1,0.0,0.0,0.0,0.0,0.0,0.0,0.0,0.0,inf,0.0,500,400000,0.004999999888241291,30,True,2.0,0.6666666865348816,0.0,0.0,0.0,0.0,1.0,0.0,0.0,0.0,0.0,0.0,0.0,0.0,0.0,0.506,22.68933333337307,509.1803751130961,245.11599999999999,60,186373,399999,jul-17-2021_2117
2841,0.0,0.0,0.0,0.0,1,0.0,0.0,0.0,0.0,0.0,0.0,0.0,0.0,inf,0.0,500,400000,0.004999999888241291,30,True,2.0,1.0,0.0,0.0,0.0,0.0,1.0,0.0,0.0,0.0,0.0,0.0,0.0,0.0,0.0,0.512,22.962,509.268556,250.58799999999997,56,184471,399999,jul-17-2021_2118
2842,0.0,0.0,0.0,0.0,1,0.0,0.0,0.0,0.0,0.0,0.0,0.0,0.0,inf,0.0,500,400000,0.004999999888241291,30,True,0.0,-1.0,0.0,0.0,0.0,0.0,1.0,0.0,0.0,0.0,0.0,0.0,0.0,0.0,0.0,0.492,22.284,520.891344,249.87200000000007,57,192653,399999,jul-17-2021_2118
2843,0.0,0.0,0.0,0.0,1,0.0,0.0,0.0,0.0,0.0,0.0,0.0,0.0,inf,0.0,500,400000,0.004999999888241291,30,True,0.0,-0.6666666865348816,0.0,0.0,0.0,0.0,1.0,0.0,0.0,0.0,0.0,0.0,0.0,0.0,0.0,0.464,21.44533333325386,539.0687893289006,251.5440000000001,58,203634,399999,jul-17-2021_2119
2844,0.0,0.0,0.0,0.0,1,0.0,0.0,0.0,0.0,0.0,0.0,0.0,0.0,inf,0.0,500,400000,0.004999999888241291,30,True,0.0,-0.3333333432674408,0.0,0.0,0.0,0.0,1.0,0.0,0.0,0.0,0.0,0.0,0.0,0.0,0.0,0.52,23.077999999940396,498.2572493311969,242.82400000000007,55,180307,399999,jul-17-2021_2119
2845,0.0,0.0,0.0,0.0,1,0.0,0.0,0.0,0.0,0.0,0.0,0.0,0.0,inf,0.0,500,400000,0.004999999888241291,30,True,0.0,0.0,0.0,0.0,0.0,0.0,1.0,0.0,0.0,0.0,0.0,0.0,0.0,0.0,0.0,0.554,24.104,474.621184,244.46399999999994,58,166966,399999,jul-17-2021_2120
2846,0.0,0.0,0.0,0.0,1,0.0,0.0,0.0,0.0,0.0,0.0,0.0,0.0,inf,0.0,500,400000,0.004999999888241291,30,True,0.0,0.3333333432674408,0.0,0.0,0.0,0.0,1.0,0.0,0.0,0.0,0.0,0.0,0.0,0.0,0.0,0.482,21.920666666686536,523.6965951120415,243.03600000000006,56,197839,399999,jul-17-2021_2120
2847,0.0,0.0,0.0,0.0,1,0.0,0.0,0.0,0.0,0.0,0.0,0.0,0.0,inf,0.0,500,400000,0.004999999888241291,30,True,0.0,0.6666666865348816,0.0,0.0,0.0,0.0,1.0,0.0,0.0,0.0,0.0,0.0,0.0,0.0,0.0,0.502,22.6,513.6840000000001,246.63599999999997,55,189479,399999,jul-17-2021_2121
2848,0.0,0.0,0.0,0.0,1,0.0,0.0,0.0,0.0,0.0,0.0,0.0,0.0,inf,0.0,500,400000,0.004999999888241291,30,True,0.0,1.0,0.0,0.0,0.0,0.0,1.0,0.0,0.0,0.0,0.0,0.0,0.0,0.0,0.0,0.49,22.268,522.932176,249.67200000000003,55,194268,399999,jul-17-2021_2121
2849,0.0,0.0,0.0,0.0,1,0.0,0.0,0.0,0.0,0.0,0.0,0.0,0.0,inf,0.0,500,400000,0.004999999888241291,30,True,0.3333333432674408,-1.0,0.0,0.0,0.0,0.0,1.0,0.0,0.0,0.0,0.0,0.0,0.0,0.0,0.0,0.486,22.06133333337307,521.9340159982731,245.26,56,194345,399999,jul-17-2021_2121
2850,0.0,0.0,0.0,0.0,1,0.0,0.0,0.0,0.0,0.0,0.0,0.0,0.0,inf,0.0,500,400000,0.004999999888241291,30,True,0.3333333432674408,-0.6666666865348816,0.0,0.0,0.0,0.0,1.0,0.0,0.0,0.0,0.0,0.0,0.0,0.0,0.0,0.476,21.707333333313464,525.4567906642577,241.4280000000001,56,198110,399999,jul-17-2021_2122
2851,0.0,0.0,0.0,0.0,1,0.0,0.0,0.0,0.0,0.0,0.0,0.0,0.0,inf,0.0,500,400000,0.004999999888241291,30,True,0.3333333432674408,-0.3333333432674408,0.0,0.0,0.0,0.0,1.0,0.0,0.0,0.0,0.0,0.0,0.0,0.0,0.0,0.53,23.324,488.7359128853656,240.24,55,176251,399999,jul-17-2021_2122
2852,0.0,0.0,0.0,0.0,1,0.0,0.0,0.0,0.0,0.0,0.0,0.0,0.0,inf,0.0,500,400000,0.004999999888241291,30,True,0.3333333432674408,0.0,0.0,0.0,0.0,0.0,1.0,0.0,0.0,0.0,0.0,0.0,0.0,0.0,0.0,0.46,21.18133333337307,533.8715626650097,242.7159999999999,56,206105,399999,jul-17-2021_2123
2853,0.0,0.0,0.0,0.0,1,0.0,0.0,0.0,0.0,0.0,0.0,0.0,0.0,inf,0.0,500,400000,0.004999999888241291,30,True,0.3333333432674408,0.3333333432674408,0.0,0.0,0.0,0.0,1.0,0.0,0.0,0.0,0.0,0.0,0.0,0.0,0.0,0.492,22.28666666674614,520.1307111117145,246.61200000000008,56,193123,399999,jul-17-2021_2123
2854,0.0,0.0,0.0,0.0,1,0.0,0.0,0.0,0.0,0.0,0.0,0.0,0.0,inf,0.0,500,400000,0.004999999888241291,30,True,0.3333333432674408,0.6666666865348816,0.0,0.0,0.0,0.0,1.0,0.0,0.0,0.0,0.0,0.0,0.0,0.0,0.0,0.452,20.984,540.5797439999999,244.20000000000005,57,209270,399999,jul-17-2021_2124
2855,0.0,0.0,0.0,0.0,1,0.0,0.0,0.0,0.0,0.0,0.0,0.0,0.0,inf,0.0,500,400000,0.004999999888241291,30,True,0.3333333432674408,1.0,0.0,0.0,0.0,0.0,1.0,0.0,0.0,0.0,0.0,0.0,0.0,0.0,0.0,0.488,22.174666666686534,521.6623804435765,245.18399999999997,56,193409,399999,jul-17-2021_2124
2856,0.0,0.0,0.0,0.0,1,0.0,0.0,0.0,0.0,0.0,0.0,0.0,0.0,inf,0.0,500,400000,0.004999999888241291,30,True,0.6666666865348816,-1.0,0.0,0.0,0.0,0.0,1.0,0.0,0.0,0.0,0.0,0.0,0.0,0.0,0.0,0.516,22.972,502.13521600000007,244.51600000000008,55,184275,399999,jul-17-2021_2125
2857,0.0,0.0,0.0,0.0,1,0.0,0.0,0.0,0.0,0.0,0.0,0.0,0.0,inf,0.0,500,400000,0.004999999888241291,30,True,0.6666666865348816,-0.6666666865348816,0.0,0.0,0.0,0.0,1.0,0.0,0.0,0.0,0.0,0.0,0.0,0.0,0.0,0.536,23.488,483.8716337743075,239.1479999999999,55,173721,399999,jul-17-2021_2125
2858,0.0,0.0,0.0,0.0,1,0.0,0.0,0.0,0.0,0.0,0.0,0.0,0.0,inf,0.0,500,400000,0.004999999888241291,30,True,0.6666666865348816,-0.3333333432674408,0.0,0.0,0.0,0.0,1.0,0.0,0.0,0.0,0.0,0.0,0.0,0.0,0.0,0.518,22.966000000059605,499.1128439921759,243.0999999999999,55,181424,399999,jul-17-2021_2125
2859,0.0,0.0,0.0,0.0,1,0.0,0.0,0.0,0.0,0.0,0.0,0.0,0.0,inf,0.0,500,400000,0.004999999888241291,30,True,0.6666666865348816,0.0,0.0,0.0,0.0,0.0,1.0,0.0,0.0,0.0,0.0,0.0,0.0,0.0,0.0,0.498,22.57333333337307,520.7535111093703,254.1880000000001,55,189725,399999,jul-17-2021_2126
2860,0.0,0.0,0.0,0.0,1,0.0,0.0,0.0,0.0,0.0,0.0,0.0,0.0,inf,0.0,500,400000,0.004999999888241291,30,True,0.6666666865348816,0.3333333432674408,0.0,0.0,0.0,0.0,1.0,0.0,0.0,0.0,0.0,0.0,0.0,0.0,0.0,0.466,21.420000000238417,532.9373777754979,245.56400000000008,55,202697,399999,jul-17-2021_2126
2861,0.0,0.0,0.0,0.0,1,0.0,0.0,0.0,0.0,0.0,0.0,0.0,0.0,inf,0.0,500,400000,0.004999999888241291,30,True,0.6666666865348816,0.6666666865348816,0.0,0.0,0.0,0.0,1.0,0.0,0.0,0.0,0.0,0.0,0.0,0.0,0.0,0.506,22.590666666746138,505.87289066691716,241.96000000000004,59,188328,399999,jul-17-2021_2127
2862,0.0,0.0,0.0,0.0,1,0.0,0.0,0.0,0.0,0.0,0.0,0.0,0.0,inf,0.0,500,400000,0.004999999888241291,30,True,0.6666666865348816,1.0,0.0,0.0,0.0,0.0,1.0,0.0,0.0,0.0,0.0,0.0,0.0,0.0,0.0,0.484,21.91933333337307,519.0937151094221,239.29999999999995,58,195178,399999,jul-17-2021_2127
2863,0.0,0.0,0.0,0.0,1,0.0,0.0,0.0,0.0,0.0,0.0,0.0,0.0,inf,0.0,500,400000,0.004999999888241291,30,True,1.0,-1.0,0.0,0.0,0.0,0.0,1.0,0.0,0.0,0.0,0.0,0.0,0.0,0.0,0.0,0.466,21.5,536.698,249.34799999999996,58,202684,399999,jul-17-2021_2128
2864,0.0,0.0,0.0,0.0,1,0.0,0.0,0.0,0.0,0.0,0.0,0.0,0.0,inf,0.0,500,400000,0.004999999888241291,30,True,1.0,-0.6666666865348816,0.0,0.0,0.0,0.0,1.0,0.0,0.0,0.0,0.0,0.0,0.0,0.0,0.0,0.494,22.39466666650772,520.126460436755,251.0920000000001,59,191291,399999,jul-17-2021_2128
2865,0.0,0.0,0.0,0.0,1,0.0,0.0,0.0,0.0,0.0,0.0,0.0,0.0,inf,0.0,500,400000,0.004999999888241291,30,True,1.0,-0.3333333432674408,0.0,0.0,0.0,0.0,1.0,0.0,0.0,0.0,0.0,0.0,0.0,0.0,0.0,0.498,22.365333333313465,510.882087110225,240.02800000000002,54,191102,399999,jul-17-2021_2128
2866,0.0,0.0,0.0,0.0,1,0.0,0.0,0.0,0.0,0.0,0.0,0.0,0.0,inf,0.0,500,400000,0.004999999888241291,30,True,1.0,0.0,0.0,0.0,0.0,0.0,1.0,0.0,0.0,0.0,0.0,0.0,0.0,0.0,0.0,0.496,22.328,514.104416,244.0,58,191670,399999,jul-17-2021_2129
2867,0.0,0.0,0.0,0.0,1,0.0,0.0,0.0,0.0,0.0,0.0,0.0,0.0,inf,0.0,500,400000,0.004999999888241291,30,True,1.0,0.3333333432674408,0.0,0.0,0.0,0.0,1.0,0.0,0.0,0.0,0.0,0.0,0.0,0.0,0.0,0.482,22.05733333337307,528.7424906686358,250.9000000000001,56,196212,399999,jul-17-2021_2129
2868,0.0,0.0,0.0,0.0,1,0.0,0.0,0.0,0.0,0.0,0.0,0.0,0.0,inf,0.0,500,400000,0.004999999888241291,30,True,1.0,0.6666666865348816,0.0,0.0,0.0,0.0,1.0,0.0,0.0,0.0,0.0,0.0,0.0,0.0,0.0,0.502,22.69133333337307,517.812947113255,255.91200000000003,56,188637,399999,jul-17-2021_2130
2869,0.0,0.0,0.0,0.0,1,0.0,0.0,0.0,0.0,0.0,0.0,0.0,0.0,inf,0.0,500,400000,0.004999999888241291,30,True,1.0,1.0,0.0,0.0,0.0,0.0,1.0,0.0,0.0,0.0,0.0,0.0,0.0,0.0,0.0,0.5,22.564,515.729904,249.43599999999992,56,188260,399999,jul-17-2021_2130
2870,0.0,0.0,0.0,0.0,1,0.0,0.0,0.0,0.0,0.0,0.0,0.0,0.0,inf,0.0,500,400000,0.004999999888241291,30,True,1.3333333730697632,-1.0,0.0,0.0,0.0,0.0,1.0,0.0,0.0,0.0,0.0,0.0,0.0,0.0,0.0,0.522,23.068,494.26737599999996,238.60799999999995,55,181774,399999,jul-17-2021_2131
2871,0.0,0.0,0.0,0.0,1,0.0,0.0,0.0,0.0,0.0,0.0,0.0,0.0,inf,0.0,500,400000,0.004999999888241291,30,True,1.3333333730697632,-0.6666666865348816,0.0,0.0,0.0,0.0,1.0,0.0,0.0,0.0,0.0,0.0,0.0,0.0,0.0,0.508,22.732,508.168176,246.53999999999996,55,187130,399999,jul-17-2021_2131
2872,0.0,0.0,0.0,0.0,1,0.0,0.0,0.0,0.0,0.0,0.0,0.0,0.0,inf,0.0,500,400000,0.004999999888241291,30,True,1.3333333730697632,-0.3333333432674408,0.0,0.0,0.0,0.0,1.0,0.0,0.0,0.0,0.0,0.0,0.0,0.0,0.0,0.48,21.92400000011921,528.5271128803371,249.20000000000005,58,196391,399999,jul-17-2021_2131
2873,0.0,0.0,0.0,0.0,1,0.0,0.0,0.0,0.0,0.0,0.0,0.0,0.0,inf,0.0,500,400000,0.004999999888241291,30,True,1.3333333730697632,0.0,0.0,0.0,0.0,0.0,1.0,0.0,0.0,0.0,0.0,0.0,0.0,0.0,0.0,0.516,23.10266666674614,508.13434844098424,253.47199999999998,58,183732,399999,jul-17-2021_2132
2874,0.0,0.0,0.0,0.0,1,0.0,0.0,0.0,0.0,0.0,0.0,0.0,0.0,inf,0.0,500,400000,0.004999999888241291,30,True,1.3333333730697632,0.3333333432674408,0.0,0.0,0.0,0.0,1.0,0.0,0.0,0.0,0.0,0.0,0.0,0.0,0.0,0.512,23.024,512.907424,255.02800000000002,55,184945,399999,jul-17-2021_2132
2875,0.0,0.0,0.0,0.0,1,0.0,0.0,0.0,0.0,0.0,0.0,0.0,0.0,inf,0.0,500,400000,0.004999999888241291,30,True,1.3333333730697632,0.6666666865348816,0.0,0.0,0.0,0.0,1.0,0.0,0.0,0.0,0.0,0.0,0.0,0.0,0.0,0.506,22.840000000119208,515.8641777758556,254.74,55,186560,399999,jul-17-2021_2133
2876,0.0,0.0,0.0,0.0,1,0.0,0.0,0.0,0.0,0.0,0.0,0.0,0.0,inf,0.0,500,400000,0.004999999888241291,30,True,1.3333333730697632,1.0,0.0,0.0,0.0,0.0,1.0,0.0,0.0,0.0,0.0,0.0,0.0,0.0,0.0,0.512,22.808666666746138,503.07828044103104,241.48000000000002,59,183691,399999,jul-17-2021_2133
2877,0.0,0.0,0.0,0.0,1,0.0,0.0,0.0,0.0,0.0,0.0,0.0,0.0,inf,0.0,500,400000,0.004999999888241291,30,True,1.6666666269302368,-1.0,0.0,0.0,0.0,0.0,1.0,0.0,0.0,0.0,0.0,0.0,0.0,0.0,0.0,0.5,22.568,517.3933759999999,250.13599999999997,55,190096,399999,jul-17-2021_2133
2878,0.0,0.0,0.0,0.0,1,0.0,0.0,0.0,0.0,0.0,0.0,0.0,0.0,inf,0.0,500,400000,0.004999999888241291,30,True,1.6666666269302368,-0.6666666865348816,0.0,0.0,0.0,0.0,1.0,0.0,0.0,0.0,0.0,0.0,0.0,0.0,0.0,0.502,22.57799999988079,513.1616937795314,249.89599999999996,56,187697,399999,jul-17-2021_2134
2879,0.0,0.0,0.0,0.0,1,0.0,0.0,0.0,0.0,0.0,0.0,0.0,0.0,inf,0.0,500,400000,0.004999999888241291,30,True,1.6666666269302368,-0.3333333432674408,0.0,0.0,0.0,0.0,1.0,0.0,0.0,0.0,0.0,0.0,0.0,0.0,0.0,0.516,22.982666666567326,502.3774773360584,244.66000000000008,56,182627,399999,jul-17-2021_2134
2880,0.0,0.0,0.0,0.0,1,0.0,0.0,0.0,0.0,0.0,0.0,0.0,0.0,inf,0.0,500,400000,0.004999999888241291,30,True,1.6666666269302368,0.0,0.0,0.0,0.0,0.0,1.0,0.0,0.0,0.0,0.0,0.0,0.0,0.0,0.0,0.496,22.31133333325386,512.9339604477258,243.08799999999997,60,191794,399999,jul-17-2021_2135
2881,0.0,0.0,0.0,0.0,1,0.0,0.0,0.0,0.0,0.0,0.0,0.0,0.0,inf,0.0,500,400000,0.004999999888241291,30,True,1.6666666269302368,0.3333333432674408,0.0,0.0,0.0,0.0,1.0,0.0,0.0,0.0,0.0,0.0,0.0,0.0,0.0,0.486,21.983999999940394,518.6428551153081,239.0039999999999,56,196105,399999,jul-17-2021_2135
2882,0.0,0.0,0.0,0.0,1,0.0,0.0,0.0,0.0,0.0,0.0,0.0,0.0,inf,0.0,500,400000,0.004999999888241291,30,True,1.6666666269302368,0.6666666865348816,0.0,0.0,0.0,0.0,1.0,0.0,0.0,0.0,0.0,0.0,0.0,0.0,0.0,0.498,22.54599999988079,518.474550682294,250.96800000000007,57,189797,399999,jul-17-2021_2136
2883,0.0,0.0,0.0,0.0,1,0.0,0.0,0.0,0.0,0.0,0.0,0.0,0.0,inf,0.0,500,400000,0.004999999888241291,30,True,1.6666666269302368,1.0,0.0,0.0,0.0,0.0,1.0,0.0,0.0,0.0,0.0,0.0,0.0,0.0,0.0,0.468,21.396,527.0431840000001,239.18000000000006,57,203822,399999,jul-17-2021_2136
2884,0.0,0.0,0.0,0.0,1,0.0,0.0,0.0,0.0,0.0,0.0,0.0,0.0,inf,0.0,500,400000,0.004999999888241291,30,True,2.0,-1.0,0.0,0.0,0.0,0.0,1.0,0.0,0.0,0.0,0.0,0.0,0.0,0.0,0.0,0.462,21.196,530.581584,239.52800000000002,59,206110,399999,jul-17-2021_2136
2885,0.0,0.0,0.0,0.0,1,0.0,0.0,0.0,0.0,0.0,0.0,0.0,0.0,inf,0.0,500,400000,0.004999999888241291,30,True,2.0,-0.6666666865348816,0.0,0.0,0.0,0.0,1.0,0.0,0.0,0.0,0.0,0.0,0.0,0.0,0.0,0.49,22.23599999988079,520.7643039941753,248.05999999999995,54,192781,399999,jul-17-2021_2137
2886,0.0,0.0,0.0,0.0,1,0.0,0.0,0.0,0.0,0.0,0.0,0.0,0.0,inf,0.0,500,400000,0.004999999888241291,30,True,2.0,-0.3333333432674408,0.0,0.0,0.0,0.0,1.0,0.0,0.0,0.0,0.0,0.0,0.0,0.0,0.0,0.512,22.776,501.613824,239.76,54,185290,399999,jul-17-2021_2137
2887,0.0,0.0,0.0,0.0,1,0.0,0.0,0.0,0.0,0.0,0.0,0.0,0.0,inf,0.0,500,400000,0.004999999888241291,30,True,2.0,0.0,0.0,0.0,0.0,0.0,1.0,0.0,0.0,0.0,0.0,0.0,0.0,0.0,0.0,0.494,22.36,519.8024,249.836,59,192698,399999,jul-17-2021_2138
2888,0.0,0.0,0.0,0.0,1,0.0,0.0,0.0,0.0,0.0,0.0,0.0,0.0,inf,0.0,500,400000,0.004999999888241291,30,True,2.0,0.3333333432674408,0.0,0.0,0.0,0.0,1.0,0.0,0.0,0.0,0.0,0.0,0.0,0.0,0.0,0.522,23.224,502.34582399999994,248.9559999999999,58,180944,399999,jul-17-2021_2138
2889,0.0,0.0,0.0,0.0,1,0.0,0.0,0.0,0.0,0.0,0.0,0.0,0.0,inf,0.0,500,400000,0.004999999888241291,30,True,2.0,0.6666666865348816,0.0,0.0,0.0,0.0,1.0,0.0,0.0,0.0,0.0,0.0,0.0,0.0,0.0,0.492,22.24266666674614,517.473557336818,243.81600000000003,58,191989,399999,jul-17-2021_2139
2890,0.0,0.0,0.0,0.0,1,0.0,0.0,0.0,0.0,0.0,0.0,0.0,0.0,inf,0.0,500,400000,0.004999999888241291,30,True,2.0,1.0,0.0,0.0,0.0,0.0,1.0,0.0,0.0,0.0,0.0,0.0,0.0,0.0,0.0,0.49,22.124,516.9806239999999,244.2639999999999,55,194459,399999,jul-17-2021_2139
2891,0.0,0.0,0.0,0.0,1,0.0,0.0,0.0,0.0,0.0,0.0,0.0,0.0,inf,0.0,500,400000,0.004999999888241291,30,True,0.0,-1.0,0.0,0.0,0.0,0.0,1.0,0.0,0.0,0.0,0.0,0.0,0.0,0.0,0.0,0.494,22.222,513.852716,240.58400000000006,57,192839,399999,jul-17-2021_2139
2892,0.0,0.0,0.0,0.0,1,0.0,0.0,0.0,0.0,0.0,0.0,0.0,0.0,inf,0.0,500,400000,0.004999999888241291,30,True,0.0,-0.6666666865348816,0.0,0.0,0.0,0.0,1.0,0.0,0.0,0.0,0.0,0.0,0.0,0.0,0.0,0.508,22.61866666662693,502.6101404428777,237.11200000000008,56,185939,399999,jul-17-2021_2140
2893,0.0,0.0,0.0,0.0,1,0.0,0.0,0.0,0.0,0.0,0.0,0.0,0.0,inf,0.0,500,400000,0.004999999888241291,30,True,0.0,-0.3333333432674408,0.0,0.0,0.0,0.0,1.0,0.0,0.0,0.0,0.0,0.0,0.0,0.0,0.0,0.522,23.079333333313464,494.28726177688037,241.3520000000001,55,180708,399999,jul-17-2021_2140
2894,0.0,0.0,0.0,0.0,1,0.0,0.0,0.0,0.0,0.0,0.0,0.0,0.0,inf,0.0,500,400000,0.004999999888241291,30,True,0.0,0.0,0.0,0.0,0.0,0.0,1.0,0.0,0.0,0.0,0.0,0.0,0.0,0.0,0.0,0.524,23.24,498.90240000000006,247.3520000000001,57,179212,399999,jul-17-2021_2141
2895,0.0,0.0,0.0,0.0,1,0.0,0.0,0.0,0.0,0.0,0.0,0.0,0.0,inf,0.0,500,400000,0.004999999888241291,30,True,0.0,0.3333333432674408,0.0,0.0,0.0,0.0,1.0,0.0,0.0,0.0,0.0,0.0,0.0,0.0,0.0,0.524,23.124666666686537,492.99268044516805,240.16000000000008,55,180103,399999,jul-17-2021_2141
2896,0.0,0.0,0.0,0.0,1,0.0,0.0,0.0,0.0,0.0,0.0,0.0,0.0,inf,0.0,500,400000,0.004999999888241291,30,True,0.0,0.6666666865348816,0.0,0.0,0.0,0.0,1.0,0.0,0.0,0.0,0.0,0.0,0.0,0.0,0.0,0.466,21.48666666674614,535.5609333374151,246.9480000000001,59,202759,399999,jul-17-2021_2141
2897,0.0,0.0,0.0,0.0,1,0.0,0.0,0.0,0.0,0.0,0.0,0.0,0.0,inf,0.0,500,400000,0.004999999888241291,30,True,0.0,1.0,0.0,0.0,0.0,0.0,1.0,0.0,0.0,0.0,0.0,0.0,0.0,0.0,0.0,0.498,22.376,511.4306240000001,242.856,56,190811,399999,jul-17-2021_2142
2898,0.0,0.0,0.0,0.0,1,0.0,0.0,0.0,0.0,0.0,0.0,0.0,0.0,inf,0.0,500,400000,0.004999999888241291,30,True,0.3333333432674408,-1.0,0.0,0.0,0.0,0.0,1.0,0.0,0.0,0.0,0.0,0.0,0.0,0.0,0.0,0.5,22.54,514.6084,244.308,55,189849,399999,jul-17-2021_2143
2899,0.0,0.0,0.0,0.0,1,0.0,0.0,0.0,0.0,0.0,0.0,0.0,0.0,inf,0.0,500,400000,0.004999999888241291,30,True,0.3333333432674408,-0.6666666865348816,0.0,0.0,0.0,0.0,1.0,0.0,0.0,0.0,0.0,0.0,0.0,0.0,0.0,0.526,23.251333333313465,493.0806093309856,240.01199999999994,53,178414,399999,jul-17-2021_2143
2900,0.0,0.0,0.0,0.0,1,0.0,0.0,0.0,0.0,0.0,0.0,0.0,0.0,inf,0.0,500,400000,0.004999999888241291,30,True,0.3333333432674408,-0.3333333432674408,0.0,0.0,0.0,0.0,1.0,0.0,0.0,0.0,0.0,0.0,0.0,0.0,0.0,0.5,22.412,509.7742559999999,241.27600000000007,57,190110,399999,jul-17-2021_2143
2901,0.0,0.0,0.0,0.0,1,0.0,0.0,0.0,0.0,0.0,0.0,0.0,0.0,inf,0.0,500,400000,0.004999999888241291,30,True,0.3333333432674408,0.0,0.0,0.0,0.0,0.0,1.0,0.0,0.0,0.0,0.0,0.0,0.0,0.0,0.0,0.498,22.468,516.5609759999999,246.55999999999995,55,190297,399999,jul-17-2021_2144
2902,0.0,0.0,0.0,0.0,1,0.0,0.0,0.0,0.0,0.0,0.0,0.0,0.0,inf,0.0,500,400000,0.004999999888241291,30,True,0.3333333432674408,0.3333333432674408,0.0,0.0,0.0,0.0,1.0,0.0,0.0,0.0,0.0,0.0,0.0,0.0,0.0,0.474,21.67200000011921,527.6257493337295,245.9480000000001,57,199226,399999,jul-17-2021_2144
2903,0.0,0.0,0.0,0.0,1,0.0,0.0,0.0,0.0,0.0,0.0,0.0,0.0,inf,0.0,500,400000,0.004999999888241291,30,True,0.3333333432674408,0.6666666865348816,0.0,0.0,0.0,0.0,1.0,0.0,0.0,0.0,0.0,0.0,0.0,0.0,0.0,0.49,22.32000000023842,526.3073777816253,252.77999999999997,56,192678,399999,jul-17-2021_2145
2904,0.0,0.0,0.0,0.0,1,0.0,0.0,0.0,0.0,0.0,0.0,0.0,0.0,inf,0.0,500,400000,0.004999999888241291,30,True,0.3333333432674408,1.0,0.0,0.0,0.0,0.0,1.0,0.0,0.0,0.0,0.0,0.0,0.0,0.0,0.0,0.478,21.764,523.9923040000001,242.41599999999994,58,200059,399999,jul-17-2021_2145
2905,0.0,0.0,0.0,0.0,1,0.0,0.0,0.0,0.0,0.0,0.0,0.0,0.0,inf,0.0,500,400000,0.004999999888241291,30,True,0.6666666865348816,-1.0,0.0,0.0,0.0,0.0,1.0,0.0,0.0,0.0,0.0,0.0,0.0,0.0,0.0,0.45,20.90600000011921,540.3358306618413,245.3320000000001,57,208775,399999,jul-17-2021_2146
2906,0.0,0.0,0.0,0.0,1,0.0,0.0,0.0,0.0,0.0,0.0,0.0,0.0,inf,0.0,500,400000,0.004999999888241291,30,True,0.6666666865348816,-0.6666666865348816,0.0,0.0,0.0,0.0,1.0,0.0,0.0,0.0,0.0,0.0,0.0,0.0,0.0,0.5,22.504,513.893984,247.05600000000004,56,189959,399999,jul-17-2021_2146
2907,0.0,0.0,0.0,0.0,1,0.0,0.0,0.0,0.0,0.0,0.0,0.0,0.0,inf,0.0,500,400000,0.004999999888241291,30,True,0.6666666865348816,-0.3333333432674408,0.0,0.0,0.0,0.0,1.0,0.0,0.0,0.0,0.0,0.0,0.0,0.0,0.0,0.522,23.084,495.94494399999996,242.27199999999993,61,181846,399999,jul-17-2021_2147
2908,0.0,0.0,0.0,0.0,1,0.0,0.0,0.0,0.0,0.0,0.0,0.0,0.0,inf,0.0,500,400000,0.004999999888241291,30,True,0.6666666865348816,0.0,0.0,0.0,0.0,0.0,1.0,0.0,0.0,0.0,0.0,0.0,0.0,0.0,0.0,0.512,22.72666666674614,498.7363999964937,236.53999999999996,54,186496,399999,jul-17-2021_2147
2909,0.0,0.0,0.0,0.0,1,0.0,0.0,0.0,0.0,0.0,0.0,0.0,0.0,inf,0.0,500,400000,0.004999999888241291,30,True,0.6666666865348816,0.3333333432674408,0.0,0.0,0.0,0.0,1.0,0.0,0.0,0.0,0.0,0.0,0.0,0.0,0.0,0.52,23.178000000059605,503.12009377671023,250.68000000000006,57,180422,399999,jul-17-2021_2147
2910,0.0,0.0,0.0,0.0,1,0.0,0.0,0.0,0.0,0.0,0.0,0.0,0.0,inf,0.0,500,400000,0.004999999888241291,30,True,0.6666666865348816,0.6666666865348816,0.0,0.0,0.0,0.0,1.0,0.0,0.0,0.0,0.0,0.0,0.0,0.0,0.0,0.514,22.97066666674614,506.1822506669362,249.8800000000001,55,184090,399999,jul-17-2021_2148
2911,0.0,0.0,0.0,0.0,1,0.0,0.0,0.0,0.0,0.0,0.0,0.0,0.0,inf,0.0,500,400000,0.004999999888241291,30,True,0.6666666865348816,1.0,0.0,0.0,0.0,0.0,1.0,0.0,0.0,0.0,0.0,0.0,0.0,0.0,0.0,0.464,21.37133333337307,533.9570004427991,244.50800000000004,60,205610,399999,jul-17-2021_2148
2912,0.0,0.0,0.0,0.0,1,0.0,0.0,0.0,0.0,0.0,0.0,0.0,0.0,inf,0.0,500,400000,0.004999999888241291,30,True,1.0,-1.0,0.0,0.0,0.0,0.0,1.0,0.0,0.0,0.0,0.0,0.0,0.0,0.0,0.0,0.486,22.136,525.173504,251.15200000000004,56,194676,399999,jul-17-2021_2149
2913,0.0,0.0,0.0,0.0,1,0.0,0.0,0.0,0.0,0.0,0.0,0.0,0.0,inf,0.0,500,400000,0.004999999888241291,30,True,1.0,-0.6666666865348816,0.0,0.0,0.0,0.0,1.0,0.0,0.0,0.0,0.0,0.0,0.0,0.0,0.0,0.454,21.025999999880792,538.2213239943636,245.26800000000003,58,207223,399999,jul-17-2021_2149
2914,0.0,0.0,0.0,0.0,1,0.0,0.0,0.0,0.0,0.0,0.0,0.0,0.0,inf,0.0,500,400000,0.004999999888241291,30,True,1.0,-0.3333333432674408,0.0,0.0,0.0,0.0,1.0,0.0,0.0,0.0,0.0,0.0,0.0,0.0,0.0,0.506,22.785333333313464,513.8041404437339,251.92000000000007,55,185667,399999,jul-17-2021_2150
2915,0.0,0.0,0.0,0.0,1,0.0,0.0,0.0,0.0,0.0,0.0,0.0,0.0,inf,0.0,500,400000,0.004999999888241291,30,True,1.0,0.0,0.0,0.0,0.0,0.0,1.0,0.0,0.0,0.0,0.0,0.0,0.0,0.0,0.0,0.54,23.768,488.93817600000006,249.10400000000004,54,173588,399999,jul-17-2021_2150
2916,0.0,0.0,0.0,0.0,1,0.0,0.0,0.0,0.0,0.0,0.0,0.0,0.0,inf,0.0,500,400000,0.004999999888241291,30,True,1.0,0.3333333432674408,0.0,0.0,0.0,0.0,1.0,0.0,0.0,0.0,0.0,0.0,0.0,0.0,0.0,0.526,23.12133333337307,487.8830560016063,233.27999999999997,54,177406,399999,jul-17-2021_2150
2917,0.0,0.0,0.0,0.0,1,0.0,0.0,0.0,0.0,0.0,0.0,0.0,0.0,inf,0.0,500,400000,0.004999999888241291,30,True,1.0,0.6666666865348816,0.0,0.0,0.0,0.0,1.0,0.0,0.0,0.0,0.0,0.0,0.0,0.0,0.0,0.506,22.688,511.182656,248.41599999999994,57,187789,399999,jul-17-2021_2151
2918,0.0,0.0,0.0,0.0,1,0.0,0.0,0.0,0.0,0.0,0.0,0.0,0.0,inf,0.0,500,400000,0.004999999888241291,30,True,1.0,1.0,0.0,0.0,0.0,0.0,1.0,0.0,0.0,0.0,0.0,0.0,0.0,0.0,0.0,0.512,22.712,499.1250560000001,238.83999999999992,54,184986,399999,jul-17-2021_2151
2919,0.0,0.0,0.0,0.0,1,0.0,0.0,0.0,0.0,0.0,0.0,0.0,0.0,inf,0.0,500,400000,0.004999999888241291,30,True,1.3333333730697632,-1.0,0.0,0.0,0.0,0.0,1.0,0.0,0.0,0.0,0.0,0.0,0.0,0.0,0.0,0.5,22.500666666746138,513.4575551077467,245.38799999999992,56,188168,399999,jul-17-2021_2152
2920,0.0,0.0,0.0,0.0,1,0.0,0.0,0.0,0.0,0.0,0.0,0.0,0.0,inf,0.0,500,400000,0.004999999888241291,30,True,1.3333333730697632,-0.6666666865348816,0.0,0.0,0.0,0.0,1.0,0.0,0.0,0.0,0.0,0.0,0.0,0.0,0.0,0.498,22.53466666674614,517.3616871013835,250.37599999999998,55,189387,399999,jul-17-2021_2152
2921,0.0,0.0,0.0,0.0,1,0.0,0.0,0.0,0.0,0.0,0.0,0.0,0.0,inf,0.0,500,400000,0.004999999888241291,30,True,1.3333333730697632,-0.3333333432674408,0.0,0.0,0.0,0.0,1.0,0.0,0.0,0.0,0.0,0.0,0.0,0.0,0.0,0.506,22.748,512.8244960000001,249.24800000000005,56,188187,399999,jul-17-2021_2153
2922,0.0,0.0,0.0,0.0,1,0.0,0.0,0.0,0.0,0.0,0.0,0.0,0.0,inf,0.0,500,400000,0.004999999888241291,30,True,1.3333333730697632,0.0,0.0,0.0,0.0,0.0,1.0,0.0,0.0,0.0,0.0,0.0,0.0,0.0,0.0,0.494,22.34933333349228,519.534410659986,248.5440000000001,61,191028,399999,jul-17-2021_2153
2923,0.0,0.0,0.0,0.0,1,0.0,0.0,0.0,0.0,0.0,0.0,0.0,0.0,inf,0.0,500,400000,0.004999999888241291,30,True,1.3333333730697632,0.3333333432674408,0.0,0.0,0.0,0.0,1.0,0.0,0.0,0.0,0.0,0.0,0.0,0.0,0.0,0.502,22.779333333432675,521.4150839977656,256.856,55,186676,399999,jul-17-2021_2153
2924,0.0,0.0,0.0,0.0,1,0.0,0.0,0.0,0.0,0.0,0.0,0.0,0.0,inf,0.0,500,400000,0.004999999888241291,30,True,1.3333333730697632,0.6666666865348816,0.0,0.0,0.0,0.0,1.0,0.0,0.0,0.0,0.0,0.0,0.0,0.0,0.0,0.496,22.37200000023842,515.1958382189189,243.20800000000008,55,190278,399999,jul-17-2021_2154
2925,0.0,0.0,0.0,0.0,1,0.0,0.0,0.0,0.0,0.0,0.0,0.0,0.0,inf,0.0,500,400000,0.004999999888241291,30,True,1.3333333730697632,1.0,0.0,0.0,0.0,0.0,1.0,0.0,0.0,0.0,0.0,0.0,0.0,0.0,0.0,0.522,23.07266666674614,494.1056084409891,239.63599999999997,58,179972,399999,jul-17-2021_2154
2926,0.0,0.0,0.0,0.0,1,0.0,0.0,0.0,0.0,0.0,0.0,0.0,0.0,inf,0.0,500,400000,0.004999999888241291,30,True,1.6666666269302368,-1.0,0.0,0.0,0.0,0.0,1.0,0.0,0.0,0.0,0.0,0.0,0.0,0.0,0.0,0.524,23.152,494.244896,240.32400000000007,56,181039,399999,jul-17-2021_2155
2927,0.0,0.0,0.0,0.0,1,0.0,0.0,0.0,0.0,0.0,0.0,0.0,0.0,inf,0.0,500,400000,0.004999999888241291,30,True,1.6666666269302368,-0.6666666865348816,0.0,0.0,0.0,0.0,1.0,0.0,0.0,0.0,0.0,0.0,0.0,0.0,0.0,0.504,22.62999999988079,509.8575444460517,245.44000000000005,57,187044,399999,jul-17-2021_2155
2928,0.0,0.0,0.0,0.0,1,0.0,0.0,0.0,0.0,0.0,0.0,0.0,0.0,inf,0.0,500,400000,0.004999999888241291,30,True,1.6666666269302368,-0.3333333432674408,0.0,0.0,0.0,0.0,1.0,0.0,0.0,0.0,0.0,0.0,0.0,0.0,0.0,0.494,22.250666666567327,514.0309440023016,243.00800000000004,55,192576,399999,jul-17-2021_2155
2929,0.0,0.0,0.0,0.0,1,0.0,0.0,0.0,0.0,0.0,0.0,0.0,0.0,inf,0.0,500,400000,0.004999999888241291,30,True,1.6666666269302368,0.0,0.0,0.0,0.0,0.0,1.0,0.0,0.0,0.0,0.0,0.0,0.0,0.0,0.0,0.508,22.77466666650772,508.82966934004344,246.15200000000004,55,185350,399999,jul-17-2021_2156
2930,0.0,0.0,0.0,0.0,1,0.0,0.0,0.0,0.0,0.0,0.0,0.0,0.0,inf,0.0,500,400000,0.004999999888241291,30,True,1.6666666269302368,0.3333333432674408,0.0,0.0,0.0,0.0,1.0,0.0,0.0,0.0,0.0,0.0,0.0,0.0,0.0,0.524,23.303999999940395,500.92002844895774,250.88799999999992,59,180217,399999,jul-17-2021_2156
2931,0.0,0.0,0.0,0.0,1,0.0,0.0,0.0,0.0,0.0,0.0,0.0,0.0,inf,0.0,500,400000,0.004999999888241291,30,True,1.6666666269302368,0.6666666865348816,0.0,0.0,0.0,0.0,1.0,0.0,0.0,0.0,0.0,0.0,0.0,0.0,0.0,0.494,22.22466666662693,513.1039693379076,239.96000000000004,57,191090,399999,jul-17-2021_2157
2932,0.0,0.0,0.0,0.0,1,0.0,0.0,0.0,0.0,0.0,0.0,0.0,0.0,inf,0.0,500,400000,0.004999999888241291,30,True,1.6666666269302368,1.0,0.0,0.0,0.0,0.0,1.0,0.0,0.0,0.0,0.0,0.0,0.0,0.0,0.0,0.516,22.86,498.19640000000004,238.0519999999999,56,184189,399999,jul-17-2021_2157
2933,0.0,0.0,0.0,0.0,1,0.0,0.0,0.0,0.0,0.0,0.0,0.0,0.0,inf,0.0,500,400000,0.004999999888241291,30,True,2.0,-1.0,0.0,0.0,0.0,0.0,1.0,0.0,0.0,0.0,0.0,0.0,0.0,0.0,0.0,0.498,22.478,516.557516,248.8040000000001,58,189319,399999,jul-17-2021_2158
2934,0.0,0.0,0.0,0.0,1,0.0,0.0,0.0,0.0,0.0,0.0,0.0,0.0,inf,0.0,500,400000,0.004999999888241291,30,True,2.0,-0.6666666865348816,0.0,0.0,0.0,0.0,1.0,0.0,0.0,0.0,0.0,0.0,0.0,0.0,0.0,0.504,22.604,509.047184,242.51199999999994,55,189211,399999,jul-17-2021_2158
2935,0.0,0.0,0.0,0.0,1,0.0,0.0,0.0,0.0,0.0,0.0,0.0,0.0,inf,0.0,500,400000,0.004999999888241291,30,True,2.0,-0.3333333432674408,0.0,0.0,0.0,0.0,1.0,0.0,0.0,0.0,0.0,0.0,0.0,0.0,0.0,0.5,22.615333333313465,518.313587110195,250.36400000000003,56,190201,399999,jul-17-2021_2158
2936,0.0,0.0,0.0,0.0,1,0.0,0.0,0.0,0.0,0.0,0.0,0.0,0.0,inf,0.0,500,400000,0.004999999888241291,30,True,2.0,0.0,0.0,0.0,0.0,0.0,1.0,0.0,0.0,0.0,0.0,0.0,0.0,0.0,0.0,0.502,22.464,506.91270399999996,240.18399999999997,57,188717,399999,jul-17-2021_2159
2937,0.0,0.0,0.0,0.0,1,0.0,0.0,0.0,0.0,0.0,0.0,0.0,0.0,inf,0.0,500,400000,0.004999999888241291,30,True,2.0,0.3333333432674408,0.0,0.0,0.0,0.0,1.0,0.0,0.0,0.0,0.0,0.0,0.0,0.0,0.0,0.524,23.168666666686534,493.0744404452457,240.20800000000008,53,180293,399999,jul-17-2021_2159
2938,0.0,0.0,0.0,0.0,1,0.0,0.0,0.0,0.0,0.0,0.0,0.0,0.0,inf,0.0,500,400000,0.004999999888241291,30,True,2.0,0.6666666865348816,0.0,0.0,0.0,0.0,1.0,0.0,0.0,0.0,0.0,0.0,0.0,0.0,0.0,0.486,22.17333333337307,526.9335111128988,249.42399999999998,58,195561,399999,jul-17-2021_2200
2939,0.0,0.0,0.0,0.0,1,0.0,0.0,0.0,0.0,0.0,0.0,0.0,0.0,inf,0.0,500,400000,0.004999999888241291,30,True,2.0,1.0,0.0,0.0,0.0,0.0,1.0,0.0,0.0,0.0,0.0,0.0,0.0,0.0,0.0,0.538,23.638,487.874956,243.4760000000001,57,174880,399999,jul-17-2021_2200
